0 5 14
0 37 58
300 14 22
300 14 39
300 21 84
300 30 90
300 59 78
600 15 67
600 30 66
600 37 58
600 37 77
600 52 75
600 62 73
600 64 82
600 65 82
900 7 78
900 20 35
900 29 73
900 35 52
900 56 87
900 56 84
900 63 70
900 84 87
1200 28 69
1200 29 70
1200 44 51
1500 28 53
1500 44 51
1800 9 62
1800 77 82
2100 0 24
2100 5 24
2100 39 58
2100 79 88
2400 7 25
2400 7 16
2400 30 66
2400 61 69
2700 29 53
3000 21 28
3000 29 53
3000 67 78
3300 24 45
3300 55 79
3300 69 73
3600 2 10
3600 10 16
3600 10 33
3600 11 84
3600 12 44
3600 24 31
3600 39 51
3600 51 58
3600 58 65
3900 7 84
3900 24 84
3900 27 84
3900 33 84
3900 51 58
4200 22 64
4500 9 29
4500 14 48
4500 53 66
4800 23 30
4800 24 48
5100 9 62
5100 14 24
5100 19 58
5100 21 69
5100 25 79
5100 39 51
5100 51 65
5100 58 72
5100 65 72
5100 66 70
5400 0 14
5400 9 62
5400 12 32
5400 17 51
5400 21 56
5400 24 45
5400 28 62
5400 56 60
5700 6 40
5700 12 44
5700 18 68
5700 28 30
5700 64 77
6000 3 14
6000 3 44
6000 9 73
6000 9 19
6000 9 62
6000 11 44
6000 19 73
6000 29 63
6000 62 73
6000 62 66
6300 9 23
6300 9 73
6300 14 24
6600 3 14
6600 7 88
6600 9 63
6600 9 28
6900 11 58
6900 27 64
6900 28 53
6900 53 70
6900 85 90
7200 12 43
7500 7 58
7500 7 25
7500 21 69
7500 25 58
7500 27 76
7500 28 66
7500 75 79
7500 76 78
7800 24 31
7800 31 48
7800 81 88
8100 7 16
8100 29 53
8100 49 52
8400 22 85
8400 46 89
8700 9 29
8700 29 62
8700 29 63
8700 62 73
8700 63 66
9000 0 14
9000 0 3
9000 3 14
9000 7 78
9300 28 69
9600 7 58
9600 15 33
9600 44 52
9900 29 63
10200 7 84
10200 44 65
10200 58 65
10500 16 78
10500 28 73
10500 53 63
10500 70 73
10500 75 79
10800 9 62
10800 9 19
10800 12 58
10800 14 37
10800 19 44
10800 21 61
10800 22 64
10800 29 53
10800 44 45
10800 44 58
10800 44 60
10800 53 63
11100 2 88
11100 7 58
11400 0 24
11400 21 42
11400 22 38
11400 24 45
11400 25 28
11400 27 57
11400 67 76
11700 28 66
12000 29 53
12000 35 49
12000 37 84
12000 58 84
12300 2 71
12300 14 58
12300 14 39
12300 14 24
12300 37 82
12300 39 58
12300 53 70
12300 58 82
12600 7 84
12600 35 86
12600 35 50
12600 37 80
12600 37 50
12600 38 86
12600 50 75
12600 50 80
12900 7 58
12900 29 53
12900 35 48
12900 55 79
13200 67 84
13500 9 63
13800 7 76
13800 12 16
13800 14 37
13800 27 81
13800 35 75
14100 0 14
14100 8 54
14100 8 32
14100 8 26
14100 22 91
14100 25 39
14100 39 51
14400 7 12
14400 33 84
14400 72 85
14400 79 88
14700 15 33
14700 50 86
14700 60 81
14700 76 88
15000 8 16
15000 28 69
15300 11 26
15300 35 75
15600 12 44
15600 58 65
15900 3 85
15900 22 85
16200 22 77
16200 22 64
16500 3 37
16500 8 26
16500 22 37
16500 23 30
16500 29 63
16500 37 90
16800 3 14
16800 14 37
16800 16 84
16800 50 75
17100 28 69
17100 65 91
17400 9 73
17400 29 53
17400 53 73
17700 24 28
17700 29 53
18000 14 72
18000 28 53
18300 6 40
18300 9 30
18300 9 29
18300 28 29
18300 28 53
18300 29 53
18600 28 69
18600 29 53
18600 37 82
18600 44 51
18900 5 11
18900 8 85
18900 9 62
18900 12 29
18900 22 51
18900 29 53
18900 38 45
18900 40 41
18900 50 75
18900 61 90
19200 50 74
19500 22 64
19500 42 52
19800 7 25
19800 28 69
20100 64 77
20400 23 30
20400 45 72
20400 45 65
20400 49 74
20400 50 86
20400 52 84
20400 65 72
20700 14 24
20700 29 63
20700 35 75
20700 59 76
21000 9 66
21000 9 62
21000 30 66
21000 50 74
21000 58 72
21300 8 26
21300 23 30
21300 23 53
21300 29 53
21300 30 53
21300 39 58
21600 37 84
21600 49 86
21600 50 74
21600 58 84
21900 4 36
21900 14 24
21900 27 56
21900 27 60
21900 28 53
21900 29 70
21900 29 53
21900 45 65
21900 65 72
22200 29 53
22500 1 78
22500 7 78
22500 21 76
22500 24 48
22500 77 82
22800 52 79
23100 9 73
23400 9 73
23400 24 28
23400 29 53
23700 9 62
24000 5 14
24300 2 60
24300 28 53
24300 39 58
24300 58 65
24600 7 78
24600 7 59
24600 20 52
24600 20 35
24600 25 35
24600 28 40
24600 28 73
24600 35 52
24600 35 84
24600 35 87
24600 40 84
24600 42 79
24600 52 84
24600 56 87
24600 56 84
24900 4 50
24900 9 62
24900 23 30
24900 30 44
24900 35 52
24900 46 49
24900 49 86
24900 53 70
25200 9 30
25200 12 76
25200 21 56
25200 22 64
25200 38 45
25200 56 76
25500 24 69
25500 28 69
25800 1 12
25800 9 73
25800 9 62
25800 51 71
26100 40 56
26400 12 44
26400 17 56
26700 17 68
27000 5 21
27000 21 84
27300 22 64
27300 24 48
27300 44 51
27300 52 87
27300 77 82
27600 3 45
27900 29 70
28200 9 30
28200 29 53
28200 30 62
28200 37 77
28200 49 52
28200 52 84
28500 11 86
28500 12 86
28500 76 78
28800 14 58
28800 14 37
28800 22 91
28800 23 30
28800 38 80
28800 85 91
29100 9 28
29100 12 84
29100 55 87
29400 9 62
29400 16 88
29400 23 53
29400 28 73
29400 29 73
29400 35 52
29400 53 73
29700 58 59
29700 59 76
29700 59 78
29700 60 81
29700 76 88
30000 17 18
30300 7 46
30300 17 18
30300 17 68
30300 45 58
30600 5 14
30600 6 88
30600 14 24
30600 28 30
30900 8 26
30900 29 53
30900 36 79
30900 36 55
30900 55 79
31200 3 85
31200 50 86
31500 55 79
31800 12 44
31800 12 58
31800 12 77
31800 24 48
31800 58 65
32100 24 48
32100 26 31
32100 35 75
32100 37 91
32400 4 86
32400 7 12
32400 9 28
32400 9 63
32400 37 58
32400 52 87
32700 25 84
32700 64 77
32700 75 79
33000 7 33
33000 58 72
33000 64 77
33300 11 23
33300 23 69
33300 45 58
33600 24 48
33600 29 30
33600 30 63
33600 47 58
33900 15 33
33900 22 85
33900 22 32
33900 28 66
33900 53 63
33900 58 72
34200 4 52
34200 8 26
34200 28 29
34200 29 70
34200 37 77
34200 38 39
34500 2 39
34500 5 48
34500 12 48
34500 12 14
34500 12 20
34500 14 20
34500 14 58
34500 14 78
34500 20 58
34500 20 78
34500 24 87
34500 29 39
34500 31 58
34500 58 78
34800 58 65
34800 76 84
35100 12 58
35100 58 72
35100 59 78
35100 65 72
35400 3 5
35400 9 62
35400 9 29
35400 11 24
35400 11 48
35400 18 37
35400 24 48
35700 7 59
35700 8 90
35700 24 48
35700 79 86
36000 29 53
36000 37 58
36000 62 69
36300 5 72
36300 5 37
36300 22 26
36300 22 37
36300 22 72
36300 26 37
36300 26 72
36300 29 53
36300 37 72
36300 53 63
36600 29 63
36600 37 77
36600 55 86
36900 0 48
36900 9 63
36900 32 71
37200 3 5
37200 29 63
37500 1 6
37500 1 33
37500 1 40
37500 1 10
37500 1 16
37500 2 10
37500 5 39
37500 6 40
37500 6 10
37500 10 40
37500 10 38
37500 10 16
37500 12 44
37500 12 77
37500 16 33
37500 24 48
37500 33 40
37500 38 45
37500 38 85
37500 45 85
37800 9 28
37800 9 63
37800 9 69
37800 28 69
37800 28 70
38100 0 14
38100 53 70
38100 60 79
38400 29 53
38400 46 89
38400 69 70
38700 29 53
39000 24 48
39000 57 76
39300 14 58
39300 21 61
39600 5 22
39600 5 72
39600 5 37
39600 22 37
39600 22 72
39600 22 26
39600 26 37
39600 29 53
39600 37 72
39600 37 90
39900 29 63
40200 34 84
40200 58 72
40200 80 85
40500 4 86
40500 23 29
40500 29 53
40800 2 15
40800 9 73
40800 9 30
40800 29 63
40800 61 63
41100 24 45
41100 25 47
41100 27 57
41100 53 70
41400 9 62
41400 23 53
41400 23 73
41400 28 53
41400 28 73
41400 29 53
41400 39 51
41700 0 48
41700 8 90
41700 16 84
41700 29 53
42000 17 84
42000 24 28
42000 29 53
42300 8 26
42300 21 61
42300 22 64
42600 7 27
42600 27 57
42600 57 60
42900 37 58
42900 53 66
42900 53 61
42900 53 70
42900 62 73
43200 17 34
43500 15 33
43500 25 55
43500 56 60
43800 22 64
43800 40 88
43800 44 51
43800 67 78
44100 2 15
44100 2 33
44100 9 73
44100 9 62
44100 15 72
44100 29 63
44100 50 75
44100 58 86
44100 58 78
44100 58 59
44100 59 78
44100 72 86
44100 72 78
44100 72 75
44100 75 86
44400 59 76
44700 23 69
44700 23 30
44700 29 53
44700 30 63
44700 30 53
45000 5 37
45000 35 75
45000 35 49
45000 46 57
45300 7 88
45300 9 62
45300 52 75
45600 14 58
45600 53 66
45900 1 84
45900 1 59
45900 6 84
45900 9 73
45900 20 84
45900 28 69
45900 67 84
45900 84 88
46200 7 25
46200 16 25
46200 30 66
46200 50 86
46500 7 58
46500 21 84
46500 24 45
46500 56 60
46800 5 85
46800 5 80
46800 21 84
46800 28 69
47100 14 39
47100 14 58
47400 5 44
47400 11 44
47400 28 69
47400 29 70
47400 44 51
47700 0 14
47700 7 16
47700 8 60
47700 8 90
47700 9 62
47700 53 66
48000 35 75
48000 35 52
48000 52 75
48300 5 14
48300 9 62
48300 37 58
48300 44 45
48600 11 44
48600 19 28
48600 25 86
48600 35 75
48600 35 52
48600 45 65
48600 52 75
48900 12 88
48900 17 18
48900 55 74
49200 3 83
49200 50 74
49500 6 58
49500 6 7
49500 7 58
49500 8 14
49500 9 62
49500 14 37
49500 35 75
49800 4 74
49800 24 48
49800 35 75
50100 0 48
50100 8 90
50100 8 16
50100 29 53
50100 29 30
50100 62 73
50400 22 64
50400 35 79
50400 77 82
50700 7 58
50700 24 48
50700 29 53
50700 49 52
51000 52 79
51300 28 69
51300 46 60
51300 49 86
51300 49 55
51300 55 86
51600 12 78
51900 17 18
52200 3 5
52200 29 63
52200 29 73
52200 50 88
52500 28 53
52500 44 51
52800 7 25
52800 22 64
52800 49 84
52800 50 84
52800 50 52
52800 52 84
53100 0 24
53100 17 68
53400 19 73
53400 29 63
53400 56 84
53700 9 73
53700 35 50
53700 50 86
53700 50 84
54000 14 18
54000 25 58
54000 29 53
54000 35 75
54000 50 75
54000 53 63
54000 56 60
54300 50 86
54600 1 16
54600 1 59
54600 15 16
54600 16 59
54600 49 55
54600 55 79
54900 0 48
54900 4 50
54900 9 73
54900 9 62
54900 15 67
54900 52 75
54900 53 66
55200 9 66
55200 16 59
55200 50 59
55200 59 76
55500 3 5
55500 3 22
55500 5 18
55500 11 24
55500 18 22
55500 22 64
55500 55 79
55800 4 50
55800 5 24
55800 7 57
55800 8 26
55800 9 62
55800 13 50
55800 14 90
55800 14 37
55800 32 80
55800 37 90
56100 7 50
56400 7 25
56400 35 84
56400 52 84
56700 3 14
56700 21 84
56700 28 73
56700 29 70
56700 45 65
57000 25 49
57000 55 79
57300 9 23
57300 9 62
57600 5 72
57600 49 55
57600 49 86
57600 55 86
57900 4 52
57900 9 73
57900 9 69
57900 9 62
57900 29 53
57900 52 55
57900 55 79
57900 67 76
58200 7 16
58200 7 58
58500 8 26
58500 9 62
58500 9 28
58500 28 73
58500 28 62
58500 50 52
58500 50 86
58800 0 48
58800 8 90
58800 29 53
59100 29 63
59100 50 86
59400 0 14
59400 7 16
59400 8 90
59400 8 60
59400 9 69
59400 17 68
59400 17 18
59700 11 23
60000 24 48
60000 28 69
60300 1 78
60300 9 19
60300 19 42
60300 19 50
60300 33 88
60300 58 72
60300 62 73
60600 17 68
60600 42 50
60900 29 63
61200 1 84
61200 5 18
61200 6 84
61200 7 84
61200 20 84
61200 28 30
61200 29 53
61200 32 38
61200 33 84
61200 67 84
61200 81 84
61200 84 88
61500 17 18
61800 4 79
61800 16 84
62100 9 63
62100 9 28
62400 0 14
62400 5 22
62400 5 37
62400 16 45
62400 22 37
62400 22 26
62400 22 34
62400 26 37
62400 26 72
62400 34 37
62400 37 72
62400 40 84
62400 40 78
62400 60 81
62400 60 88
62400 81 88
62700 7 58
62700 12 15
62700 15 33
63000 5 18
63000 29 90
63000 44 51
63000 45 64
63000 81 88
63300 2 84
63300 3 68
63300 9 62
63300 9 30
63300 24 48
63300 52 75
63300 62 73
63600 8 26
63600 44 51
63900 1 33
63900 1 7
63900 5 72
63900 24 45
63900 37 58
63900 58 65
64200 9 73
64200 28 53
64200 50 74
64500 25 86
64500 30 53
64500 53 77
64800 7 56
64800 9 62
65100 24 48
65100 24 45
65100 29 63
65100 29 70
65100 39 45
65100 42 50
65100 42 65
65100 45 72
65100 45 48
65400 42 84
65400 52 84
65400 53 63
65700 3 58
65700 29 63
65700 37 58
65700 50 75
66000 14 50
66000 22 64
66000 30 66
66000 44 86
66300 5 72
66300 5 37
66300 5 22
66300 18 72
66300 22 37
66300 22 72
66300 22 26
66300 26 72
66300 26 37
66300 26 71
66300 28 73
66300 37 72
66600 29 53
66900 9 69
66900 9 66
66900 9 62
66900 12 57
66900 27 75
66900 50 74
66900 62 69
66900 80 85
67200 15 33
67200 23 61
67500 1 65
67500 8 39
67500 8 85
67500 9 62
67500 14 45
67500 29 63
67500 38 45
67500 41 86
67500 50 75
67500 53 70
67500 75 79
67800 0 14
67800 18 45
67800 35 52
68100 7 27
68100 7 57
68100 27 77
68100 27 58
68100 58 77
68400 15 33
68400 49 50
68700 5 85
68700 76 78
69000 35 75
69000 55 86
69300 9 60
69300 15 33
69300 35 75
69600 1 16
69600 2 15
69600 31 71
69600 33 40
69900 14 37
69900 37 58
69900 44 51
70200 5 84
70200 22 77
70200 24 48
70500 9 53
70500 29 53
70500 37 58
70500 50 86
70500 53 73
70800 32 38
71100 11 44
71100 25 75
71400 29 53
71700 22 80
71700 28 69
71700 53 70
72000 11 77
72000 12 27
72000 17 34
72000 22 48
72000 27 81
72000 27 48
72000 27 77
72000 48 64
72000 64 77
72300 0 24
72300 45 58
72300 50 86
72300 55 74
72600 7 88
72600 22 64
72600 59 67
72600 61 66
72900 21 69
72900 21 61
72900 61 69
73200 53 63
73500 14 37
73500 35 87
73500 35 52
73500 44 51
73800 32 80
73800 50 74
74100 28 62
74100 28 29
74100 29 53
74400 29 53
74700 21 76
75000 0 51
75000 17 18
75000 26 65
75000 29 53
75000 45 72
75300 67 84
75600 5 18
75900 26 32
76200 0 24
76200 9 66
76200 23 29
76500 25 86
76500 29 53
76500 50 86
76800 14 58
76800 21 40
76800 47 58
77100 3 14
77100 19 24
77100 24 48
77100 53 70
77400 8 85
77400 8 37
77400 9 62
77400 21 61
77400 59 76
77700 3 14
77700 4 86
77700 7 12
77700 9 28
78000 55 79
78300 36 50
78600 14 65
78600 14 45
78600 22 64
78600 29 53
78600 39 58
78600 39 85
78600 46 89
78600 58 85
78600 58 65
78900 3 5
78900 29 63
79200 28 43
79200 39 51
79500 42 43
79500 42 72
79500 42 58
79500 58 72
79800 15 33
80100 6 40
80400 14 24
80400 28 84
80400 39 51
80700 12 58
80700 39 58
80700 79 88
81000 19 62
81000 21 56
81000 22 64
81000 77 82
81300 8 79
81300 14 24
81300 21 69
81300 29 53
81300 45 58
81600 4 86
81600 52 86
81900 28 70
81900 38 39
82200 52 79
82500 29 53
82500 39 51
82500 53 63
82500 53 69
82500 66 69
82800 5 37
82800 5 34
82800 7 27
82800 7 88
82800 27 88
82800 34 37
83100 2 28
83100 5 22
83100 23 61
83400 3 5
83400 29 73
83400 50 86
83700 24 32
84000 28 84
84000 39 51
84300 20 35
84300 29 61
84300 39 45
84300 42 79
84300 52 84
84300 56 84
84300 84 87
84600 24 48
84600 46 84
84600 74 79
84900 7 16
84900 9 29
84900 22 32
84900 52 55
84900 55 74
85200 1 16
85200 7 88
85200 9 62
85200 35 79
85200 35 52
85200 35 36
85200 36 79
85200 76 88
85500 8 83
85500 29 53
85500 44 51
85800 5 18
85800 12 77
85800 12 64
85800 24 48
85800 64 77
86100 9 62
86100 15 33
86100 35 75
86100 52 55
86100 60 81
86400 62 73
86700 8 26
86700 29 53
86700 50 74
86700 53 69
87000 6 40
87000 9 62
87000 35 49
87000 55 74
87300 9 62
87600 12 42
87900 49 74
88200 7 46
88200 17 34
88200 17 18
88200 17 46
88200 32 85
88200 32 38
88200 35 75
88200 64 77
88500 5 72
88500 9 62
88500 49 86
88800 24 48
88800 42 43
88800 44 45
88800 48 49
88800 53 70
88800 79 88
89100 7 58
89100 19 76
89100 21 69
89100 28 73
89100 59 76
89400 40 88
89400 55 74
89700 0 24
89700 4 86
89700 9 63
89700 9 69
89700 24 48
89700 61 62
90000 9 46
90000 55 84
90300 18 37
90300 53 70
90600 7 81
90600 14 45
90600 57 60
90900 28 62
90900 29 53
90900 45 85
90900 45 65
91200 35 75
91200 62 73
91500 21 46
91500 24 48
91500 26 31
91500 75 79
91800 30 66
91800 32 91
91800 34 72
91800 53 63
92100 2 6
92100 5 51
92100 5 39
92100 6 10
92100 7 16
92100 9 62
92100 14 82
92400 53 66
92700 29 63
93000 9 62
93000 38 58
93000 38 45
93000 45 58
93300 0 65
93300 14 65
93300 39 45
93600 42 51
93600 46 60
93600 53 70
93900 3 18
93900 7 58
93900 15 33
94200 14 58
94200 21 76
94500 15 33
94800 1 6
94800 1 59
94800 1 88
94800 7 81
94800 29 53
95100 29 69
95100 66 69
95400 23 29
95400 55 74
95700 2 10
95700 2 6
95700 3 14
95700 6 10
95700 11 14
95700 14 34
95700 27 46
95700 44 51
96000 15 33
96000 46 76
96000 60 81
96300 7 12
96300 29 53
96300 45 83
96300 50 74
96600 24 44
96600 29 63
96900 8 26
96900 44 51
97200 8 26
97200 9 28
97200 9 62
97200 22 64
97200 28 73
97500 7 12
97500 23 29
97800 24 28
97800 29 53
97800 55 74
97800 76 81
98100 4 48
98100 8 34
98100 8 90
98100 8 58
98100 11 24
98100 27 76
98100 27 81
98100 45 58
98400 1 16
98400 35 84
98400 35 52
98700 22 64
98700 24 48
98700 77 82
99000 49 84
99300 18 22
99300 22 85
99300 28 66
99300 80 85
99600 22 50
99900 9 73
99900 14 24
99900 59 76
100200 7 76
100500 9 62
100800 28 73
100800 62 73
100800 67 84
100800 67 76
101100 9 62
101100 16 84
101100 24 48
101400 2 15
101400 17 18
101400 35 75
101400 79 87
101700 0 24
101700 5 34
101700 23 29
101700 29 30
102000 9 62
102000 29 69
102000 50 74
102000 53 69
102000 55 79
102300 17 18
102300 45 65
102300 49 52
102300 52 86
102600 11 84
102600 12 84
102600 16 33
102600 29 53
102600 42 43
102600 49 84
102600 49 58
102600 49 64
102600 58 84
102600 64 77
102600 79 88
102900 39 58
102900 44 58
102900 49 58
102900 49 79
102900 49 88
102900 79 88
102900 79 84
103200 21 56
103200 36 50
103500 28 70
103800 22 64
103800 35 79
103800 77 82
104100 35 75
104100 50 86
104400 1 27
104400 1 7
104400 6 27
104400 6 7
104400 27 33
104400 29 63
104400 37 58
104400 44 65
104700 3 11
104700 28 76
104700 57 76
105000 21 56
105000 22 64
105000 24 48
105000 35 79
105000 77 82
105300 7 27
105600 0 48
105600 9 73
105600 15 67
105600 52 75
105900 9 62
105900 24 31
105900 24 48
105900 31 48
106200 5 24
106200 7 16
106200 8 26
106200 14 90
106200 18 37
106500 22 64
106500 24 48
106500 77 82
106800 28 70
107100 8 26
107100 53 63
107400 9 62
107400 29 53
107400 50 74
107400 58 72
107700 21 69
107700 21 61
107700 24 45
107700 30 66
107700 69 73
108000 29 63
108300 37 58
108300 44 52
108600 44 51
108600 55 79
108900 9 62
108900 29 53
109200 6 40
109200 24 45
109200 49 86
109200 57 60
109500 5 22
109500 23 61
109800 8 26
109800 26 80
109800 31 58
109800 39 85
109800 80 91
110100 17 68
110100 28 45
110100 44 45
110400 5 54
110400 7 59
110400 9 62
110400 62 69
110700 15 27
110700 23 30
110700 29 71
110700 37 58
111000 2 15
111000 9 73
111000 17 18
111000 35 75
111300 11 23
111300 23 69
111300 53 63
111600 5 85
111600 5 72
111600 55 86
111600 72 80
111600 80 85
111900 15 33
111900 22 85
111900 28 66
111900 44 51
111900 53 63
112200 21 61
112200 22 64
112200 57 88
112500 13 88
112500 21 88
112500 29 53
112500 29 69
112500 45 83
112500 50 74
112500 55 79
112800 28 70
113100 22 85
113100 76 78
113400 20 35
113400 39 45
113400 42 79
113700 0 14
114000 9 73
114000 16 88
114000 21 69
114000 22 64
114000 53 70
114300 79 86
114600 52 79
114900 11 24
114900 23 30
114900 50 86
114900 84 88
115200 9 73
115200 29 63
115500 7 88
115800 9 63
115800 9 73
115800 9 28
115800 9 69
115800 24 48
115800 28 70
115800 37 65
115800 53 70
115800 61 62
116100 20 31
116100 24 31
116100 24 48
116100 31 48
116100 71 83
116400 9 62
116700 9 62
116700 17 18
116700 50 86
116700 79 87
117000 0 48
117000 9 69
117000 9 43
117000 9 73
117000 15 67
117000 23 69
117000 30 66
117000 44 51
117000 52 75
117000 62 73
117000 69 73
117300 22 38
117300 25 28
117300 25 53
117300 28 53
117300 53 69
117600 35 55
117600 50 74
117900 1 16
117900 8 26
118200 29 70
118500 14 24
118800 50 74
118800 53 69
119100 22 32
119100 53 70
119400 29 53
119400 37 77
119700 9 73
119700 28 84
119700 28 76
119700 76 84
120000 44 51
120000 58 65
120300 24 59
120300 29 53
120300 45 90
120300 53 63
120600 7 84
120600 8 26
120600 21 84
120600 31 71
120900 1 33
120900 1 2
120900 1 6
120900 2 6
120900 6 84
120900 6 33
120900 10 84
120900 12 44
120900 33 44
120900 39 51
120900 51 58
120900 51 65
120900 56 84
120900 58 65
120900 67 84
121200 24 58
121200 32 80
121200 67 76
121500 2 15
121500 9 73
121500 20 40
121500 40 75
121500 44 70
121800 21 56
121800 24 48
122100 5 37
122100 24 48
122100 24 31
122100 31 48
122400 14 37
122400 17 68
122700 11 48
122700 49 84
122700 50 74
122700 75 88
122700 79 88
123000 0 48
123000 9 77
123000 9 62
123000 28 73
123000 44 51
123300 29 53
123600 9 62
123600 27 88
123600 28 69
123600 29 53
123900 45 83
123900 55 79
123900 58 72
123900 58 85
123900 80 85
124200 11 69
124200 11 23
124200 23 69
124200 53 63
124500 9 73
124500 9 62
124500 50 74
124800 29 53
125100 5 18
125100 12 77
125100 12 44
125100 12 64
125100 24 48
125100 39 65
125100 44 65
125400 0 48
125400 9 62
125400 15 67
125400 16 59
125400 24 48
125400 28 30
125400 28 69
125400 44 51
125400 52 75
125400 62 73
125700 0 14
125700 7 78
125700 9 62
125700 21 84
125700 21 56
125700 29 53
125700 52 87
126000 2 28
126000 2 39
126000 11 34
126000 28 38
126000 61 86
126000 77 86
126300 8 26
126300 49 74
126600 6 40
126600 15 33
126600 38 45
126600 44 52
126900 9 73
126900 29 63
127200 24 48
127200 26 71
127200 29 53
127200 35 75
127500 9 73
127500 9 62
127800 9 73
127800 49 73
127800 50 86
127800 57 60
128100 7 12
128100 22 32
128400 3 80
128400 28 53
128400 49 55
128700 49 55
128700 50 86
129000 0 24
129000 42 79
129000 42 44
129000 56 84
129300 8 26
129300 14 44
129300 52 79
129600 9 69
129600 9 63
129600 24 48
129600 28 70
129600 53 70
129600 61 62
129900 3 44
129900 22 64
129900 44 51
129900 45 58
130200 0 45
130200 29 53
130200 37 58
130200 37 47
130500 3 72
130500 22 38
130500 22 32
130800 9 62
130800 38 58
130800 38 45
130800 59 78
130800 76 78
131100 7 58
131100 21 69
131100 36 50
131400 11 16
131400 35 51
131400 35 84
131400 40 57
131400 44 51
131400 44 45
131400 45 51
131400 53 70
131400 56 88
131400 57 88
131700 21 84
131700 22 85
132000 52 79
132300 24 48
132300 31 32
132600 17 68
132600 45 58
132600 63 70
132600 64 77
132900 16 25
132900 52 87
133200 1 40
133200 1 6
133200 6 60
133200 27 84
133200 44 65
133200 58 65
133500 7 76
133500 8 26
133500 15 33
133500 23 29
133500 29 53
133500 53 63
133800 9 62
134100 8 26
134100 26 32
134100 38 90
134100 38 85
134100 58 90
134100 58 85
134100 85 90
134400 23 30
134400 42 76
134400 49 55
134700 3 14
134700 9 62
134700 9 28
134700 9 44
134700 34 44
134700 44 45
135000 28 29
135000 29 70
135300 3 22
135300 28 66
135300 28 69
135600 45 65
135600 50 86
135600 55 74
135900 9 62
135900 12 16
135900 35 75
135900 57 60
135900 57 88
135900 58 90
136200 7 58
136500 15 33
136800 1 7
136800 17 18
136800 55 79
136800 75 79
137100 35 52
137400 9 63
137400 37 77
137700 24 48
138000 14 24
138000 50 55
138300 11 24
138300 11 51
138300 17 68
138300 22 64
138300 27 51
138300 27 68
138600 4 87
138600 9 62
138600 22 85
138600 29 53
138600 36 50
138600 84 89
138900 9 62
138900 18 90
138900 23 30
138900 50 60
138900 50 57
138900 57 88
139200 29 53
139500 11 57
139500 22 64
139500 29 30
139500 30 63
139500 47 58
139500 56 57
139800 2 15
139800 3 14
139800 7 50
139800 9 62
139800 9 73
140100 9 62
140100 17 68
140100 18 68
140400 5 24
140400 5 65
140400 9 66
140400 9 13
140400 24 32
140400 57 60
140700 9 73
141000 39 72
141300 12 88
141300 22 85
141300 55 74
141600 4 79
141600 37 58
141600 75 79
141900 8 58
141900 14 58
141900 19 27
141900 27 50
141900 27 84
141900 27 35
141900 27 52
141900 27 75
141900 35 75
141900 35 38
141900 45 58
141900 58 72
142200 23 29
142200 29 63
142200 31 71
142200 52 79
142500 5 18
142500 7 88
142500 8 26
142500 53 63
142800 3 53
142800 7 33
142800 11 56
142800 22 32
142800 22 45
142800 28 70
142800 44 51
142800 53 70
142800 53 61
143100 4 50
143100 4 52
143100 14 24
143100 21 69
143100 29 53
143400 22 64
143400 28 73
143700 15 33
144000 9 30
144000 9 28
144000 9 53
144000 17 18
144000 28 30
144000 28 73
144000 29 53
144000 44 51
144000 50 75
144300 14 24
144300 76 78
144600 38 58
144600 59 78
144600 76 78
144900 3 65
144900 9 73
144900 17 51
144900 51 68
145200 8 82
145200 9 19
145200 9 62
145200 22 39
145200 22 64
145200 37 58
145200 38 44
145500 9 62
145500 9 73
145500 17 18
145500 50 74
145500 53 69
145500 55 79
145800 51 54
145800 63 89
146100 32 85
146100 50 86
146400 1 76
146400 37 58
146700 21 84
147000 17 68
147000 22 85
147000 26 37
147000 28 70
147000 37 72
147000 55 86
147300 1 59
147300 6 88
147300 32 38
147600 4 50
147600 15 67
147600 28 69
147600 30 66
147600 44 51
147600 52 75
147600 55 86
147900 29 53
147900 29 63
148200 45 58
148200 45 72
148200 63 70
148500 1 15
148500 29 63
148500 55 79
148500 56 87
148500 75 79
148800 9 62
148800 29 53
148800 37 58
148800 50 74
148800 57 88
149100 35 75
149100 39 58
149100 65 84
149100 79 88
149400 6 40
149400 7 16
149700 17 18
149700 22 32
149700 79 87
149700 84 87
150000 6 88
150000 18 37
150000 22 85
150000 23 69
150000 28 62
150300 0 24
150300 50 86
150300 56 84
150600 29 63
150600 50 86
150900 35 75
150900 44 51
151200 1 88
151200 9 62
151200 9 69
151200 9 66
151200 27 88
151200 28 69
151200 29 30
151200 30 66
151500 17 68
151500 36 50
151800 29 53
152100 8 26
152100 22 91
152100 24 48
152100 29 91
152100 39 58
152100 42 43
152400 17 18
152400 29 53
152400 36 79
152700 25 87
153000 23 69
153300 3 19
153300 3 14
153300 9 14
153300 19 42
153300 29 63
153600 11 24
153600 49 55
153900 14 71
153900 44 51
153900 50 86
154200 29 63
154200 50 84
154200 58 65
154200 59 76
154200 76 81
154500 18 90
154500 23 30
154500 35 75
154500 46 84
154500 50 86
154500 50 60
154500 57 88
154500 62 73
154800 9 62
154800 39 51
155100 7 25
155100 19 79
155100 21 79
155100 21 61
155100 24 48
155100 24 45
155100 28 69
155100 61 66
155100 79 87
155400 7 16
155400 7 84
155400 7 25
155400 16 84
155400 16 25
155400 25 84
155400 50 84
155700 29 53
155700 37 58
156000 0 14
156300 1 16
156300 2 6
156300 2 10
156300 6 40
156300 6 27
156300 6 10
156300 10 16
156300 10 40
156300 12 77
156300 12 44
156300 16 33
156300 17 18
156300 24 48
156300 27 40
156300 27 46
156300 27 65
156300 27 57
156300 39 65
156300 46 56
156300 46 57
156600 29 53
156600 37 58
156900 18 37
156900 29 53
156900 35 55
156900 39 72
156900 80 85
157200 19 73
157200 52 75
157500 2 28
157500 5 22
157500 22 85
157800 22 85
157800 29 53
157800 32 38
158100 3 44
158100 5 72
158100 7 58
158100 9 23
158400 12 59
158400 50 86
158400 75 84
158700 28 69
159000 29 63
159300 5 11
159300 18 37
159300 29 53
159600 14 24
159600 22 77
159900 19 50
159900 19 75
159900 27 60
159900 35 50
159900 35 75
159900 50 75
160200 24 48
160200 52 84
160200 53 63
160500 3 22
160500 11 24
160500 42 79
160500 52 79
160500 55 79
160800 28 30
161100 11 44
161100 24 48
161400 17 18
161400 42 43
161400 45 58
161700 5 34
161700 5 37
161700 7 27
161700 23 30
161700 30 34
162000 29 53
162000 37 58
162000 50 86
162000 51 65
162300 9 29
162300 11 48
162300 27 81
162300 57 88
162600 9 73
162600 11 23
162600 17 18
162600 22 85
162900 28 69
162900 37 82
163200 9 73
163200 9 19
163200 33 88
163200 50 75
163500 1 12
163500 5 45
163500 9 73
163500 9 62
163800 35 75
163800 45 58
164100 44 51
164100 77 82
164400 29 53
164400 50 86
164700 2 10
164700 6 10
164700 6 12
164700 11 58
164700 16 53
164700 16 70
164700 39 65
164700 44 51
164700 51 58
164700 51 65
164700 53 70
164700 58 65
164700 67 84
164700 79 84
164700 84 86
165000 34 86
165300 49 55
165300 49 86
165300 50 86
165300 52 55
165600 12 59
165600 20 84
165600 37 58
165600 59 76
165900 9 73
165900 50 86
166200 17 18
166200 45 65
166500 0 24
166500 19 42
166500 19 50
166500 20 35
166500 22 32
166500 55 79
166500 84 87
166800 23 29
167100 2 10
167100 2 6
167100 6 10
167400 34 84
167400 35 75
167400 55 74
167400 67 84
167700 11 24
168000 20 40
168000 29 53
168300 21 69
168300 29 53
168300 75 79
168600 0 45
168600 4 86
168600 29 91
168600 29 53
168600 53 63
168900 8 26
168900 9 62
168900 21 84
169200 24 48
169200 46 84
169200 79 86
169500 7 78
169500 8 26
169500 14 24
169500 14 64
169500 17 68
169500 29 53
169800 9 62
169800 18 34
169800 21 66
169800 29 69
169800 45 83
169800 50 74
169800 55 79
169800 57 60
170100 22 72
170100 28 69
170400 29 53
170400 50 74
170400 52 86
170700 6 40
170700 9 73
170700 9 61
170700 50 86
171000 29 70
171000 29 69
171000 29 53
171000 53 63
171000 59 78
171000 85 91
171300 21 76
171300 21 69
171300 22 85
171600 7 88
171600 9 62
171600 29 53
171900 9 62
171900 9 45
171900 12 57
171900 13 50
171900 14 85
171900 14 24
171900 27 75
171900 45 61
171900 45 83
171900 50 74
172200 14 58
172200 21 61
172500 4 41
172500 27 57
172500 28 69
172800 8 26
172800 14 44
173100 14 44
173100 14 22
173400 28 84
173400 39 51
173700 3 24
173700 14 45
173700 24 29
173700 24 53
173700 24 28
173700 29 53
173700 44 51
174000 7 25
174000 9 72
174000 22 64
174000 35 52
174300 11 44
174300 24 63
174300 37 82
174300 86 91
174600 28 29
174600 29 53
174600 35 52
174900 7 78
174900 28 69
174900 28 66
174900 42 51
174900 46 60
175200 8 26
175200 53 63
175500 11 24
175500 19 59
175500 19 76
175500 37 72
175500 59 76
175500 70 73
175800 17 68
175800 28 69
175800 29 53
175800 37 82
175800 44 51
176100 14 24
176100 14 58
176100 24 58
176400 9 62
176400 22 32
176400 76 78
176700 5 18
176700 7 88
176700 16 88
176700 28 73
176700 29 53
176700 39 51
176700 49 86
176700 49 55
176700 55 86
177000 21 69
177000 24 45
177300 0 24
177300 17 18
177300 79 87
177300 84 87
177600 12 78
177600 58 65
177600 84 89
177900 8 26
177900 22 71
177900 38 85
177900 38 90
177900 39 65
177900 58 85
177900 72 90
178200 3 24
178200 15 33
178200 28 29
178200 44 51
178200 53 63
178500 2 15
178500 5 11
178500 14 19
178500 17 18
178500 19 79
178500 42 79
178800 23 49
178800 25 49
178800 28 69
178800 37 77
178800 52 75
178800 53 61
179100 30 53
179100 58 72
179400 3 80
179700 11 44
180000 37 58
180000 44 51
180300 28 29
180300 49 86
180600 29 53
180600 52 87
180900 1 76
180900 27 76
180900 35 79
180900 44 51
180900 77 82
181200 7 21
181200 7 78
181200 17 68
181200 21 78
181200 29 53
181200 36 50
181500 28 84
181800 15 60
181800 21 60
181800 85 90
182100 27 60
182100 29 63
182100 37 58
182100 50 75
182400 25 88
182400 29 53
182400 38 51
182400 45 58
182400 51 72
182700 16 46
182700 35 84
182700 44 51
182700 57 88
183000 25 36
183000 53 63
183300 0 14
183300 9 62
183300 29 53
183300 37 58
183600 4 79
183600 9 29
183600 27 81
183900 28 70
183900 39 72
183900 72 90
184200 35 75
184200 35 52
184500 0 48
184500 4 50
184500 9 62
184500 9 73
184500 15 67
184500 52 75
184800 11 44
185100 24 48
185100 31 91
185100 66 69
185400 17 34
185400 28 70
185700 3 68
185700 29 63
186000 11 23
186000 17 18
186000 23 69
186000 35 74
186000 62 73
186300 2 15
186300 23 30
186600 29 53
186900 3 5
186900 9 29
186900 11 48
186900 11 24
186900 24 48
186900 57 88
186900 74 86
187200 5 74
187200 5 37
187200 9 62
187200 9 73
187200 24 48
187200 24 77
187200 24 74
187500 16 61
187500 23 53
187500 28 69
187500 30 53
187800 21 69
187800 29 63
188100 11 44
188100 63 70
188400 19 62
188400 22 64
188400 77 82
188700 9 28
188700 15 60
188700 16 76
188700 28 62
188700 35 50
188700 38 90
188700 39 65
188700 50 75
188700 85 90
189000 0 65
189000 0 14
189000 22 64
189000 24 48
189000 44 51
189300 2 88
189300 7 88
189300 40 88
189300 40 84
189300 84 88
189600 1 88
189600 1 59
189600 22 32
189900 1 78
189900 29 70
189900 45 65
190200 17 18
190200 22 32
190200 79 87
190500 5 39
190500 35 87
190500 35 86
190500 35 52
190800 9 62
190800 9 19
190800 22 64
190800 24 48
190800 38 44
191100 45 65
191400 8 30
191400 8 90
191400 9 73
191400 15 67
191400 52 75
191400 53 73
191700 29 53
191700 69 70
192000 22 64
192000 27 57
192000 44 51
192000 77 82
192300 14 22
192600 9 62
192600 9 17
192600 24 48
192600 76 88
192900 1 59
192900 29 53
192900 75 79
193200 22 64
193200 35 52
193200 44 51
193200 46 89
193500 0 24
193800 1 59
193800 1 88
193800 1 84
193800 11 24
193800 12 88
193800 15 88
193800 23 69
193800 24 55
194100 49 55
194400 22 64
194400 24 48
194700 9 62
194700 29 53
195000 24 48
195000 29 53
195000 35 75
195300 27 73
195300 29 53
195300 37 84
195300 49 86
195300 49 50
195600 12 16
195600 27 81
195600 39 57
195600 50 86
195900 4 55
196200 23 30
196200 29 53
196200 29 30
196200 35 52
196200 37 84
196200 43 45
196200 44 51
196500 26 32
196500 57 60
196800 15 33
196800 25 86
197100 8 50
197100 9 62
197100 38 58
197100 38 45
197100 50 75
197400 9 62
197400 15 33
197400 44 52
197400 62 73
197700 29 53
197700 37 58
198000 35 75
198000 45 65
198000 56 86
198000 56 84
198000 84 86
198300 9 62
198300 53 63
198600 9 62
198600 9 53
198600 12 58
198600 12 44
198600 12 77
198600 39 65
198600 39 58
198600 44 65
198600 53 70
198600 58 65
198900 14 24
199200 3 72
199200 22 32
199200 52 79
199200 62 73
199200 79 86
199500 9 63
199500 28 70
199500 28 53
199500 37 65
199500 53 70
199500 61 62
199800 5 39
199800 14 58
199800 40 88
199800 49 55
200100 17 68
200100 29 53
200100 35 49
200100 57 60
200400 24 45
200400 29 53
200400 44 51
200700 8 26
200700 9 62
200700 52 84
201000 22 85
201300 28 69
201300 30 66
201300 52 75
201600 7 58
201600 9 73
201600 24 35
201600 29 53
201600 35 48
201600 42 55
201600 49 52
201900 8 26
201900 50 74
202200 1 76
202200 19 76
202200 22 64
202200 35 79
202200 77 82
202500 18 37
202500 23 30
202500 38 91
202800 5 75
203100 30 57
203100 51 90
203100 52 75
203100 56 59
203100 58 65
203100 59 78
203400 29 53
203400 35 75
203400 42 50
203700 17 18
203700 35 75
203700 39 90
204000 17 80
204000 21 84
204000 24 48
204000 35 75
204000 46 84
204300 1 2
204300 2 10
204300 5 39
204300 6 10
204300 21 56
204300 45 58
204600 28 69
204600 29 53
204600 44 51
204900 3 43
204900 29 53
205200 7 16
205200 29 53
205200 45 58
205500 25 87
205800 7 76
206100 45 72
206400 7 78
206400 29 53
206700 15 60
207000 11 44
207000 44 53
207000 53 70
207300 0 24
207600 3 8
207600 14 85
207600 19 79
207600 24 48
207600 45 65
207900 9 73
207900 29 69
207900 29 53
207900 37 58
207900 50 74
207900 53 69
208200 28 84
208500 9 62
208500 11 44
208800 3 58
209100 62 73
209100 71 83
209400 9 63
209400 28 70
209400 35 75
209700 0 14
209700 41 79
209700 53 69
209700 77 82
210000 17 18
210300 24 48
210300 52 75
210300 69 70
210600 3 18
210600 9 62
210600 18 65
210600 29 53
210900 17 68
210900 50 86
211200 15 33
211500 12 58
211500 43 58
211500 44 45
211500 79 88
211800 63 70
212100 16 84
212100 28 69
212100 32 38
212100 35 50
212100 37 82
212100 37 77
212100 45 65
212400 56 84
212700 11 23
213000 50 86
213300 21 69
213300 58 85
213600 24 58
213600 28 84
213600 28 62
213900 7 12
213900 22 91
213900 24 32
213900 33 84
213900 79 88
213900 85 91
214200 9 62
214200 9 66
214200 14 48
214200 24 32
214200 50 75
214200 59 76
214500 0 48
214500 4 86
214500 9 63
214500 21 84
214500 52 87
214800 1 78
214800 3 5
214800 29 63
215100 7 78
215100 9 69
215100 9 29
215100 29 63
215400 11 38
215400 23 30
215400 29 53
215400 62 73
215400 84 88
215700 22 64
216000 22 64
216000 45 85
216000 45 65
216000 65 85
216300 14 85
216300 23 69
216300 23 31
216300 27 75
216300 31 69
216600 27 60
216600 29 63
216900 0 14
216900 14 37
216900 17 18
216900 28 30
216900 64 77
217200 14 24
217200 21 69
217200 29 53
217200 85 91
217500 7 76
217500 9 63
217800 9 62
217800 29 53
217800 57 88
218100 44 51
218100 88 89
218400 14 47
218400 32 38
218700 35 52
219000 23 30
219000 29 53
219000 52 86
219000 57 60
219000 74 86
219300 35 75
219300 76 84
219600 29 53
219600 53 70
219600 59 76
219900 37 58
220200 21 46
220200 21 26
220200 24 48
220200 26 31
220200 49 79
220200 75 79
220500 14 58
220500 22 38
220800 15 33
220800 23 30
220800 53 63
221100 19 86
221400 26 52
221400 29 53
221700 28 69
222000 29 53
222300 3 51
222300 3 23
222300 23 49
222300 28 69
222300 42 51
222300 52 75
222300 80 90
222600 8 26
222600 28 70
222900 16 76
222900 32 38
223200 69 70
223500 1 33
223500 11 72
223500 14 37
223500 64 77
223800 29 53
224100 9 62
224100 22 85
224100 29 53
224100 29 30
224100 50 86
224400 21 84
224400 30 66
224400 55 86
224700 44 86
224700 58 65
225000 5 11
225000 5 72
225000 9 62
225300 0 14
225300 3 14
225300 8 90
225300 9 69
225300 16 84
225300 30 53
225300 65 82
225600 7 12
225600 38 69
225900 24 48
226200 12 56
226200 56 58
226500 14 72
226500 14 34
226500 14 85
226500 24 48
226500 27 75
226500 27 35
226500 35 75
226800 0 24
226800 0 48
226800 9 62
226800 15 67
226800 23 30
227100 55 79
227100 75 79
227400 7 88
227400 17 51
227400 29 53
227400 29 63
227400 39 51
227700 3 68
227700 9 62
227700 28 69
227700 37 77
227700 52 75
227700 62 73
228000 29 70
228000 44 72
228000 53 70
228300 50 86
228300 52 84
228300 52 75
228300 59 76
228300 75 84
228600 12 44
228900 29 53
228900 59 76
229200 8 26
229500 8 26
229500 9 62
229500 9 73
229500 69 73
229800 28 70
230100 9 73
230400 58 65
230700 5 37
230700 5 13
230700 5 74
230700 9 62
230700 74 81
231000 11 84
231000 14 71
231000 37 58
231000 50 86
231300 39 58
231300 79 84
231300 79 88
231600 5 18
231600 11 24
231600 79 84
231900 14 48
231900 23 30
231900 24 48
231900 39 58
231900 45 58
231900 45 72
231900 58 72
232200 23 30
232200 49 74
232200 49 55
232200 55 74
232200 69 73
232500 21 84
232500 23 29
232500 51 65
232800 5 39
232800 8 84
232800 9 31
232800 24 48
232800 29 53
232800 46 84
233100 9 28
233100 9 63
233400 7 16
233400 7 25
233400 16 25
233400 17 18
233400 30 66
233700 9 62
233700 35 75
234000 29 53
234300 29 53
234300 37 58
234300 44 51
234300 67 76
234600 7 25
234600 16 25
234600 30 66
234900 42 86
234900 55 86
235200 6 12
235200 6 26
235200 9 62
235200 9 26
235200 12 46
235200 14 24
235500 22 32
235800 17 18
235800 21 56
235800 21 59
235800 24 48
235800 32 58
236100 9 73
236100 45 70
236100 52 84
236100 53 70
236400 31 71
236400 44 51
236400 53 63
236700 35 52
236700 44 77
236700 56 84
237000 29 53
237300 17 18
237300 32 38
237600 9 66
237600 9 62
237600 9 73
237600 11 84
237600 62 73
237900 53 62
237900 76 78
238200 29 53
238200 57 88
238500 9 28
238500 9 63
238500 28 69
238500 37 77
238800 1 7
238800 7 40
238800 33 59
239100 5 80
239100 5 18
239100 18 80
239400 34 84
239400 35 75
239400 35 50
239400 37 84
239400 50 86
239400 75 86
239700 29 53
239700 30 62
239700 49 52
240000 21 69
240000 29 63
240300 0 14
240300 12 88
240300 31 51
240300 51 71
240600 11 48
240600 22 32
240600 58 65
240900 9 19
240900 9 62
240900 9 73
240900 19 73
240900 45 65
240900 62 73
241200 0 24
241200 0 14
241200 14 24
241200 14 48
241200 22 77
241200 24 48
241200 45 48
241500 53 69
241500 61 69
241800 7 12
241800 29 53
242100 29 53
242400 17 18
242400 29 61
242400 44 51
242700 12 77
242700 12 84
242700 26 32
242700 77 84
243000 4 86
243000 9 73
243000 9 62
243000 24 48
243300 3 37
243300 9 30
243300 32 88
243600 50 84
243900 37 58
243900 50 86
244200 5 51
244200 5 35
244200 14 39
244200 17 51
244200 27 65
244200 27 72
244200 27 35
244200 27 75
244200 35 37
244200 35 45
244200 35 75
244200 45 58
244200 45 72
244200 51 68
244200 58 72
244500 1 88
244500 5 51
244500 7 81
244500 7 88
244500 29 53
244500 39 51
244500 49 67
244500 55 86
244800 0 14
244800 14 37
244800 17 18
244800 37 82
245100 9 62
245100 16 76
245100 17 68
245100 21 61
245100 24 37
245100 35 75
245100 42 75
245100 45 90
245100 55 79
245100 59 76
245400 22 64
245400 24 48
245400 44 51
245400 77 82
245700 1 7
245700 1 27
245700 7 27
245700 14 37
245700 29 53
246000 21 27
246000 21 59
246000 34 45
246000 54 71
246300 11 48
246300 12 49
246300 49 67
246300 58 65
246300 60 89
246600 24 48
246600 26 31
246900 29 53
246900 29 63
246900 45 65
246900 45 85
246900 58 65
247200 22 85
247200 61 69
247500 5 34
247500 29 63
247800 1 88
247800 9 73
247800 23 30
247800 29 63
247800 37 77
247800 62 73
248100 19 78
248100 21 63
248100 29 53
248400 28 69
248400 30 53
248400 53 70
248700 0 45
248700 7 78
248700 7 21
248700 14 24
249000 9 28
249000 9 69
249000 9 63
249000 17 68
249000 28 73
249000 28 70
249000 28 30
249000 28 69
249000 30 62
249000 35 75
249000 53 62
249000 53 70
249000 61 62
249300 8 26
249300 42 59
249300 53 63
249600 0 48
249600 0 14
249600 9 62
249600 18 68
249600 28 29
249900 8 90
249900 8 58
249900 45 58
249900 70 73
250200 8 37
250200 37 82
250200 37 58
250200 58 82
250500 5 47
250500 9 28
250500 9 63
250500 9 69
250500 9 73
250500 9 62
250500 24 48
250500 28 73
250800 2 15
250800 2 3
250800 2 48
250800 15 48
250800 24 48
250800 24 49
250800 35 75
250800 48 49
251100 7 84
251100 16 84
251100 25 84
251100 64 77
251400 24 48
251400 35 52
251400 39 45
251400 57 62
251700 28 53
252000 5 11
252000 14 48
252000 28 73
252000 29 53
252000 39 51
252000 61 71
252000 70 73
252300 29 53
252300 51 65
252600 14 24
252600 18 47
252900 9 63
252900 9 28
252900 61 62
253200 0 14
253200 16 59
253200 53 69
253500 24 48
253500 66 69
253800 11 24
253800 24 48
254100 9 62
254100 29 73
254100 29 63
254400 21 84
254400 24 48
254400 35 75
254400 55 79
254700 1 84
254700 5 18
254700 15 88
254700 15 40
254700 15 84
254700 18 32
254700 22 32
254700 23 69
254700 28 30
254700 29 53
254700 59 88
254700 59 84
254700 62 75
254700 81 84
254700 84 88
255000 8 39
255000 8 85
255000 9 62
255000 38 45
255300 29 53
255600 53 70
255900 9 62
255900 50 86
256200 9 73
256200 9 62
256200 17 18
256200 50 74
256200 53 69
256500 0 14
256500 7 16
256500 8 60
256500 15 67
256800 3 72
256800 3 83
256800 14 44
256800 44 51
257100 14 32
257400 5 37
257400 5 18
257400 14 77
257400 18 37
257400 64 77
257700 8 26
257700 42 43
257700 53 63
258000 9 63
258000 9 73
258300 7 25
258300 9 66
258300 22 64
258600 9 51
258600 9 39
258600 39 51
258900 1 7
258900 9 73
258900 9 62
258900 14 51
258900 23 29
258900 28 29
258900 29 53
258900 49 55
259200 7 16
259200 7 25
259200 16 25
259500 23 53
259500 28 69
259500 35 52
259500 46 50
259500 50 86
259500 53 70
259800 21 59
260100 35 75
260400 7 86
260700 12 64
260700 12 45
260700 12 58
260700 17 18
260700 18 68
260700 34 58
260700 64 77
261000 11 23
261000 21 30
261000 23 69
261000 37 58
261000 74 86
261300 12 44
261300 12 72
261300 12 58
261300 17 34
261300 35 50
261300 43 58
261300 44 58
261300 44 56
261300 50 75
261300 53 70
261300 56 58
261300 56 65
261600 0 24
261600 20 84
261600 35 52
261600 35 84
261600 55 79
261600 56 87
261600 56 84
261900 11 44
261900 11 30
261900 24 48
262200 44 51
262200 57 62
262500 19 59
262500 19 76
262500 21 61
262500 24 45
262500 25 47
262500 27 57
262500 28 69
262500 44 51
262500 53 66
262800 14 48
262800 14 24
262800 24 48
262800 53 63
263100 2 33
263100 24 87
263100 58 62
263400 22 38
263700 18 47
263700 18 37
263700 58 65
264000 17 68
264000 17 34
264000 34 68
264000 35 75
264000 36 75
264000 75 86
264300 12 60
264300 19 75
264300 35 75
264300 35 50
264300 50 75
264300 50 52
264300 52 75
264600 17 18
264600 22 58
264600 22 32
264600 32 58
264900 24 58
265200 2 10
265200 2 40
265200 6 10
265200 21 88
265200 44 51
265200 57 88
265500 0 24
265500 32 91
265500 57 60
265800 14 47
265800 45 72
266100 17 68
266100 18 34
266100 35 75
266100 35 36
266100 36 75
266400 17 18
266400 18 68
266400 24 48
266400 32 58
266700 17 18
266700 29 63
267000 22 64
267000 28 57
267000 37 58
267300 5 72
267300 29 69
267300 29 53
267300 50 74
267300 53 69
267300 55 79
267600 22 38
267600 29 53
267600 29 30
267600 29 66
267600 30 53
267900 11 26
267900 35 75
268200 16 84
268200 28 73
268200 44 51
268500 21 56
268500 24 48
268800 5 18
268800 35 50
268800 42 50
268800 50 86
269100 24 45
269100 29 53
269100 37 58
269100 44 51
269400 9 66
269400 14 24
269400 24 58
269400 28 84
269700 7 27
269700 27 60
269700 27 57
269700 28 61
269700 29 53
269700 49 74
269700 57 60
270000 53 70
270300 29 63
270600 37 84
270900 2 15
270900 7 16
270900 7 12
270900 12 16
271200 1 40
271200 2 12
271200 7 40
271200 12 72
271200 58 72
271500 14 58
271500 21 61
271800 9 62
271800 36 55
271800 36 79
271800 55 79
272100 29 53
272400 24 48
272700 7 58
272700 24 35
272700 29 53
272700 49 52
272700 55 79
273000 7 78
273000 16 25
273000 27 60
273300 5 14
273300 29 70
273300 44 51
273600 52 86
273600 63 70
273900 31 71
274200 7 27
274200 8 17
274200 8 51
274200 8 39
274200 8 14
274200 14 51
274200 14 90
274200 19 51
274200 39 51
274200 51 90
274500 24 48
274500 37 58
274800 0 24
274800 4 84
274800 35 52
274800 55 79
275100 14 72
275100 30 73
275100 30 69
275100 53 69
275400 28 69
275400 46 89
275700 15 33
275700 60 81
275700 76 88
276000 5 18
276000 5 11
276000 62 73
276300 28 84
276300 35 75
276300 39 51
276300 55 75
276600 29 53
276600 52 86
276900 4 49
276900 29 53
276900 57 88
277200 14 58
277200 25 79
277500 0 48
277500 8 90
277500 9 80
277500 9 30
277500 15 67
277500 24 48
277500 30 53
277500 53 73
277500 53 62
277800 0 45
277800 3 5
277800 9 29
277800 9 30
277800 9 70
277800 9 28
278100 9 73
278100 63 70
278400 58 65
278400 76 78
278400 76 81
278400 78 81
