0 50 86
0 52 84
0 52 75
0 59 76
0 75 84
300 9 62
300 16 76
300 17 68
300 21 61
300 24 37
300 35 75
300 42 75
300 45 90
300 55 79
300 59 76
600 9 62
600 29 53
600 37 58
600 50 74
600 57 88
900 22 64
900 24 48
1200 0 48
1200 8 90
1200 29 53
1500 0 48
1500 0 14
1500 9 62
1500 18 68
1500 28 29
1800 15 33
1800 22 85
1800 22 32
1800 28 66
1800 53 63
1800 58 72
2100 17 18
2100 42 43
2100 45 58
2400 24 48
2400 66 69
2700 9 63
2700 9 28
3000 58 65
3300 12 59
3300 20 84
3300 37 58
3300 59 76
3600 9 62
3600 15 33
3600 35 75
3600 52 55
3600 60 81
3900 5 18
3900 12 77
3900 12 64
3900 24 48
3900 64 77
4200 9 63
4200 9 73
4200 9 28
4200 9 69
4200 24 48
4200 28 70
4200 37 65
4200 53 70
4200 61 62
4500 17 18
4500 29 53
4500 36 79
4800 7 84
4800 44 65
4800 58 65
5100 7 76
5400 35 75
5400 62 73
5700 17 18
6000 5 18
6000 12 77
6000 12 44
6000 12 64
6000 24 48
6000 39 65
6000 44 65
6300 1 2
6300 2 10
6300 5 39
6300 6 10
6300 21 56
6300 45 58
6600 1 6
6600 1 33
6600 1 40
6600 1 10
6600 1 16
6600 2 10
6600 5 39
6600 6 40
6600 6 10
6600 10 40
6600 10 38
6600 10 16
6600 12 44
6600 12 77
6600 16 33
6600 24 48
6600 33 40
6600 38 45
6600 38 85
6600 45 85
6900 17 18
7200 11 44
7500 7 25
7500 22 64
7500 49 84
7500 50 84
7500 50 52
7500 52 84
7800 5 14
8100 44 51
8100 55 79
8400 44 51
8400 57 62
8700 16 25
8700 52 87
9000 17 18
9000 22 32
9000 79 87
9300 1 40
9300 1 6
9300 6 60
9300 27 84
9300 44 65
9300 58 65
9600 25 88
9600 29 53
9600 38 51
9600 45 58
9600 51 72
9900 11 24
9900 24 48
10200 0 48
10200 4 50
10200 9 62
10200 9 73
10200 15 67
10200 52 75
10500 5 85
10500 5 72
10500 55 86
10500 72 80
10500 80 85
10800 14 72
10800 14 34
10800 14 85
10800 24 48
10800 27 75
10800 27 35
10800 35 75
11100 28 62
11100 29 53
11100 45 85
11100 45 65
11400 29 53
11400 37 58
11400 44 51
11400 67 76
11700 53 66
12000 29 53
12000 29 63
12300 12 44
12600 22 64
12600 40 88
12600 44 51
12600 67 78
12900 22 64
12900 24 48
12900 77 82
13200 7 58
13200 29 53
13200 35 48
13200 55 79
13500 29 63
13500 50 86
13800 7 58
13800 19 76
13800 21 69
13800 28 73
13800 59 76
14100 23 69
14400 0 48
14400 8 90
14400 9 80
14400 9 30
14400 15 67
14400 24 48
14400 30 53
14400 53 73
14400 53 62
14700 29 53
14700 30 62
14700 49 52
15000 5 72
15000 29 69
15000 29 53
15000 50 74
15000 53 69
15000 55 79
15300 8 26
15300 22 91
15300 24 48
15300 29 91
15300 39 58
15300 42 43
15600 19 62
15600 21 56
15600 22 64
15600 77 82
15900 9 73
15900 49 73
15900 50 86
15900 57 60
16200 22 64
16200 35 52
16200 44 51
16200 46 89
16500 42 51
16500 46 60
16500 53 70
16800 3 72
16800 22 32
16800 52 79
16800 62 73
16800 79 86
17100 9 62
17100 29 53
17100 50 74
17100 58 72
17400 38 58
17400 59 78
17400 76 78
17700 34 86
18000 29 53
18300 11 23
18600 17 68
18600 29 53
18600 35 49
18600 57 60
18900 9 73
18900 9 62
18900 17 18
18900 50 74
18900 53 69
19200 7 84
19200 16 84
19200 25 84
19200 64 77
19500 3 14
19500 14 37
19500 16 84
19500 50 75
19800 22 64
19800 35 79
19800 77 82
20100 0 24
20100 0 14
20100 14 24
20100 14 48
20100 22 77
20100 24 48
20100 45 48
20400 5 37
20400 5 34
20400 7 27
20400 7 88
20400 27 88
20400 34 37
20700 17 68
20700 45 58
20700 63 70
20700 64 77
21000 28 69
21000 46 60
21000 49 86
21000 49 55
21000 55 86
21300 28 69
21300 29 53
21300 37 82
21300 44 51
21600 0 48
21600 8 90
21600 16 84
21600 29 53
21900 28 69
21900 30 66
21900 52 75
22200 23 29
22500 26 32
22500 57 60
22800 1 84
22800 1 59
22800 6 84
22800 9 73
22800 20 84
22800 28 69
22800 67 84
22800 84 88
23100 29 63
23100 37 77
23100 55 86
23400 62 73
23400 71 83
23700 12 44
23700 17 56
24000 0 24
24000 32 91
24000 57 60
24300 9 73
24300 45 70
24300 52 84
24300 53 70
24600 17 18
24600 45 65
24600 49 52
24600 52 86
24900 14 58
24900 21 76
25200 3 19
25200 3 14
25200 9 14
25200 19 42
25200 29 63
25500 35 75
25500 45 65
25500 56 86
25500 56 84
25500 84 86
25800 34 84
25800 35 75
25800 55 74
25800 67 84
26100 29 53
26100 37 58
26400 8 26
26400 26 32
26400 38 90
26400 38 85
26400 58 90
26400 58 85
26400 85 90
26700 2 15
26700 17 18
26700 35 75
26700 79 87
27000 15 33
27000 23 30
27000 53 63
27300 24 48
27300 26 71
27300 29 53
27300 35 75
27600 9 66
27600 16 59
27600 50 59
27600 59 76
27900 6 40
27900 12 44
27900 18 68
27900 28 30
27900 64 77
28200 1 33
28200 11 72
28200 14 37
28200 64 77
28500 2 15
28500 23 30
28800 35 75
28800 50 86
29100 4 79
29100 16 84
29400 39 72
29700 2 10
29700 6 10
29700 6 12
29700 11 58
29700 16 53
29700 16 70
29700 39 65
29700 44 51
29700 51 58
29700 51 65
29700 53 70
29700 58 65
29700 67 84
29700 79 84
29700 84 86
30000 9 69
30000 9 63
30000 24 48
30000 28 70
30000 53 70
30000 61 62
30300 8 85
30300 8 37
30300 9 62
30300 21 61
30300 59 76
30600 11 69
30600 11 23
30600 23 69
30600 53 63
30900 0 24
30900 21 42
30900 22 38
30900 24 45
30900 25 28
30900 27 57
30900 67 76
31200 28 53
31200 44 51
31500 2 15
31500 5 11
31500 14 19
31500 17 18
31500 19 79
31500 42 79
31800 28 70
32100 22 32
32400 3 65
32400 9 73
32400 17 51
32400 51 68
32700 21 69
32700 21 61
32700 24 45
32700 30 66
32700 69 73
33000 14 24
33000 29 63
33000 35 75
33000 59 76
33300 9 62
33300 11 44
33600 0 14
33600 7 16
33600 8 60
33600 15 67
33900 7 27
34200 29 53
34200 53 70
34200 59 76
34500 45 58
34500 45 72
34500 63 70
34800 0 48
34800 9 73
34800 15 67
34800 52 75
35100 49 55
35100 50 86
35400 7 46
35400 17 34
35400 17 18
35400 17 46
35400 32 85
35400 32 38
35400 35 75
35400 64 77
35700 4 36
35700 14 24
35700 27 56
35700 27 60
35700 28 53
35700 29 70
35700 29 53
35700 45 65
35700 65 72
36000 4 49
36000 29 53
36000 57 88
36300 21 84
36300 24 48
36300 35 75
36300 55 79
36600 29 53
36900 1 78
36900 9 19
36900 19 42
36900 19 50
36900 33 88
36900 58 72
36900 62 73
37200 9 62
37200 17 18
37200 50 86
37200 79 87
37500 31 71
37500 44 51
37500 53 63
37800 8 16
37800 28 69
38100 6 40
38100 7 16
38400 9 62
38400 77 82
38700 4 55
39000 7 59
39000 8 90
39000 24 48
39000 79 86
39300 7 33
39300 58 72
39300 64 77
39600 15 33
39900 11 23
39900 21 30
39900 23 69
39900 37 58
39900 74 86
40200 17 34
40500 1 16
40500 2 15
40500 31 71
40500 33 40
40800 32 38
41100 11 44
41100 11 30
41100 24 48
41400 21 76
41700 21 56
41700 36 50
42000 11 77
42000 12 27
42000 17 34
42000 22 48
42000 27 81
42000 27 48
42000 27 77
42000 48 64
42000 64 77
42300 29 63
42300 50 84
42300 58 65
42300 59 76
42300 76 81
42600 28 70
42600 38 39
42900 9 73
42900 9 19
42900 33 88
42900 50 75
43200 8 26
43500 22 64
43500 27 57
43500 44 51
43500 77 82
43800 7 58
43800 7 25
43800 21 69
43800 25 58
43800 27 76
43800 28 66
43800 75 79
43800 76 78
44100 29 53
44400 4 50
44400 9 62
44400 23 30
44400 30 44
44400 35 52
44400 46 49
44400 49 86
44400 53 70
44700 1 78
44700 7 78
44700 21 76
44700 24 48
44700 77 82
45000 7 78
45000 29 53
45300 8 26
45300 28 70
45600 17 68
45600 22 85
45600 26 37
45600 28 70
45600 37 72
45600 55 86
45900 2 15
45900 2 3
45900 2 48
45900 15 48
45900 24 48
45900 24 49
45900 35 75
45900 48 49
46200 35 52
46500 44 51
46500 58 65
46800 5 84
46800 22 77
46800 24 48
47100 0 14
47100 5 22
47100 5 37
47100 16 45
47100 22 37
47100 22 26
47100 22 34
47100 26 37
47100 26 72
47100 34 37
47100 37 72
47100 40 84
47100 40 78
47100 60 81
47100 60 88
47100 81 88
47400 9 62
47400 18 90
47400 23 30
47400 50 60
47400 50 57
47400 57 88
47700 20 35
47700 39 45
47700 42 79
48000 3 72
48000 3 83
48000 14 44
48000 44 51
48300 1 88
48300 5 51
48300 7 81
48300 7 88
48300 29 53
48300 39 51
48300 49 67
48300 55 86
48600 24 48
48600 42 43
48600 44 45
48600 48 49
48600 53 70
48600 79 88
48900 28 29
48900 49 86
49200 1 15
49200 29 63
49200 55 79
49200 56 87
49200 75 79
49500 9 62
49500 9 19
49500 12 58
49500 14 37
49500 19 44
49500 21 61
49500 22 64
49500 29 53
49500 44 45
49500 44 58
49500 44 60
49500 53 63
49800 24 48
49800 28 69
50100 11 38
50100 23 30
50100 29 53
50100 62 73
50100 84 88
50400 24 44
50400 29 63
50700 3 14
50700 3 44
50700 9 73
50700 9 19
50700 9 62
50700 11 44
50700 19 73
50700 29 63
50700 62 73
50700 62 66
51000 2 28
51000 5 22
51000 23 61
51300 29 53
51600 29 53
51600 35 49
51600 37 84
51600 58 84
51900 4 86
51900 52 86
52200 14 24
52500 18 90
52500 23 30
52500 35 75
52500 46 84
52500 50 86
52500 50 60
52500 57 88
52500 62 73
52800 14 37
52800 35 87
52800 35 52
52800 44 51
53100 21 69
53100 29 53
53100 75 79
53400 20 35
53400 29 61
53400 39 45
53400 42 79
53400 52 84
53400 56 84
53400 84 87
53700 7 16
53700 7 84
53700 7 25
53700 16 84
53700 16 25
53700 25 84
53700 50 84
54000 37 84
54000 49 86
54000 50 74
54000 58 84
54300 29 53
54600 7 76
54600 12 16
54600 14 37
54600 27 81
54600 35 75
54900 9 66
54900 9 62
54900 9 73
54900 11 84
54900 62 73
55200 9 66
55200 14 24
55200 24 58
55200 28 84
55500 29 53
55800 7 76
56100 12 88
56100 17 18
56100 55 74
56400 11 24
56700 5 18
56700 11 24
56700 79 84
57000 24 48
57000 46 84
57000 79 86
57300 8 26
57300 9 28
57300 9 62
57300 22 64
57300 28 73
57600 45 72
57900 21 69
57900 58 85
58200 7 16
58200 7 58
58500 9 23
58500 9 73
58500 14 24
58800 25 49
58800 55 79
59100 9 62
59100 9 66
59100 14 48
59100 24 32
59100 50 75
59100 59 76
59400 8 30
59400 8 90
59400 9 73
59400 15 67
59400 52 75
59400 53 73
59700 29 53
59700 37 58
59700 62 69
60000 52 79
60300 9 69
60300 9 66
60300 9 62
60300 12 57
60300 27 75
60300 50 74
60300 62 69
60300 80 85
60600 14 72
60600 30 73
60600 30 69
60600 53 69
60900 9 62
60900 53 63
61200 23 29
61200 29 63
61200 31 71
61200 52 79
61500 9 28
61500 9 63
61500 28 69
61500 37 77
61800 8 37
61800 37 82
61800 37 58
61800 58 82
62100 58 65
62100 76 78
62100 76 81
62100 78 81
62400 1 6
62400 1 59
62400 1 88
62400 7 81
62400 29 53
62700 11 44
62700 25 75
63000 19 86
63300 29 53
63300 46 89
63300 69 70
63600 5 11
63600 18 37
63600 29 53
63900 3 58
63900 29 63
63900 37 58
63900 50 75
64200 28 69
64200 29 53
64200 44 51
64500 29 63
64800 8 26
64800 29 53
64800 36 79
64800 36 55
64800 55 79
65100 6 40
65100 9 73
65100 9 61
65100 50 86
65400 0 24
65400 5 24
65400 39 58
65400 79 88
65700 32 85
65700 50 86
66000 5 47
66000 9 28
66000 9 63
66000 9 69
66000 9 73
66000 9 62
66000 24 48
66000 28 73
66300 3 24
66300 14 45
66300 24 29
66300 24 53
66300 24 28
66300 29 53
66300 44 51
66600 9 73
66600 16 88
66600 21 69
66600 22 64
66600 53 70
66900 15 27
66900 23 30
66900 29 71
66900 37 58
67200 7 78
67200 7 59
67200 20 52
67200 20 35
67200 25 35
67200 28 40
67200 28 73
67200 35 52
67200 35 84
67200 35 87
67200 40 84
67200 42 79
67200 52 84
67200 56 87
67200 56 84
67500 28 84
67800 26 52
67800 29 53
68100 21 27
68100 21 59
68100 34 45
68100 54 71
68400 7 78
68400 28 69
68400 28 66
68400 42 51
68400 46 60
68700 14 24
68700 50 55
69000 4 74
69000 24 48
69000 35 75
69300 8 26
69300 14 44
69600 21 69
69600 21 61
69600 61 69
69900 7 78
69900 16 25
69900 27 60
70200 23 30
70200 24 48
70500 7 86
70800 17 34
70800 28 70
71100 39 58
71100 79 84
71100 79 88
71400 14 58
71400 21 61
71700 0 14
71700 53 70
71700 60 79
72000 18 47
72000 18 37
72000 58 65
72300 8 26
72300 29 53
72300 50 74
72300 53 69
72600 28 69
72600 29 70
72600 44 51
72900 24 58
72900 32 80
72900 67 76
73200 8 26
73200 49 74
73500 29 53
73500 50 74
73500 52 86
73800 29 53
73800 57 88
74100 9 62
74400 17 18
74400 22 58
74400 22 32
74400 32 58
74700 17 68
74700 28 45
74700 44 45
75000 0 48
75000 4 86
75000 9 63
75000 21 84
75000 52 87
75300 4 50
75300 15 67
75300 28 69
75300 30 66
75300 44 51
75300 52 75
75300 55 86
75600 1 16
75600 35 84
75600 35 52
75900 5 14
75900 29 70
75900 44 51
76200 11 44
76200 19 28
76200 25 86
76200 35 75
76200 35 52
76200 45 65
76200 52 75
76500 9 30
76500 12 76
76500 21 56
76500 22 64
76500 38 45
76500 56 76
76800 19 73
76800 52 75
77100 25 87
77400 25 87
77700 7 12
77700 38 69
78000 59 76
78300 15 33
78600 5 24
78600 5 65
78600 9 66
78600 9 13
78600 24 32
78600 57 60
78900 5 11
78900 5 72
78900 9 62
79200 3 44
79200 22 64
79200 44 51
79200 45 58
79500 11 24
79500 49 55
79800 8 58
79800 14 58
79800 19 27
79800 27 50
79800 27 84
79800 27 35
79800 27 52
79800 27 75
79800 35 75
79800 35 38
79800 45 58
79800 58 72
80100 1 7
80100 7 40
80100 33 59
80400 14 47
80400 32 38
80700 9 62
81000 35 75
81000 76 84
81300 2 33
81300 24 87
81300 58 62
81600 29 53
81900 0 48
81900 9 69
81900 9 43
81900 9 73
81900 15 67
81900 23 69
81900 30 66
81900 44 51
81900 52 75
81900 62 73
81900 69 73
82200 11 26
82200 35 75
82500 9 73
82500 29 53
82500 53 73
82800 3 18
82800 7 58
82800 15 33
83100 15 33
83400 22 64
83400 28 73
83700 28 70
84000 4 41
84000 27 57
84000 28 69
84300 5 11
84300 14 48
84300 28 73
84300 29 53
84300 39 51
84300 61 71
84300 70 73
84600 14 58
84600 21 61
84900 22 64
84900 42 52
85200 2 15
85200 9 73
85200 17 18
85200 35 75
85500 17 18
85500 21 56
85500 21 59
85500 24 48
85500 32 58
85800 1 7
85800 9 73
85800 9 62
85800 14 51
85800 23 29
85800 28 29
85800 29 53
85800 49 55
86100 40 88
86100 55 74
86400 8 26
86400 9 62
86400 52 84
86700 14 24
86700 22 77
87000 7 56
87000 9 62
87300 2 10
87300 2 40
87300 6 10
87300 21 88
87300 44 51
87300 57 88
87600 8 26
87600 9 62
87600 9 28
87600 28 73
87600 28 62
87600 50 52
87600 50 86
87900 9 73
87900 28 84
87900 28 76
87900 76 84
88200 1 78
88200 29 70
88200 45 65
88500 0 45
88500 7 78
88500 7 21
88500 14 24
88800 1 16
88800 8 26
89100 9 28
89100 9 63
89400 16 84
89400 28 69
89400 32 38
89400 35 50
89400 37 82
89400 37 77
89400 45 65
89700 3 51
89700 3 23
89700 23 49
89700 28 69
89700 42 51
89700 52 75
89700 80 90
90000 0 24
90000 17 18
90000 79 87
90000 84 87
90300 1 84
90300 5 18
90300 6 84
90300 7 84
90300 20 84
90300 28 30
90300 29 53
90300 32 38
90300 33 84
90300 67 84
90300 81 84
90300 84 88
90600 2 88
90600 7 88
90600 40 88
90600 40 84
90600 84 88
90900 8 90
90900 8 58
90900 45 58
90900 70 73
91200 9 62
91200 36 55
91200 36 79
91200 55 79
91500 7 76
91500 9 63
91800 9 62
91800 16 84
91800 24 48
92100 22 64
92100 24 48
92100 44 51
92100 77 82
92400 6 40
92400 15 33
92400 38 45
92400 44 52
92700 17 68
92700 18 34
92700 35 75
92700 35 36
92700 36 75
93000 3 43
93000 29 53
93300 4 48
93300 8 34
93300 8 90
93300 8 58
93300 11 24
93300 27 76
93300 27 81
93300 45 58
93600 7 58
93600 21 84
93600 24 45
93600 56 60
93900 24 31
93900 31 48
93900 81 88
94200 24 48
94200 31 91
94200 66 69
94500 37 84
94800 9 62
94800 17 68
94800 18 68
95100 5 11
95100 8 85
95100 9 62
95100 12 29
95100 22 51
95100 29 53
95100 38 45
95100 40 41
95100 50 75
95100 61 90
95400 9 73
95400 28 53
95400 50 74
95700 2 39
95700 5 48
95700 12 48
95700 12 14
95700 12 20
95700 14 20
95700 14 58
95700 14 78
95700 20 58
95700 20 78
95700 24 87
95700 29 39
95700 31 58
95700 58 78
96000 3 5
96000 9 62
96000 9 29
96000 11 24
96000 11 48
96000 18 37
96000 24 48
96300 24 45
96300 25 47
96300 27 57
96300 53 70
96600 1 84
96600 5 18
96600 15 88
96600 15 40
96600 15 84
96600 18 32
96600 22 32
96600 23 69
96600 28 30
96600 29 53
96600 59 88
96600 59 84
96600 62 75
96600 81 84
96600 84 88
96900 0 51
96900 17 18
96900 26 65
96900 29 53
96900 45 72
97200 12 58
97200 58 72
97200 59 78
97200 65 72
97500 12 64
97500 12 45
97500 12 58
97500 17 18
97500 18 68
97500 34 58
97500 64 77
97800 3 22
97800 28 66
97800 28 69
98100 27 73
98100 29 53
98100 37 84
98100 49 86
98100 49 50
98400 0 48
98400 9 63
98400 32 71
98700 9 73
99000 12 77
99000 12 84
99000 26 32
99000 77 84
99300 24 48
99600 9 28
99600 15 60
99600 16 76
99600 28 62
99600 35 50
99600 38 90
99600 39 65
99600 50 75
99600 85 90
99900 23 49
99900 25 49
99900 28 69
99900 37 77
99900 52 75
99900 53 61
100200 55 79
100200 75 79
100500 22 64
100500 24 48
100500 77 82
100800 3 22
100800 11 24
100800 42 79
100800 52 79
100800 55 79
101100 7 12
101100 29 53
101400 9 62
101700 1 88
101700 1 59
101700 22 32
102000 29 63
102000 50 86
102300 50 86
102600 4 86
102600 9 73
102600 9 62
102600 24 48
102900 0 14
102900 9 62
102900 29 53
102900 37 58
103200 21 84
103200 30 66
103200 55 86
103500 29 53
103800 0 14
103800 9 62
103800 12 32
103800 17 51
103800 21 56
103800 24 45
103800 28 62
103800 56 60
104100 28 84
104100 39 51
104400 29 53
104700 24 32
105000 29 53
105300 4 52
105300 9 73
105300 9 69
105300 9 62
105300 29 53
105300 52 55
105300 55 79
105300 67 76
105600 1 88
105600 9 73
105600 23 30
105600 29 63
105600 37 77
105600 62 73
105900 9 62
105900 27 88
105900 28 69
105900 29 53
106200 22 64
106500 29 53
106800 9 73
106800 29 63
107100 17 84
107100 24 28
107100 29 53
107400 11 44
107400 63 70
107700 44 51
107700 77 82
108000 9 66
108000 9 62
108000 30 66
108000 50 74
108000 58 72
108300 17 18
108300 35 75
108300 39 90
108600 22 77
108600 22 64
108900 22 85
108900 29 53
108900 32 38
109200 1 76
109200 27 76
109200 35 79
109200 44 51
109200 77 82
109500 24 48
109500 52 75
109500 69 70
109800 6 40
110100 29 63
110400 14 58
110400 25 79
110700 24 48
110700 29 30
110700 30 63
110700 47 58
111000 9 62
111000 22 32
111000 76 78
111300 37 58
111300 44 52
111600 15 60
111900 22 50
112200 0 48
112200 9 77
112200 9 62
112200 28 73
112200 44 51
112500 0 24
112500 4 86
112500 9 63
112500 9 69
112500 24 48
112500 61 62
112800 2 60
112800 28 53
112800 39 58
112800 58 65
113100 22 85
113400 39 58
113400 44 58
113400 49 58
113400 49 79
113400 49 88
113400 79 88
113400 79 84
113700 7 25
113700 7 16
113700 30 66
113700 61 69
114000 28 69
114300 7 25
114300 16 25
114300 30 66
114300 50 86
114600 53 63
114900 28 53
114900 44 51
115200 12 44
115200 12 72
115200 12 58
115200 17 34
115200 35 50
115200 43 58
115200 44 58
115200 44 56
115200 50 75
115200 53 70
115200 56 58
115200 56 65
115500 29 63
115800 3 5
115800 3 22
115800 5 18
115800 11 24
115800 18 22
115800 22 64
115800 55 79
116100 2 28
116100 5 22
116100 22 85
116400 23 53
116400 28 69
116400 35 52
116400 46 50
116400 50 86
116400 53 70
116700 23 30
116700 29 53
116700 29 30
116700 35 52
116700 37 84
116700 43 45
116700 44 51
117000 3 14
117000 7 88
117000 9 63
117000 9 28
117300 28 29
117300 29 53
117300 35 52
117600 5 22
117600 5 72
117600 5 37
117600 22 37
117600 22 72
117600 22 26
117600 26 37
117600 29 53
117600 37 72
117600 37 90
117900 29 53
118200 29 63
118500 29 53
118500 35 75
118500 42 50
118800 28 66
119100 20 31
119100 24 31
119100 24 48
119100 31 48
119100 71 83
119400 9 62
119400 16 88
119400 23 53
119400 28 73
119400 29 73
119400 35 52
119400 53 73
119700 15 60
119700 21 60
119700 85 90
120000 5 72
120000 49 55
120000 49 86
120000 55 86
120300 21 76
120300 21 69
120300 22 85
120600 37 58
120900 14 85
120900 23 69
120900 23 31
120900 27 75
120900 31 69
121200 52 79
121500 5 14
121500 9 62
121500 37 58
121500 44 45
121800 42 43
121800 42 72
121800 42 58
121800 58 72
122100 63 70
122400 9 62
122400 35 75
122700 9 62
122700 50 86
123000 2 15
123000 2 33
123000 9 73
123000 9 62
123000 15 72
123000 29 63
123000 50 75
123000 58 86
123000 58 78
123000 58 59
123000 59 78
123000 72 86
123000 72 78
123000 72 75
123000 75 86
123300 29 53
123300 52 87
123600 24 69
123600 28 69
123900 9 62
123900 18 34
123900 21 66
123900 29 69
123900 45 83
123900 50 74
123900 55 79
123900 57 60
124200 8 26
124200 23 30
124200 23 53
124200 29 53
124200 30 53
124200 39 58
124500 3 45
124800 9 63
124800 9 73
125100 52 79
125400 11 23
125400 23 69
125400 45 58
125700 29 53
125700 52 86
126000 29 53
126300 35 55
126300 50 74
126600 9 29
126600 14 48
126600 53 66
126900 1 16
126900 7 88
126900 9 62
126900 35 79
126900 35 52
126900 35 36
126900 36 79
126900 76 88
127200 29 53
127500 29 53
127800 0 14
127800 0 3
127800 3 14
127800 7 78
128100 6 58
128100 6 7
128100 7 58
128100 8 14
128100 9 62
128100 14 37
128100 35 75
128400 31 71
128700 29 53
128700 37 77
129000 7 12
129000 33 84
129000 72 85
129000 79 88
129300 14 22
129600 3 14
129600 19 24
129600 24 48
129600 53 70
129900 12 78
130200 9 63
130200 9 28
130200 61 62
130500 14 22
130500 14 39
130500 21 84
130500 30 90
130500 59 78
130800 1 33
130800 1 2
130800 1 6
130800 2 6
130800 6 84
130800 6 33
130800 10 84
130800 12 44
130800 33 44
130800 39 51
130800 51 58
130800 51 65
130800 56 84
130800 58 65
130800 67 84
131100 3 24
131100 15 33
131100 28 29
131100 44 51
131100 53 63
131400 14 58
131400 21 61
131700 9 23
131700 9 62
132000 49 55
132300 55 79
132600 28 29
132600 29 70
132900 3 85
132900 50 86
133200 0 14
133200 7 78
133200 9 62
133200 21 84
133200 21 56
133200 29 53
133200 52 87
133500 14 24
133500 28 84
133500 39 51
133800 7 46
133800 17 18
133800 17 68
133800 45 58
134100 7 27
134100 8 17
134100 8 51
134100 8 39
134100 8 14
134100 14 51
134100 14 90
134100 19 51
134100 39 51
134100 51 90
134400 5 85
134400 5 80
134400 21 84
134400 28 69
134700 3 44
134700 5 72
134700 7 58
134700 9 23
135000 0 24
135000 45 58
135000 50 86
135000 55 74
135300 24 45
135300 29 53
135300 44 51
135600 14 37
135600 17 68
135900 29 53
135900 37 58
136200 22 38
136200 29 53
136200 29 30
136200 29 66
136200 30 53
136500 16 61
136500 23 53
136500 28 69
136500 30 53
136800 7 12
136800 29 53
136800 45 83
136800 50 74
137100 35 75
137100 39 58
137100 65 84
137100 79 88
137400 29 70
137700 5 54
137700 7 59
137700 9 62
137700 62 69
138000 23 30
138000 42 76
138000 49 55
138300 5 75
138600 3 5
138600 29 63
138600 29 73
138600 50 88
138900 30 66
138900 32 91
138900 34 72
138900 53 63
139200 0 24
139200 20 84
139200 35 52
139200 35 84
139200 55 79
139200 56 87
139200 56 84
139500 7 25
139500 28 69
139800 9 62
139800 38 58
139800 38 45
139800 45 58
140100 11 48
140100 49 84
140100 50 74
140100 75 88
140100 79 88
140400 14 48
140400 14 24
140400 24 48
140400 53 63
140700 24 48
140700 52 84
140700 53 63
141000 35 52
141000 44 77
141000 56 84
141300 19 62
141300 22 64
141300 77 82
141600 7 25
141600 9 72
141600 22 64
141600 35 52
141900 28 84
141900 39 51
142200 17 18
142500 12 60
142500 19 75
142500 35 75
142500 35 50
142500 50 75
142500 50 52
142500 52 75
142800 29 53
143100 16 76
143100 32 38
143400 35 75
143400 35 52
143400 52 75
143700 21 84
143700 22 85
144000 18 37
144000 29 53
144000 35 55
144000 39 72
144000 80 85
144300 22 64
144300 35 79
144300 77 82
144600 17 18
144600 29 63
144900 21 59
145200 58 65
145200 76 84
145500 0 24
145500 50 86
145500 56 84
145800 21 56
145800 24 48
146100 9 62
146100 24 31
146100 24 48
146100 31 48
146400 2 15
146400 9 73
146400 20 40
146400 40 75
146400 44 70
146700 9 73
146700 29 69
146700 29 53
146700 37 58
146700 50 74
146700 53 69
147000 5 85
147000 76 78
147300 14 48
147300 23 30
147300 24 48
147300 39 58
147300 45 58
147300 45 72
147300 58 72
147600 4 50
147600 5 24
147600 7 57
147600 8 26
147600 9 62
147600 13 50
147600 14 90
147600 14 37
147600 32 80
147600 37 90
147900 11 23
148200 29 53
148200 50 86
148500 9 63
148800 8 83
148800 29 53
148800 44 51
149100 6 12
149100 6 26
149100 9 62
149100 9 26
149100 12 46
149100 14 24
149400 21 69
149400 24 45
149700 9 28
149700 12 84
149700 55 87
150000 5 18
150000 29 90
150000 44 51
150000 45 64
150000 81 88
150300 0 14
150300 3 14
150300 8 90
150300 9 69
150300 16 84
150300 30 53
150300 65 82
150600 7 27
150600 27 57
150600 57 60
150900 21 61
150900 22 64
150900 57 88
151200 5 37
151200 24 48
151200 24 31
151200 31 48
151500 23 30
151500 45 72
151500 45 65
151500 49 74
151500 50 86
151500 52 84
151500 65 72
151800 5 37
151800 35 75
151800 35 49
151800 46 57
152100 24 48
152100 26 31
152400 17 18
152400 22 32
152400 79 87
152400 84 87
152700 18 37
152700 53 70
153000 8 39
153000 8 85
153000 9 62
153000 38 45
153300 15 33
153300 60 81
153300 76 88
153600 2 28
153600 2 39
153600 11 34
153600 28 38
153600 61 86
153600 77 86
153900 1 7
153900 1 27
153900 7 27
153900 14 37
153900 29 53
154200 12 58
154200 43 58
154200 44 45
154200 79 88
154500 42 86
154500 55 86
154800 22 64
154800 24 48
154800 44 51
154800 52 87
154800 77 82
155100 9 73
155100 11 23
155100 17 18
155100 22 85
155400 52 79
155700 3 58
156000 11 24
156000 11 51
156000 17 68
156000 22 64
156000 27 51
156000 27 68
156300 14 50
156300 22 64
156300 30 66
156300 44 86
156600 69 70
156900 8 26
156900 44 51
157200 1 33
157200 1 7
157200 5 72
157200 24 45
157200 37 58
157200 58 65
157500 17 18
157800 7 84
157800 24 84
157800 27 84
157800 33 84
157800 51 58
158100 30 57
158100 51 90
158100 52 75
158100 56 59
158100 58 65
158100 59 78
158400 49 84
158700 4 87
158700 9 62
158700 22 85
158700 29 53
158700 36 50
158700 84 89
159000 9 28
159000 9 69
159000 9 63
159000 17 68
159000 28 73
159000 28 70
159000 28 30
159000 28 69
159000 30 62
159000 35 75
159000 53 62
159000 53 70
159000 61 62
159300 35 75
159300 35 52
159600 9 62
159600 29 53
159900 3 37
159900 8 26
159900 22 37
159900 23 30
159900 29 63
159900 37 90
160200 9 62
160200 9 73
160200 17 18
160200 50 74
160200 53 69
160200 55 79
160500 9 73
160800 14 58
160800 21 40
160800 47 58
161100 14 58
161100 14 37
161100 22 91
161100 23 30
161100 38 80
161100 85 91
161400 9 73
161400 50 86
161700 0 14
161700 14 37
161700 17 18
161700 37 82
162000 8 26
162000 9 62
162000 9 73
162000 69 73
162300 6 40
162300 9 30
162300 9 29
162300 28 29
162300 28 53
162300 29 53
162600 16 78
162600 28 73
162600 53 63
162600 70 73
162600 75 79
162900 11 44
162900 44 53
162900 53 70
163200 37 58
163200 50 86
163500 34 84
163500 35 75
163500 35 50
163500 37 84
163500 50 86
163500 75 86
163800 29 53
163800 59 76
164100 9 53
164100 29 53
164100 37 58
164100 50 86
164100 53 73
164400 2 10
164400 2 6
164400 6 10
164700 11 57
164700 22 64
164700 29 30
164700 30 63
164700 47 58
164700 56 57
165000 9 62
165000 12 16
165000 35 75
165000 57 60
165000 57 88
165000 58 90
165300 7 25
165300 19 79
165300 21 79
165300 21 61
165300 24 48
165300 24 45
165300 28 69
165300 61 66
165300 79 87
165600 14 37
165600 37 58
165600 44 51
165900 1 27
165900 1 7
165900 6 27
165900 6 7
165900 27 33
165900 29 63
165900 37 58
165900 44 65
166200 2 88
166200 7 58
166500 22 38
166500 25 28
166500 25 53
166500 28 53
166500 53 69
166800 6 88
166800 18 37
166800 22 85
166800 23 69
166800 28 62
167100 9 46
167100 55 84
167400 22 32
167400 53 70
167700 79 86
168000 17 18
168000 18 68
168000 24 48
168000 32 58
168300 11 16
168300 35 51
168300 35 84
168300 40 57
168300 44 51
168300 44 45
168300 45 51
168300 53 70
168300 56 88
168300 57 88
168600 7 76
168600 8 26
168600 15 33
168600 23 29
168600 29 53
168600 53 63
168900 4 52
168900 8 26
168900 28 29
168900 29 70
168900 37 77
168900 38 39
169200 7 27
169200 7 57
169200 27 77
169200 27 58
169200 58 77
169500 21 69
169500 29 63
169800 9 63
169800 28 70
169800 28 53
169800 37 65
169800 53 70
169800 61 62
170100 3 5
170100 29 73
170100 50 86
170400 30 53
170400 58 72
170700 3 14
170700 21 84
170700 28 73
170700 29 70
170700 45 65
171000 0 14
171000 16 59
171000 53 69
171300 36 50
171600 3 5
171600 9 29
171600 11 48
171600 11 24
171600 24 48
171600 57 88
171600 74 86
171900 51 54
171900 63 89
172200 0 24
172200 9 66
172200 23 29
172500 1 76
172500 37 58
172800 35 75
172800 55 86
173100 11 48
173100 22 32
173100 58 65
173400 0 14
173400 7 16
173400 8 60
173400 8 90
173400 9 62
173400 53 66
173700 5 18
173700 7 88
173700 8 26
173700 53 63
174000 28 70
174300 9 30
174300 29 53
174300 30 62
174300 37 77
174300 49 52
174300 52 84
174600 0 45
174600 4 86
174600 29 91
174600 29 53
174600 53 63
174900 9 62
174900 29 73
174900 29 63
175200 0 24
175200 19 42
175200 19 50
175200 20 35
175200 22 32
175200 55 79
175200 84 87
175500 29 53
175500 39 51
175500 53 63
175500 53 69
175500 66 69
175800 17 80
175800 21 84
175800 24 48
175800 35 75
175800 46 84
176100 17 68
176100 50 86
176400 28 70
176400 39 72
176400 72 90
176700 7 50
177000 9 62
177000 38 58
177000 38 45
177000 59 78
177000 76 78
177300 56 84
177600 0 14
177600 41 79
177600 53 69
177600 77 82
177900 8 26
177900 22 71
177900 38 85
177900 38 90
177900 39 65
177900 58 85
177900 72 90
178200 9 62
178200 14 24
178200 19 58
178200 21 69
178200 25 79
178200 39 51
178200 51 65
178200 58 72
178200 65 72
178200 66 70
178500 3 18
178500 9 62
178500 18 65
178500 29 53
178800 2 15
178800 7 16
178800 7 12
178800 12 16
179100 2 15
179100 3 14
179100 7 50
179100 9 62
179100 9 73
179400 9 73
179400 14 24
179400 59 76
179700 1 16
179700 2 6
179700 2 10
179700 6 40
179700 6 27
179700 6 10
179700 10 16
179700 10 40
179700 12 77
179700 12 44
179700 16 33
179700 17 18
179700 24 48
179700 27 40
179700 27 46
179700 27 65
179700 27 57
179700 39 65
179700 46 56
179700 46 57
180000 12 88
180000 22 85
180000 55 74
180300 7 88
180600 5 14
180600 37 58
180900 13 88
180900 21 88
180900 29 53
180900 29 69
180900 45 83
180900 50 74
180900 55 79
181200 15 33
181200 50 86
181200 60 81
181200 76 88
181500 8 26
181500 21 61
181500 22 64
181800 7 25
181800 16 25
181800 30 66
182100 45 65
182100 50 86
182100 55 74
182400 8 26
182400 26 80
182400 31 58
182400 39 85
182400 80 91
182700 0 65
182700 0 14
182700 22 64
182700 24 48
182700 44 51
183000 5 18
183000 5 11
183000 62 73
183300 14 39
183300 14 58
183600 14 24
183600 21 69
183600 29 53
183600 85 91
183900 9 62
183900 9 53
183900 12 58
183900 12 44
183900 12 77
183900 39 65
183900 39 58
183900 44 65
183900 53 70
183900 58 65
184200 22 80
184200 28 69
184200 53 70
184500 14 24
184500 18 47
184800 3 14
184800 4 86
184800 7 12
184800 9 28
185100 6 40
185100 24 45
185100 49 86
185100 57 60
185400 11 44
185400 24 48
185700 24 48
185700 35 52
185700 39 45
185700 57 62
186000 5 18
186000 7 88
186000 16 88
186000 28 73
186000 29 53
186000 39 51
186000 49 86
186000 49 55
186000 55 86
186300 58 59
186300 59 76
186300 59 78
186300 60 81
186300 76 88
186600 24 48
186600 37 58
186900 42 84
186900 52 84
186900 53 63
187200 24 48
187200 24 45
187200 29 63
187200 29 70
187200 39 45
187200 42 50
187200 42 65
187200 45 72
187200 45 48
187500 24 48
187500 31 32
187800 52 79
188100 55 79
188400 29 63
188700 1 76
188700 19 76
188700 22 64
188700 35 79
188700 77 82
189000 35 75
189300 15 33
189600 29 53
189600 37 58
189600 50 86
189600 51 65
189900 22 72
189900 28 69
190200 3 5
190200 29 63
190500 17 68
190500 28 69
190500 29 53
190500 37 82
190500 44 51
190800 1 59
190800 1 88
190800 1 84
190800 11 24
190800 12 88
190800 15 88
190800 23 69
190800 24 55
191100 7 88
191100 9 62
191100 29 53
191400 28 53
191700 0 45
191700 29 53
191700 37 58
191700 37 47
192000 15 67
192000 30 66
192000 37 58
192000 37 77
192000 52 75
192000 62 73
192000 64 82
192000 65 82
192300 24 48
192300 46 84
192300 74 79
192600 7 58
192600 12 15
192600 15 33
192900 23 30
192900 29 53
192900 52 86
192900 57 60
192900 74 86
193200 5 34
193200 29 63
193500 5 18
193500 35 50
193500 42 50
193500 50 86
193800 0 24
194100 34 84
194100 58 72
194100 80 85
194400 1 16
194400 1 59
194400 15 16
194400 16 59
194400 49 55
194400 55 79
194700 5 72
194700 9 62
194700 49 86
195000 3 8
195000 14 85
195000 19 79
195000 24 48
195000 45 65
195300 7 78
195300 9 69
195300 9 29
195300 29 63
195600 3 11
195600 28 76
195600 57 76
195900 17 68
195900 42 50
196200 0 48
196200 9 62
196200 15 67
196200 16 59
196200 24 48
196200 28 30
196200 28 69
196200 44 51
196200 52 75
196200 62 73
196500 11 26
196500 35 75
196800 11 48
196800 12 49
196800 49 67
196800 58 65
196800 60 89
197100 45 83
197100 55 79
197100 58 72
197100 58 85
197100 80 85
197400 2 71
197400 14 58
197400 14 39
197400 14 24
197400 37 82
197400 39 58
197400 53 70
197400 58 82
197700 17 18
197700 45 65
198000 29 63
198300 67 84
198600 28 62
198600 28 29
198600 29 53
198900 23 69
198900 23 30
198900 29 53
198900 30 63
198900 30 53
199200 29 53
199500 29 53
199500 37 58
199800 9 73
200100 14 58
200100 53 66
200400 11 86
200400 12 86
200400 76 78
200700 7 78
200700 8 26
200700 14 24
200700 14 64
200700 17 68
200700 29 53
201000 3 68
201000 9 62
201000 28 69
201000 37 77
201000 52 75
201000 62 73
201300 9 62
201300 9 17
201300 24 48
201300 76 88
201600 44 86
201600 58 65
201900 0 14
201900 7 16
201900 8 90
201900 8 60
201900 9 69
201900 17 68
201900 17 18
202200 22 85
202200 61 69
202500 5 34
202500 5 37
202500 7 27
202500 23 30
202500 30 34
202800 24 48
202800 26 31
202800 35 75
202800 37 91
203100 0 24
203100 5 34
203100 23 29
203100 29 30
203400 12 43
203700 1 88
203700 9 62
203700 9 69
203700 9 66
203700 27 88
203700 28 69
203700 29 30
203700 30 66
204000 9 62
204000 29 69
204000 50 74
204000 53 69
204000 55 79
204300 24 45
204300 29 53
204300 37 58
204300 44 51
204600 11 23
204600 23 69
204600 53 63
204900 8 26
204900 42 59
204900 53 63
205200 4 79
205200 9 29
205200 27 81
205500 45 65
205800 7 58
205800 24 48
205800 29 53
205800 49 52
206100 19 50
206100 19 75
206100 27 60
206100 35 50
206100 35 75
206100 50 75
206400 14 24
206400 14 58
206400 24 58
206700 9 73
206700 9 62
207000 8 26
207000 53 63
207300 3 72
207300 22 38
207300 22 32
207600 29 69
207600 66 69
207900 24 48
208200 8 26
208200 14 44
208200 52 79
208500 9 62
208500 15 33
208500 44 52
208500 62 73
208800 3 5
208800 29 63
209100 9 73
209100 35 50
209100 50 86
209100 50 84
209400 3 14
209400 9 62
209400 9 28
209400 9 44
209400 34 44
209400 44 45
209700 8 26
209700 53 63
210000 28 84
210000 35 75
210000 39 51
210000 55 75
210300 12 16
210300 27 81
210300 39 57
210300 50 86
210600 7 12
210600 22 32
210900 18 22
210900 22 85
210900 28 66
210900 80 85
211200 7 25
211200 35 84
211200 52 84
211500 7 16
211500 7 25
211500 16 25
211500 17 18
211500 30 66
211800 3 37
211800 9 30
211800 32 88
212100 11 24
212100 19 59
212100 19 76
212100 37 72
212100 59 76
212100 70 73
212400 0 48
212400 8 90
212400 8 16
212400 29 53
212400 29 30
212400 62 73
212700 21 56
212700 22 64
212700 24 48
212700 35 79
212700 77 82
213000 7 84
213000 8 26
213000 21 84
213000 31 71
213300 25 86
213300 29 53
213300 50 86
213600 24 59
213600 29 53
213600 45 90
213600 53 63
213900 4 86
213900 23 29
213900 29 53
214200 7 16
214200 29 53
214200 45 58
214500 5 44
214500 11 44
214500 28 69
214500 29 70
214500 44 51
214800 7 27
214800 27 60
214800 27 57
214800 28 61
214800 29 53
214800 49 74
214800 57 60
215100 23 29
215100 55 74
215400 1 12
215400 5 45
215400 9 73
215400 9 62
215700 7 21
215700 7 78
215700 17 68
215700 21 78
215700 29 53
215700 36 50
216000 18 37
216000 23 30
216000 38 91
216300 19 73
216300 29 63
216300 56 84
216600 28 84
216900 1 59
216900 6 88
216900 32 38
217200 7 12
217200 22 91
217200 24 32
217200 33 84
217200 79 88
217200 85 91
217500 9 62
217500 9 19
217500 22 64
217500 24 48
217500 38 44
217800 3 53
217800 7 33
217800 11 56
217800 22 32
217800 22 45
217800 28 70
217800 44 51
217800 53 70
217800 53 61
218100 25 86
218100 30 53
218100 53 77
218400 5 21
218400 21 84
218700 21 46
218700 21 26
218700 24 48
218700 26 31
218700 49 79
218700 75 79
219000 5 37
219000 5 18
219000 14 77
219000 18 37
219000 64 77
219300 24 48
219300 57 76
219600 7 58
219900 17 18
219900 29 61
219900 44 51
220200 14 71
220200 44 51
220200 50 86
220500 0 48
220500 4 50
220500 9 73
220500 9 62
220500 15 67
220500 52 75
220500 53 66
220800 25 84
220800 64 77
220800 75 79
221100 0 24
221100 42 79
221100 42 44
221100 56 84
221400 15 33
221400 25 86
221700 28 69
221700 65 91
222000 11 44
222000 24 63
222000 37 82
222000 86 91
222300 16 84
222300 28 73
222300 44 51
222600 7 25
222600 9 66
222600 22 64
222900 9 60
222900 15 33
222900 35 75
223200 7 88
223200 9 62
223200 52 75
223500 9 73
223500 9 62
223500 50 74
223800 2 6
223800 5 51
223800 5 39
223800 6 10
223800 7 16
223800 9 62
223800 14 82
224100 15 33
224100 46 76
224100 60 81
224400 22 64
224400 28 57
224400 37 58
224700 7 84
224700 35 86
224700 35 50
224700 37 80
224700 37 50
224700 38 86
224700 50 75
224700 50 80
225000 0 24
225000 17 68
225300 9 63
225300 28 70
225300 35 75
225600 0 14
225600 14 37
225600 17 18
225600 28 30
225600 64 77
225900 28 69
225900 46 89
226200 8 50
226200 9 62
226200 38 58
226200 38 45
226200 50 75
226500 12 44
226500 58 65
226800 28 69
227100 28 69
227100 30 53
227100 53 70
227400 24 48
227700 5 18
228000 12 44
228000 12 58
228000 12 77
228000 24 48
228000 58 65
228300 1 78
228300 3 5
228300 29 63
228600 8 26
228600 42 43
228600 53 63
228900 49 74
229200 6 40
229200 9 62
229200 35 49
229200 55 74
229500 7 58
229500 24 35
229500 29 53
229500 49 52
229500 55 79
229800 19 78
229800 21 63
229800 29 53
230100 22 64
230400 21 56
230400 24 48
230700 5 39
230700 8 84
230700 9 31
230700 24 48
230700 29 53
230700 46 84
231000 15 33
231300 21 46
231300 24 48
231300 26 31
231300 75 79
231600 0 45
231600 3 5
231600 9 29
231600 9 30
231600 9 70
231600 9 28
231900 14 47
231900 45 72
232200 14 44
232200 14 22
232500 9 62
232500 29 53
232800 40 56
233100 21 28
233100 29 53
233100 67 78
233400 0 24
233400 0 48
233400 9 62
233400 15 67
233400 23 30
233700 5 80
233700 5 18
233700 18 80
234000 17 68
234000 17 34
234000 34 68
234000 35 75
234000 36 75
234000 75 86
234300 2 10
234300 10 16
234300 10 33
234300 11 84
234300 12 44
234300 24 31
234300 39 51
234300 51 58
234300 58 65
234600 50 86
234900 3 80
234900 28 53
234900 49 55
235200 11 23
235200 17 18
235200 23 69
235200 35 74
235200 62 73
235500 35 52
235800 4 50
235800 4 52
235800 14 24
235800 21 69
235800 29 53
236100 17 68
236100 36 50
236400 9 29
236400 29 62
236400 29 63
236400 62 73
236400 63 66
236700 7 58
236700 21 69
236700 36 50
237000 9 28
237000 9 63
237000 9 69
237000 28 69
237000 28 70
237300 24 58
237300 28 84
237300 28 62
237600 29 53
237600 51 65
237900 9 29
237900 11 48
237900 27 81
237900 57 88
238200 3 83
238200 50 74
238500 7 12
238500 23 29
238800 14 18
238800 25 58
238800 29 53
238800 35 75
238800 50 75
238800 53 63
238800 56 60
239100 14 24
239400 9 51
239400 9 39
239400 39 51
239700 50 84
240000 16 46
240000 35 84
240000 44 51
240000 57 88
240300 2 84
240300 3 68
240300 9 62
240300 9 30
240300 24 48
240300 52 75
240300 62 73
240600 2 10
240600 2 6
240600 3 14
240600 6 10
240600 11 14
240600 14 34
240600 27 46
240600 44 51
240900 8 26
240900 44 51
241200 29 63
241500 9 73
241500 24 28
241500 29 53
241800 28 73
241800 62 73
241800 67 84
241800 67 76
242100 24 28
242100 29 53
242100 55 74
242100 76 81
242400 28 69
242400 37 82
242700 22 85
242700 76 78
243000 7 81
243000 14 45
243000 57 60
243300 7 16
243300 9 29
243300 22 32
243300 52 55
243300 55 74
243600 5 72
243600 5 37
243600 22 26
243600 22 37
243600 22 72
243600 26 37
243600 26 72
243600 29 53
243600 37 72
243600 53 63
243900 21 84
244200 50 74
244500 21 69
244500 29 63
244800 37 58
244800 53 66
244800 53 61
244800 53 70
244800 62 73
245100 7 88
245100 17 51
245100 29 53
245100 29 63
245100 39 51
245400 3 85
245400 22 85
245700 9 19
245700 9 62
245700 9 73
245700 19 73
245700 45 65
245700 62 73
246000 9 62
246300 24 48
246300 29 53
246300 35 75
246600 5 14
246600 6 88
246600 14 24
246600 28 30
246900 14 24
246900 76 78
247200 9 73
247200 63 70
247500 7 58
247500 15 33
247500 44 52
247800 7 88
247800 22 64
247800 59 67
247800 61 66
248100 0 65
248100 14 65
248100 39 45
248400 53 62
248400 76 78
248700 52 86
248700 63 70
249000 5 74
249000 5 37
249000 9 62
249000 9 73
249000 24 48
249000 24 77
249000 24 74
249300 0 14
249300 18 45
249300 35 52
249600 17 68
249900 9 63
249900 37 77
250200 12 59
250200 50 86
250200 75 84
250500 21 84
250500 23 29
250500 51 65
250800 9 62
250800 23 53
250800 23 73
250800 28 53
250800 28 73
250800 29 53
250800 39 51
251100 9 62
251100 39 51
251400 8 82
251400 9 19
251400 9 62
251400 22 39
251400 22 64
251400 37 58
251400 38 44
251700 0 14
251700 8 54
251700 8 32
251700 8 26
251700 22 91
251700 25 39
251700 39 51
252000 0 24
252000 4 84
252000 35 52
252000 55 79
252300 24 45
252300 55 79
252300 69 73
252600 0 24
252900 12 42
253200 7 16
253200 7 25
253200 16 25
253500 9 73
253500 29 63
253800 29 70
254100 50 74
254100 53 69
254400 1 59
254400 29 53
254400 75 79
254700 4 79
254700 37 58
254700 75 79
255000 22 38
255300 9 62
255300 22 85
255300 29 53
255300 29 30
255300 50 86
255600 0 14
255600 12 88
255600 31 51
255600 51 71
255900 29 53
256200 3 80
256500 8 79
256500 14 24
256500 21 69
256500 29 53
256500 45 58
256800 12 58
256800 39 58
256800 79 88
257100 8 26
257100 9 62
257100 21 84
257400 19 59
257400 19 76
257400 21 61
257400 24 45
257400 25 47
257400 27 57
257400 28 69
257400 44 51
257400 53 66
257700 35 75
257700 44 51
258000 11 58
258000 27 64
258000 28 53
258000 53 70
258000 85 90
258300 11 44
258600 1 65
258600 8 39
258600 8 85
258600 9 62
258600 14 45
258600 29 63
258600 38 45
258600 41 86
258600 50 75
258600 53 70
258600 75 79
258900 15 33
258900 25 55
258900 56 60
259200 35 75
259200 45 58
259500 37 58
259500 44 51
259800 22 64
259800 45 85
259800 45 65
259800 65 85
260100 12 56
260100 56 58
260400 1 40
260400 2 12
260400 7 40
260400 12 72
260400 58 72
260700 49 55
260700 49 86
260700 50 86
260700 52 55
261000 15 33
261000 22 85
261000 28 66
261000 44 51
261000 53 63
261300 20 40
261300 29 53
261600 25 36
261600 53 63
261900 9 30
261900 9 28
261900 9 53
261900 17 18
261900 28 30
261900 28 73
261900 29 53
261900 44 51
261900 50 75
262200 32 80
262200 50 74
262500 22 85
262500 46 89
262800 11 84
262800 12 84
262800 16 33
262800 29 53
262800 42 43
262800 49 84
262800 49 58
262800 49 64
262800 58 84
262800 64 77
262800 79 88
263100 9 62
263400 53 69
263400 61 69
263700 28 70
264000 12 78
264000 58 65
264000 84 89
264300 27 60
264300 29 63
264300 37 58
264300 50 75
264600 1 7
264600 17 18
264600 55 79
264600 75 79
264900 67 84
265200 28 69
265500 23 30
265500 49 74
265500 49 55
265500 55 74
265500 69 73
265800 8 26
265800 50 74
266100 53 70
266400 5 24
266400 7 16
266400 8 26
266400 14 90
266400 18 37
266700 64 77
267000 7 78
267000 20 35
267000 29 73
267000 35 52
267000 56 87
267000 56 84
267000 63 70
267000 84 87
267300 29 53
267300 29 63
267300 45 65
267300 45 85
267300 58 65
267600 2 15
267600 9 73
267600 9 30
267600 29 63
267600 61 63
267900 15 33
267900 49 50
268200 17 18
268200 32 38
268500 0 14
268800 27 60
268800 29 63
269100 3 68
269100 29 63
269400 29 70
269400 44 72
269400 53 70
269700 24 28
269700 29 53
270000 1 12
270000 9 73
270000 9 62
270000 51 71
270300 7 16
270300 29 53
270300 49 52
270600 11 24
270600 23 30
270600 50 86
270600 84 88
270900 15 33
270900 23 61
271200 5 22
271200 23 61
271500 9 62
271500 29 53
271500 57 88
271800 14 58
271800 22 38
272100 14 32
272400 5 51
272400 5 35
272400 14 39
272400 17 51
272400 27 65
272400 27 72
272400 27 35
272400 27 75
272400 35 37
272400 35 45
272400 35 75
272400 45 58
272400 45 72
272400 51 68
272400 58 72
272700 26 32
273000 4 86
273000 7 12
273000 9 28
273000 9 63
273000 37 58
273000 52 87
273300 5 39
273300 35 87
273300 35 86
273300 35 52
273600 7 58
273600 9 73
273600 24 35
273600 29 53
273600 35 48
273600 42 55
273600 49 52
273900 29 53
273900 69 70
274200 28 43
274200 39 51
274500 14 65
274500 14 45
274500 22 64
274500 29 53
274500 39 58
274500 39 85
274500 46 89
274500 58 85
274500 58 65
274800 5 39
274800 14 58
274800 40 88
274800 49 55
275100 44 51
275100 88 89
275400 29 70
275400 29 69
275400 29 53
275400 53 63
275400 59 78
275400 85 91
275700 5 72
275700 5 37
275700 5 22
275700 18 72
275700 22 37
275700 22 72
275700 22 26
275700 26 72
275700 26 37
275700 26 71
275700 28 73
275700 37 72
276000 62 73
276300 28 30
276600 5 37
276600 5 13
276600 5 74
276600 9 62
276600 74 81
276900 11 84
276900 14 71
276900 37 58
276900 50 86
277200 24 58
277500 9 62
277500 9 45
277500 12 57
277500 13 50
277500 14 85
277500 14 24
277500 27 75
277500 45 61
277500 45 83
277500 50 74
277800 14 72
277800 28 53
278100 0 14
278400 53 70
0 1 15
0 29 63
0 55 79
0 56 87
0 75 79
300 7 84
300 8 26
300 21 84
300 31 71
600 22 64
600 40 88
600 44 51
600 67 78
900 2 15
900 9 73
900 20 40
900 40 75
900 44 70
1200 1 7
1200 7 40
1200 33 59
1500 16 78
1500 28 73
1500 53 63
1500 70 73
1500 75 79
1800 25 87
2100 26 32
2400 3 72
2400 22 32
2400 52 79
2400 62 73
2400 79 86
2700 11 69
2700 11 23
2700 23 69
2700 53 63
3000 23 29
3000 55 74
3300 21 27
3300 21 59
3300 34 45
3300 54 71
3600 9 73
3600 29 63
3900 11 44
3900 11 30
3900 24 48
4200 17 18
4200 42 43
4200 45 58
4500 3 68
4500 29 63
4800 9 62
4800 39 51
5100 9 73
5100 29 63
5400 29 53
5400 50 86
5700 9 73
5700 16 88
5700 21 69
5700 22 64
5700 53 70
6000 15 33
6300 28 53
6600 2 28
6600 2 39
6600 11 34
6600 28 38
6600 61 86
6600 77 86
6900 42 51
6900 46 60
6900 53 70
7200 9 62
7200 11 44
7500 8 26
7500 29 53
7500 36 79
7500 36 55
7500 55 79
7800 37 58
7800 50 86
8100 3 45
8400 44 51
8400 55 79
8700 9 30
8700 9 28
8700 9 53
8700 17 18
8700 28 30
8700 28 73
8700 29 53
8700 44 51
8700 50 75
9000 0 24
9000 45 58
9000 50 86
9000 55 74
9300 11 44
9300 63 70
9600 17 18
9600 22 58
9600 22 32
9600 32 58
9900 1 16
9900 1 59
9900 15 16
9900 16 59
9900 49 55
9900 55 79
10200 1 27
10200 1 7
10200 6 27
10200 6 7
10200 27 33
10200 29 63
10200 37 58
10200 44 65
10500 28 43
10500 39 51
10800 30 53
10800 58 72
11100 9 73
11100 35 50
11100 50 86
11100 50 84
11400 0 14
11400 9 62
11400 12 32
11400 17 51
11400 21 56
11400 24 45
11400 28 62
11400 56 60
11700 35 75
11700 76 84
12000 45 58
12000 45 72
12000 63 70
12300 8 26
12300 26 80
12300 31 58
12300 39 85
12300 80 91
12600 1 88
12600 9 62
12600 9 69
12600 9 66
12600 27 88
12600 28 69
12600 29 30
12600 30 66
12900 5 72
12900 5 37
12900 5 22
12900 18 72
12900 22 37
12900 22 72
12900 22 26
12900 26 72
12900 26 37
12900 26 71
12900 28 73
12900 37 72
13200 28 69
13200 46 60
13200 49 86
13200 49 55
13200 55 86
13500 6 40
13500 15 33
13500 38 45
13500 44 52
13800 22 64
13800 24 48
13800 77 82
14100 22 64
14100 27 57
14100 44 51
14100 77 82
14400 20 35
14400 39 45
14400 42 79
14700 21 84
15000 14 72
15000 28 53
15300 29 53
15300 29 63
15600 50 86
15600 52 84
15600 52 75
15600 59 76
15600 75 84
15900 29 53
16200 53 70
16500 8 90
16500 8 58
16500 45 58
16500 70 73
16800 25 49
16800 55 79
17100 23 30
17100 49 74
17100 49 55
17100 55 74
17100 69 73
17400 5 39
17400 35 87
17400 35 86
17400 35 52
17700 24 48
17700 46 84
17700 74 79
18000 53 69
18000 61 69
18300 14 58
18300 53 66
18600 39 72
18900 18 37
18900 29 53
18900 35 55
18900 39 72
18900 80 85
19200 8 26
19200 21 61
19200 22 64
19500 0 48
19500 9 69
19500 9 43
19500 9 73
19500 15 67
19500 23 69
19500 30 66
19500 44 51
19500 52 75
19500 62 73
19500 69 73
19800 17 34
19800 28 70
20100 9 62
20400 1 33
20400 11 72
20400 14 37
20400 64 77
20700 9 69
20700 9 63
20700 24 48
20700 28 70
20700 53 70
20700 61 62
21000 5 47
21000 9 28
21000 9 63
21000 9 69
21000 9 73
21000 9 62
21000 24 48
21000 28 73
21300 35 52
21300 44 77
21300 56 84
21600 5 85
21600 5 80
21600 21 84
21600 28 69
21900 28 69
21900 29 53
21900 44 51
22200 44 51
22200 88 89
22500 23 49
22500 25 49
22500 28 69
22500 37 77
22500 52 75
22500 53 61
22800 3 5
22800 29 73
22800 50 86
23100 7 25
23100 22 64
23100 49 84
23100 50 84
23100 50 52
23100 52 84
23400 3 44
23400 22 64
23400 44 51
23400 45 58
23700 0 14
23700 7 78
23700 9 62
23700 21 84
23700 21 56
23700 29 53
23700 52 87
24000 35 75
24000 35 52
24300 53 63
24600 11 24
24600 23 30
24600 50 86
24600 84 88
24900 9 66
24900 9 62
24900 9 73
24900 11 84
24900 62 73
25200 17 34
25500 17 18
25500 35 75
25500 39 90
25800 0 51
25800 17 18
25800 26 65
25800 29 53
25800 45 72
26100 11 24
26100 11 51
26100 17 68
26100 22 64
26100 27 51
26100 27 68
26400 29 63
26400 50 86
26700 6 40
26700 12 44
26700 18 68
26700 28 30
26700 64 77
27000 4 86
27000 52 86
27300 24 48
27300 29 30
27300 30 63
27300 47 58
27600 0 45
27600 3 5
27600 9 29
27600 9 30
27600 9 70
27600 9 28
27900 22 32
27900 53 70
28200 21 61
28200 22 64
28200 57 88
28500 15 33
28800 9 62
28800 36 55
28800 36 79
28800 55 79
29100 7 81
29100 14 45
29100 57 60
29400 17 68
29400 28 45
29400 44 45
29700 15 33
29700 23 30
29700 53 63
30000 21 46
30000 24 48
30000 26 31
30000 75 79
30300 21 69
30300 58 85
30600 59 76
30900 24 58
30900 28 84
30900 28 62
31200 23 30
31200 45 72
31200 45 65
31200 49 74
31200 50 86
31200 52 84
31200 65 72
31500 1 59
31500 6 88
31500 32 38
31800 11 44
31800 24 63
31800 37 82
31800 86 91
32100 7 76
32100 12 16
32100 14 37
32100 27 81
32100 35 75
32400 14 24
32400 28 84
32400 39 51
32700 3 19
32700 3 14
32700 9 14
32700 19 42
32700 29 63
33000 17 18
33000 21 56
33000 21 59
33000 24 48
33000 32 58
33300 9 28
33300 9 63
33600 8 26
33600 23 30
33600 23 53
33600 29 53
33600 30 53
33600 39 58
33900 7 12
33900 29 53
33900 45 83
33900 50 74
34200 29 53
34200 53 70
34200 59 76
34500 28 84
34500 35 75
34500 39 51
34500 55 75
34800 24 69
34800 28 69
35100 7 12
35100 22 32
35400 15 33
35700 21 84
35700 24 48
35700 35 75
35700 55 79
36000 11 44
36000 44 53
36000 53 70
36300 24 48
36300 26 71
36300 29 53
36300 35 75
36600 0 48
36600 8 90
36600 29 53
36900 7 88
36900 9 62
36900 29 53
37200 3 58
37200 29 63
37200 37 58
37200 50 75
37500 31 71
37800 0 24
37800 50 86
37800 56 84
38100 8 50
38100 9 62
38100 38 58
38100 38 45
38100 50 75
38400 28 69
38700 2 71
38700 14 58
38700 14 39
38700 14 24
38700 37 82
38700 39 58
38700 53 70
38700 58 82
39000 37 84
39300 9 62
39300 29 69
39300 50 74
39300 53 69
39300 55 79
39600 12 44
39900 29 70
40200 35 52
40500 0 24
40500 5 34
40500 23 29
40500 29 30
40800 23 30
40800 29 53
40800 29 30
40800 35 52
40800 37 84
40800 43 45
40800 44 51
41100 42 43
41100 42 72
41100 42 58
41100 58 72
41400 4 50
41400 15 67
41400 28 69
41400 30 66
41400 44 51
41400 52 75
41400 55 86
41700 27 73
41700 29 53
41700 37 84
41700 49 86
41700 49 50
42000 0 14
42000 3 14
42000 8 90
42000 9 69
42000 16 84
42000 30 53
42000 65 82
42300 4 79
42300 37 58
42300 75 79
42600 7 88
42600 17 51
42600 29 53
42600 29 63
42600 39 51
42900 22 64
42900 35 79
42900 77 82
43200 24 48
43200 52 75
43200 69 70
43500 24 48
43500 46 84
43500 79 86
43800 24 48
43800 31 32
44100 3 14
44100 7 88
44100 9 63
44100 9 28
44400 79 86
44700 12 64
44700 12 45
44700 12 58
44700 17 18
44700 18 68
44700 34 58
44700 64 77
45000 17 68
45000 18 34
45000 35 75
45000 35 36
45000 36 75
45300 8 26
45300 53 63
45600 9 62
45600 29 53
45900 3 58
46200 28 69
46200 46 89
46500 9 62
46500 50 86
46800 8 26
46800 49 74
47100 7 84
47100 44 65
47100 58 65
47400 9 19
47400 9 62
47400 9 73
47400 19 73
47400 45 65
47400 62 73
47700 28 69
47700 30 66
47700 52 75
48000 5 22
48000 5 72
48000 5 37
48000 22 37
48000 22 72
48000 22 26
48000 26 37
48000 29 53
48000 37 72
48000 37 90
48300 1 78
48300 7 78
48300 21 76
48300 24 48
48300 77 82
48600 9 73
48600 28 53
48600 50 74
48900 8 37
48900 37 82
48900 37 58
48900 58 82
49200 11 44
49200 19 28
49200 25 86
49200 35 75
49200 35 52
49200 45 65
49200 52 75
49500 24 45
49500 29 53
49500 37 58
49500 44 51
49800 29 53
49800 51 65
50100 30 66
50100 32 91
50100 34 72
50100 53 63
50400 9 62
50400 22 85
50400 29 53
50400 29 30
50400 50 86
50700 32 38
51000 62 73
51300 9 62
51300 29 53
51600 8 26
51600 42 59
51600 53 63
51900 0 48
51900 9 73
51900 15 67
51900 52 75
52200 7 78
52200 16 25
52200 27 60
52500 9 62
52500 16 76
52500 17 68
52500 21 61
52500 24 37
52500 35 75
52500 42 75
52500 45 90
52500 55 79
52500 59 76
52800 28 69
53100 14 32
53400 34 84
53400 35 75
53400 55 74
53400 67 84
53700 23 29
54000 62 73
54000 71 83
54300 4 79
54300 9 29
54300 27 81
54600 22 85
54600 29 53
54600 32 38
54900 8 26
54900 14 44
55200 7 78
55200 29 53
55500 14 85
55500 23 69
55500 23 31
55500 27 75
55500 31 69
55800 49 55
56100 0 48
56100 8 90
56100 9 80
56100 9 30
56100 15 67
56100 24 48
56100 30 53
56100 53 73
56100 53 62
56400 8 26
56400 9 62
56400 9 73
56400 69 73
56700 23 69
57000 14 24
57000 14 58
57000 24 58
57300 28 73
57300 62 73
57300 67 84
57300 67 76
57600 16 84
57600 28 69
57600 32 38
57600 35 50
57600 37 82
57600 37 77
57600 45 65
57900 9 63
57900 37 77
58200 24 45
58200 55 79
58200 69 73
58500 9 62
58500 12 16
58500 35 75
58500 57 60
58500 57 88
58500 58 90
58800 12 78
58800 58 65
58800 84 89
59100 9 73
59100 29 69
59100 29 53
59100 37 58
59100 50 74
59100 53 69
59400 17 18
59700 11 44
60000 9 62
60300 3 22
60300 28 66
60300 28 69
60600 22 32
60900 1 33
60900 1 7
60900 5 72
60900 24 45
60900 37 58
60900 58 65
61200 7 25
61200 35 84
61200 52 84
61500 29 53
61800 13 88
61800 21 88
61800 29 53
61800 29 69
61800 45 83
61800 50 74
61800 55 79
62100 24 48
62400 7 78
62400 8 26
62400 14 24
62400 14 64
62400 17 68
62400 29 53
62700 9 62
62700 29 73
62700 29 63
63000 14 39
63000 14 58
63300 20 40
63300 29 53
63600 0 45
63600 4 86
63600 29 91
63600 29 53
63600 53 63
63900 28 70
64200 1 2
64200 2 10
64200 5 39
64200 6 10
64200 21 56
64200 45 58
64500 25 84
64500 64 77
64500 75 79
64800 21 69
64800 29 63
65100 29 53
65400 14 24
65700 29 53
65700 57 88
66000 7 16
66000 7 25
66000 16 25
66000 17 18
66000 30 66
66300 14 24
66300 76 78
66600 22 64
66600 45 85
66600 45 65
66600 65 85
66900 5 14
66900 29 70
66900 44 51
67200 17 18
67200 45 65
67500 22 64
67500 28 73
67800 34 84
67800 58 72
67800 80 85
68100 14 18
68100 25 58
68100 29 53
68100 35 75
68100 50 75
68100 53 63
68100 56 60
68400 28 29
68400 29 53
68400 35 52
68700 7 16
68700 9 29
68700 22 32
68700 52 55
68700 55 74
69000 11 44
69000 25 75
69300 24 48
69300 31 91
69300 66 69
69600 5 24
69600 5 65
69600 9 66
69600 9 13
69600 24 32
69600 57 60
69900 22 85
69900 61 69
70200 4 41
70200 27 57
70200 28 69
70500 7 21
70500 7 78
70500 17 68
70500 21 78
70500 29 53
70500 36 50
70800 50 74
70800 53 69
71100 24 48
71100 26 31
71400 5 51
71400 5 35
71400 14 39
71400 17 51
71400 27 65
71400 27 72
71400 27 35
71400 27 75
71400 35 37
71400 35 45
71400 35 75
71400 45 58
71400 45 72
71400 51 68
71400 58 72
71700 9 62
72000 45 65
72000 50 86
72000 55 74
72300 14 58
72300 21 40
72300 47 58
72600 29 53
72900 8 26
72900 50 74
73200 24 45
73200 25 47
73200 27 57
73200 53 70
73500 24 45
73500 29 53
73500 44 51
73800 28 69
74100 9 73
74100 50 86
74400 24 28
74400 29 53
74700 45 65
75000 52 79
75300 5 18
75300 11 24
75300 79 84
75600 9 62
75600 9 17
75600 24 48
75600 76 88
75900 0 24
76200 7 27
76200 7 57
76200 27 77
76200 27 58
76200 58 77
76500 0 48
76500 0 14
76500 9 62
76500 18 68
76500 28 29
76800 29 53
76800 37 77
77100 17 18
77400 9 62
77400 18 34
77400 21 66
77400 29 69
77400 45 83
77400 50 74
77400 55 79
77400 57 60
77700 7 76
78000 14 58
78000 21 61
78300 1 16
78300 2 6
78300 2 10
78300 6 40
78300 6 27
78300 6 10
78300 10 16
78300 10 40
78300 12 77
78300 12 44
78300 16 33
78300 17 18
78300 24 48
78300 27 40
78300 27 46
78300 27 65
78300 27 57
78300 39 65
78300 46 56
78300 46 57
78600 14 22
78600 14 39
78600 21 84
78600 30 90
78600 59 78
78900 14 58
78900 22 38
79200 34 86
79500 2 10
79500 2 6
79500 3 14
79500 6 10
79500 11 14
79500 14 34
79500 27 46
79500 44 51
79800 14 72
79800 14 34
79800 14 85
79800 24 48
79800 27 75
79800 27 35
79800 35 75
80100 18 47
80100 18 37
80100 58 65
80400 4 86
80400 23 29
80400 29 53
80700 22 77
80700 22 64
81000 29 53
81300 7 84
81300 35 86
81300 35 50
81300 37 80
81300 37 50
81300 38 86
81300 50 75
81300 50 80
81600 3 5
81600 9 62
81600 9 29
81600 11 24
81600 11 48
81600 18 37
81600 24 48
81900 14 24
81900 29 63
81900 35 75
81900 59 76
82200 0 14
82200 53 70
82200 60 79
82500 2 10
82500 2 40
82500 6 10
82500 21 88
82500 44 51
82500 57 88
82800 7 78
82800 9 69
82800 9 29
82800 29 63
83100 29 53
83100 46 89
83100 69 70
83400 9 62
83400 17 68
83400 18 68
83700 0 24
83700 19 42
83700 19 50
83700 20 35
83700 22 32
83700 55 79
83700 84 87
84000 1 12
84000 5 45
84000 9 73
84000 9 62
84300 12 58
84300 58 72
84300 59 78
84300 65 72
84600 16 46
84600 35 84
84600 44 51
84600 57 88
84900 14 58
84900 25 79
85200 15 33
85500 28 84
85800 0 48
85800 9 77
85800 9 62
85800 28 73
85800 44 51
86100 7 58
86100 24 35
86100 29 53
86100 49 52
86100 55 79
86400 7 27
86400 27 57
86400 57 60
86700 21 84
86700 22 85
87000 6 40
87000 7 16
87300 7 78
87300 20 35
87300 29 73
87300 35 52
87300 56 87
87300 56 84
87300 63 70
87300 84 87
87600 11 84
87600 14 71
87600 37 58
87600 50 86
87900 35 75
87900 45 65
87900 56 86
87900 56 84
87900 84 86
88200 14 44
88200 14 22
88500 35 75
88500 39 58
88500 65 84
88500 79 88
88800 9 73
88800 28 84
88800 28 76
88800 76 84
89100 35 75
89100 45 58
89400 29 70
89700 8 26
89700 53 63
90000 1 65
90000 8 39
90000 8 85
90000 9 62
90000 14 45
90000 29 63
90000 38 45
90000 41 86
90000 50 75
90000 53 70
90000 75 79
90300 5 37
90300 35 75
90300 35 49
90300 46 57
90600 6 88
90600 18 37
90600 22 85
90600 23 69
90600 28 62
90900 29 53
91200 9 30
91200 12 76
91200 21 56
91200 22 64
91200 38 45
91200 56 76
91500 5 54
91500 7 59
91500 9 62
91500 62 69
91800 9 53
91800 29 53
91800 37 58
91800 50 86
91800 53 73
92100 8 26
92100 44 51
92400 17 68
92400 17 34
92400 34 68
92400 35 75
92400 36 75
92400 75 86
92700 8 26
92700 22 91
92700 24 48
92700 29 91
92700 39 58
92700 42 43
93000 23 30
93000 29 53
93000 52 86
93000 57 60
93000 74 86
93300 7 88
93600 2 60
93600 28 53
93600 39 58
93600 58 65
93900 9 28
93900 15 60
93900 16 76
93900 28 62
93900 35 50
93900 38 90
93900 39 65
93900 50 75
93900 85 90
94200 39 58
94200 44 58
94200 49 58
94200 49 79
94200 49 88
94200 79 88
94200 79 84
94500 29 53
94500 30 62
94500 49 52
94800 19 62
94800 21 56
94800 22 64
94800 77 82
95100 1 59
95100 1 88
95100 1 84
95100 11 24
95100 12 88
95100 15 88
95100 23 69
95100 24 55
95400 5 18
95400 29 90
95400 44 51
95400 45 64
95400 81 88
95700 1 16
95700 35 84
95700 35 52
96000 55 79
96300 6 58
96300 6 7
96300 7 58
96300 8 14
96300 9 62
96300 14 37
96300 35 75
96600 17 18
96600 18 68
96600 24 48
96600 32 58
96900 4 87
96900 9 62
96900 22 85
96900 29 53
96900 36 50
96900 84 89
97200 17 68
97200 28 69
97200 29 53
97200 37 82
97200 44 51
97500 15 33
97500 25 86
97800 2 39
97800 5 48
97800 12 48
97800 12 14
97800 12 20
97800 14 20
97800 14 58
97800 14 78
97800 20 58
97800 20 78
97800 24 87
97800 29 39
97800 31 58
97800 58 78
98100 28 70
98400 14 58
98400 21 61
98700 3 14
98700 9 62
98700 9 28
98700 9 44
98700 34 44
98700 44 45
99000 9 73
99000 9 62
99000 50 74
99300 7 46
99300 17 18
99300 17 68
99300 45 58
99600 21 69
99600 29 63
99900 9 66
99900 14 24
99900 24 58
99900 28 84
100200 2 10
100200 10 16
100200 10 33
100200 11 84
100200 12 44
100200 24 31
100200 39 51
100200 51 58
100200 58 65
100500 9 23
100500 9 73
100500 14 24
100800 52 79
101100 0 14
101100 8 54
101100 8 32
101100 8 26
101100 22 91
101100 25 39
101100 39 51
101400 32 80
101400 50 74
101700 29 53
101700 37 58
102000 5 22
102000 23 61
102300 64 77
102600 19 73
102600 29 63
102600 56 84
102900 9 62
102900 16 88
102900 23 53
102900 28 73
102900 29 73
102900 35 52
102900 53 73
103200 1 6
103200 1 59
103200 1 88
103200 7 81
103200 29 53
103500 52 86
103500 63 70
103800 29 53
104100 4 52
104100 9 73
104100 9 69
104100 9 62
104100 29 53
104100 52 55
104100 55 79
104100 67 76
104400 1 59
104400 29 53
104400 75 79
104700 7 88
104700 9 62
104700 52 75
105000 3 14
105000 3 44
105000 9 73
105000 9 19
105000 9 62
105000 11 44
105000 19 73
105000 29 63
105000 62 73
105000 62 66
105300 17 18
105600 9 62
105600 9 73
105600 17 18
105600 50 74
105600 53 69
105600 55 79
105900 12 78
106200 7 12
106200 38 69
106500 11 26
106500 35 75
106800 49 55
106800 50 86
107100 3 44
107100 5 72
107100 7 58
107100 9 23
107400 8 26
107400 9 62
107400 9 28
107400 28 73
107400 28 62
107400 50 52
107400 50 86
107700 9 62
107700 22 32
107700 76 78
108000 7 84
108000 24 84
108000 27 84
108000 33 84
108000 51 58
108300 11 38
108300 23 30
108300 29 53
108300 62 73
108300 84 88
108600 7 16
108600 29 53
108600 49 52
108900 8 85
108900 8 37
108900 9 62
108900 21 61
108900 59 76
109200 5 37
109200 24 48
109200 24 31
109200 31 48
109500 15 33
109500 60 81
109500 76 88
109800 14 24
110100 7 16
110100 7 84
110100 7 25
110100 16 84
110100 16 25
110100 25 84
110100 50 84
110400 6 40
110400 9 62
110400 35 49
110400 55 74
110700 24 58
110700 32 80
110700 67 76
111000 22 64
111000 24 48
111000 44 51
111000 77 82
111300 28 62
111300 29 53
111300 45 85
111300 45 65
111600 5 75
111900 9 62
111900 15 33
111900 35 75
111900 52 55
111900 60 81
112200 0 14
112500 19 78
112500 21 63
112500 29 53
112800 21 56
112800 24 48
113100 29 53
113100 37 58
113100 50 86
113100 51 65
113400 29 69
113400 66 69
113700 24 58
114000 22 85
114000 46 89
114300 22 64
114300 35 79
114300 77 82
114600 40 56
114900 7 58
114900 9 73
114900 24 35
114900 29 53
114900 35 48
114900 42 55
114900 49 52
115200 50 86
115500 29 53
115800 7 25
115800 9 66
115800 22 64
116100 0 24
116100 17 18
116100 79 87
116100 84 87
116400 23 30
116400 24 48
116700 67 84
117000 8 26
117000 29 53
117000 50 74
117000 53 69
117300 26 52
117300 29 53
117600 11 77
117600 12 27
117600 17 34
117600 22 48
117600 27 81
117600 27 48
117600 27 77
117600 48 64
117600 64 77
117900 7 58
117900 21 84
117900 24 45
117900 56 60
118200 5 18
118200 35 50
118200 42 50
118200 50 86
118500 45 83
118500 55 79
118500 58 72
118500 58 85
118500 80 85
118800 24 48
118800 42 43
118800 44 45
118800 48 49
118800 53 70
118800 79 88
119100 11 26
119100 35 75
119400 5 18
119400 7 88
119400 8 26
119400 53 63
119700 8 26
119700 26 32
119700 38 90
119700 38 85
119700 58 90
119700 58 85
119700 85 90
120000 1 78
120000 29 70
120000 45 65
120300 5 84
120300 22 77
120300 24 48
120600 28 29
120600 29 70
120900 29 53
120900 35 49
120900 37 84
120900 58 84
121200 12 44
121200 58 65
121500 11 48
121500 49 84
121500 50 74
121500 75 88
121500 79 88
121800 9 28
121800 9 63
121800 28 69
121800 37 77
122100 9 60
122100 15 33
122100 35 75
122400 58 65
122700 22 64
122700 24 48
123000 0 14
123300 25 88
123300 29 53
123300 38 51
123300 45 58
123300 51 72
123600 8 26
123900 17 18
123900 32 38
124200 2 10
124200 6 10
124200 6 12
124200 11 58
124200 16 53
124200 16 70
124200 39 65
124200 44 51
124200 51 58
124200 51 65
124200 53 70
124200 58 65
124200 67 84
124200 79 84
124200 84 86
124500 9 73
124500 14 24
124500 59 76
124800 7 58
124800 24 48
124800 29 53
124800 49 52
125100 3 72
125100 22 38
125100 22 32
125400 11 23
125400 17 18
125400 23 69
125400 35 74
125400 62 73
125700 9 62
125700 15 33
125700 44 52
125700 62 73
126000 24 48
126000 24 45
126000 29 63
126000 29 70
126000 39 45
126000 42 50
126000 42 65
126000 45 72
126000 45 48
126300 7 12
126300 29 53
126600 15 33
126600 49 50
126900 14 37
126900 37 58
126900 44 51
127200 4 86
127200 9 73
127200 9 62
127200 24 48
127500 5 37
127500 5 13
127500 5 74
127500 9 62
127500 74 81
127800 8 16
127800 28 69
128100 1 12
128100 9 73
128100 9 62
128100 51 71
128400 5 21
128400 21 84
128700 12 77
128700 12 84
128700 26 32
128700 77 84
129000 23 29
129000 29 63
129000 31 71
129000 52 79
129300 7 56
129300 9 62
129600 14 37
129600 17 68
129900 28 66
130200 29 63
130500 17 68
130500 50 86
130800 20 31
130800 24 31
130800 24 48
130800 31 48
130800 71 83
131100 17 18
131100 45 65
131100 49 52
131100 52 86
131400 5 24
131400 7 16
131400 8 26
131400 14 90
131400 18 37
131700 12 58
131700 43 58
131700 44 45
131700 79 88
132000 19 86
132300 24 48
132600 0 45
132600 29 53
132600 37 58
132600 37 47
132900 28 69
132900 65 91
133200 29 53
133200 29 63
133200 45 65
133200 45 85
133200 58 65
133500 28 62
133500 28 29
133500 29 53
133800 7 58
133800 21 69
133800 36 50
134100 17 18
134100 29 63
134400 12 44
134400 12 58
134400 12 77
134400 24 48
134400 58 65
134700 36 50
135000 49 74
135300 17 68
135300 42 50
135600 3 24
135600 14 45
135600 24 29
135600 24 53
135600 24 28
135600 29 53
135600 44 51
135900 14 24
135900 21 69
135900 29 53
135900 85 91
136200 3 53
136200 7 33
136200 11 56
136200 22 32
136200 22 45
136200 28 70
136200 44 51
136200 53 70
136200 53 61
136500 7 33
136500 58 72
136500 64 77
136800 0 14
136800 5 22
136800 5 37
136800 16 45
136800 22 37
136800 22 26
136800 22 34
136800 26 37
136800 26 72
136800 34 37
136800 37 72
136800 40 84
136800 40 78
136800 60 81
136800 60 88
136800 81 88
137100 3 5
137100 29 63
137400 9 51
137400 9 39
137400 39 51
137700 24 48
137700 28 69
138000 5 37
138000 5 18
138000 14 77
138000 18 37
138000 64 77
138300 7 58
138300 29 53
138300 35 48
138300 55 79
138600 5 85
138600 5 72
138600 55 86
138600 72 80
138600 80 85
138900 28 69
138900 30 53
138900 53 70
139200 5 11
139200 5 72
139200 9 62
139500 12 88
139500 17 18
139500 55 74
139800 4 74
139800 24 48
139800 35 75
140100 17 18
140400 11 24
140400 24 48
140700 12 16
140700 27 81
140700 39 57
140700 50 86
141000 0 24
141000 20 84
141000 35 52
141000 35 84
141000 55 79
141000 56 87
141000 56 84
141300 29 53
141300 69 70
141600 34 84
141600 35 75
141600 35 50
141600 37 84
141600 50 86
141600 75 86
141900 29 53
142200 29 63
142500 7 12
142500 22 91
142500 24 32
142500 33 84
142500 79 88
142500 85 91
142800 0 48
142800 4 50
142800 9 62
142800 9 73
142800 15 67
142800 52 75
143100 27 60
143100 29 63
143400 14 48
143400 23 30
143400 24 48
143400 39 58
143400 45 58
143400 45 72
143400 58 72
143700 11 44
143700 24 48
144000 2 33
144000 24 87
144000 58 62
144300 25 86
144300 30 53
144300 53 77
144600 11 24
144600 19 59
144600 19 76
144600 37 72
144600 59 76
144600 70 73
144900 9 62
144900 29 53
144900 50 74
144900 58 72
145200 5 80
145200 5 18
145200 18 80
145500 29 53
145500 37 58
145800 9 62
145800 29 53
145800 37 58
145800 50 74
145800 57 88
146100 49 55
146100 49 86
146100 50 86
146100 52 55
146400 4 48
146400 8 34
146400 8 90
146400 8 58
146400 11 24
146400 27 76
146400 27 81
146400 45 58
146700 22 38
146700 29 53
146700 29 30
146700 29 66
146700 30 53
147000 14 48
147000 14 24
147000 24 48
147000 53 63
147300 23 69
147300 23 30
147300 29 53
147300 30 63
147300 30 53
147600 3 37
147600 8 26
147600 22 37
147600 23 30
147600 29 63
147600 37 90
147900 24 28
147900 29 53
147900 55 74
147900 76 81
148200 2 15
148200 23 30
148500 0 48
148500 8 90
148500 16 84
148500 29 53
148800 3 14
148800 21 84
148800 28 73
148800 29 70
148800 45 65
149100 20 35
149100 29 61
149100 39 45
149100 42 79
149100 52 84
149100 56 84
149100 84 87
149400 7 78
149400 28 69
149400 28 66
149400 42 51
149400 46 60
149700 3 22
149700 11 24
149700 42 79
149700 52 79
149700 55 79
150000 37 58
150000 44 52
150300 9 73
150600 22 64
150600 42 52
150900 7 25
150900 7 16
150900 30 66
150900 61 69
151200 58 65
151200 76 78
151200 76 81
151200 78 81
151500 7 84
151500 16 84
151500 25 84
151500 64 77
151800 7 59
151800 8 90
151800 24 48
151800 79 86
152100 16 76
152100 32 38
152400 16 61
152400 23 53
152400 28 69
152400 30 53
152700 14 24
152700 18 47
153000 17 18
153000 29 53
153000 36 79
153300 9 73
153300 9 19
153300 33 88
153300 50 75
153600 8 26
153600 22 71
153600 38 85
153600 38 90
153600 39 65
153600 58 85
153600 72 90
153900 7 25
153900 28 69
154200 9 28
154200 9 69
154200 9 63
154200 17 68
154200 28 73
154200 28 70
154200 28 30
154200 28 69
154200 30 62
154200 35 75
154200 53 62
154200 53 70
154200 61 62
154500 3 11
154500 28 76
154500 57 76
154800 17 18
154800 29 61
154800 44 51
155100 9 62
155100 18 90
155100 23 30
155100 50 60
155100 50 57
155100 57 88
155400 9 73
155400 49 73
155400 50 86
155400 57 60
155700 4 49
155700 29 53
155700 57 88
156000 7 25
156000 16 25
156000 30 66
156000 50 86
156300 35 75
156300 44 51
156600 0 24
156600 21 42
156600 22 38
156600 24 45
156600 25 28
156600 27 57
156600 67 76
156900 2 15
156900 9 73
156900 9 30
156900 29 63
156900 61 63
157200 0 48
157200 9 62
157200 15 67
157200 16 59
157200 24 48
157200 28 30
157200 28 69
157200 44 51
157200 52 75
157200 62 73
157500 1 78
157500 3 5
157500 29 63
157800 5 72
157800 9 62
157800 49 86
158100 37 58
158400 7 16
158400 7 25
158400 16 25
158700 29 53
158700 37 58
159000 2 10
159000 2 6
159000 6 10
159300 12 60
159300 19 75
159300 35 75
159300 35 50
159300 50 75
159300 50 52
159300 52 75
159600 11 23
159600 21 30
159600 23 69
159600 37 58
159600 74 86
159900 17 68
159900 29 53
159900 35 49
159900 57 60
160200 15 33
160200 46 76
160200 60 81
160500 3 80
160800 5 18
161100 9 62
161400 55 79
161400 75 79
161700 4 52
161700 8 26
161700 28 29
161700 29 70
161700 37 77
161700 38 39
162000 9 62
162000 9 19
162000 22 64
162000 24 48
162000 38 44
162300 9 62
162300 38 58
162300 38 45
162300 59 78
162300 76 78
162600 29 63
162900 22 64
162900 35 52
162900 44 51
162900 46 89
163200 15 27
163200 23 30
163200 29 71
163200 37 58
163500 7 58
163500 7 25
163500 21 69
163500 25 58
163500 27 76
163500 28 66
163500 75 79
163500 76 78
163800 9 66
163800 16 59
163800 50 59
163800 59 76
164100 0 24
164100 0 14
164100 14 24
164100 14 48
164100 22 77
164100 24 48
164100 45 48
164400 18 37
164400 53 70
164700 0 48
164700 4 50
164700 9 73
164700 9 62
164700 15 67
164700 52 75
164700 53 66
165000 3 85
165000 22 85
165300 1 88
165300 5 51
165300 7 81
165300 7 88
165300 29 53
165300 39 51
165300 49 67
165300 55 86
165600 5 37
165600 5 34
165600 7 27
165600 7 88
165600 27 88
165600 34 37
165900 9 62
165900 17 18
165900 50 86
165900 79 87
166200 29 53
166500 24 59
166500 29 53
166500 45 90
166500 53 63
166800 12 43
167100 7 46
167100 17 34
167100 17 18
167100 17 46
167100 32 85
167100 32 38
167100 35 75
167100 64 77
167400 2 6
167400 5 51
167400 5 39
167400 6 10
167400 7 16
167400 9 62
167400 14 82
167700 53 62
167700 76 78
168000 11 48
168000 22 32
168000 58 65
168300 29 53
168300 52 86
168600 6 12
168600 6 26
168600 9 62
168600 9 26
168600 12 46
168600 14 24
168900 7 25
168900 16 25
168900 30 66
169200 35 75
169200 55 86
169500 9 66
169500 9 62
169500 30 66
169500 50 74
169500 58 72
169800 0 48
169800 4 86
169800 9 63
169800 21 84
169800 52 87
170100 5 74
170100 5 37
170100 9 62
170100 9 73
170100 24 48
170100 24 77
170100 24 74
170400 9 73
170400 63 70
170700 9 62
171000 3 83
171000 50 74
171300 9 62
171300 9 53
171300 12 58
171300 12 44
171300 12 77
171300 39 65
171300 39 58
171300 44 65
171300 53 70
171300 58 65
171600 58 65
171600 76 84
171900 51 54
171900 63 89
172200 22 38
172200 25 28
172200 25 53
172200 28 53
172200 53 69
172500 22 85
172500 76 78
172800 28 30
173100 0 24
173100 17 68
173400 29 53
173700 22 38
174000 9 73
174000 29 53
174000 53 73
174300 24 44
174300 29 63
174600 9 62
174600 9 66
174600 14 48
174600 24 32
174600 50 75
174600 59 76
174900 45 72
175200 9 63
175200 9 73
175200 9 28
175200 9 69
175200 24 48
175200 28 70
175200 37 65
175200 53 70
175200 61 62
175500 4 36
175500 14 24
175500 27 56
175500 27 60
175500 28 53
175500 29 70
175500 29 53
175500 45 65
175500 65 72
175800 21 76
175800 21 69
175800 22 85
176100 27 60
176100 29 63
176100 37 58
176100 50 75
176400 21 28
176400 29 53
176400 67 78
176700 14 58
176700 14 37
176700 22 91
176700 23 30
176700 38 80
176700 85 91
177000 29 63
177300 69 70
177600 9 73
177600 9 62
177900 9 28
177900 9 63
177900 9 69
177900 28 69
177900 28 70
178200 9 73
178500 1 7
178500 1 27
178500 7 27
178500 14 37
178500 29 53
178800 29 63
179100 9 69
179100 9 66
179100 9 62
179100 12 57
179100 27 75
179100 50 74
179100 62 69
179100 80 85
179400 58 59
179400 59 76
179400 59 78
179400 60 81
179400 76 88
179700 0 14
179700 16 59
179700 53 69
180000 2 88
180000 7 88
180000 40 88
180000 40 84
180000 84 88
180300 2 15
180300 5 11
180300 14 19
180300 17 18
180300 19 79
180300 42 79
180600 2 28
180600 5 22
180600 23 61
180900 17 80
180900 21 84
180900 24 48
180900 35 75
180900 46 84
181200 37 84
181200 49 86
181200 50 74
181200 58 84
181500 5 72
181500 29 69
181500 29 53
181500 50 74
181500 53 69
181500 55 79
181800 9 63
181800 9 73
182100 28 70
182100 38 39
182400 5 34
182400 5 37
182400 7 27
182400 23 30
182400 30 34
182700 11 86
182700 12 86
182700 76 78
183000 12 58
183000 39 58
183000 79 88
183300 9 46
183300 55 84
183600 5 44
183600 11 44
183600 28 69
183600 29 70
183600 44 51
183900 11 48
183900 12 49
183900 49 67
183900 58 65
183900 60 89
184200 1 84
184200 1 59
184200 6 84
184200 9 73
184200 20 84
184200 28 69
184200 67 84
184200 84 88
184500 22 64
184500 24 48
184500 77 82
184800 11 16
184800 35 51
184800 35 84
184800 40 57
184800 44 51
184800 44 45
184800 45 51
184800 53 70
184800 56 88
184800 57 88
185100 9 62
185100 35 75
185400 11 58
185400 27 64
185400 28 53
185400 53 70
185400 85 90
185700 5 72
185700 49 55
185700 49 86
185700 55 86
186000 7 25
186000 19 79
186000 21 79
186000 21 61
186000 24 48
186000 24 45
186000 28 69
186000 61 66
186000 79 87
186300 3 68
186300 9 62
186300 28 69
186300 37 77
186300 52 75
186300 62 73
186600 26 32
186600 57 60
186900 18 22
186900 22 85
186900 28 66
186900 80 85
187200 24 48
187200 66 69
187500 12 59
187500 50 86
187500 75 84
187800 50 74
188100 9 28
188100 12 84
188100 55 87
188400 3 8
188400 14 85
188400 19 79
188400 24 48
188400 45 65
188700 42 86
188700 55 86
189000 18 37
189000 23 30
189000 38 91
189300 29 53
189300 37 58
189300 62 69
189600 12 88
189600 22 85
189600 55 74
189900 28 70
190200 28 69
190200 37 82
190500 0 14
190500 7 16
190500 8 60
190500 8 90
190500 9 62
190500 53 66
190800 29 63
190800 50 84
190800 58 65
190800 59 76
190800 76 81
191100 35 75
191400 53 70
191700 1 16
191700 2 15
191700 31 71
191700 33 40
192000 56 84
192300 11 44
192600 9 30
192600 29 53
192600 30 62
192600 37 77
192600 49 52
192600 52 84
192900 37 58
192900 53 66
192900 53 61
192900 53 70
192900 62 73
193200 5 18
193200 7 88
193200 16 88
193200 28 73
193200 29 53
193200 39 51
193200 49 86
193200 49 55
193200 55 86
193500 28 84
193800 29 63
194100 0 65
194100 14 65
194100 39 45
194400 38 58
194400 59 78
194400 76 78
194700 7 76
194700 9 63
195000 0 24
195000 9 66
195000 23 29
195300 24 48
195300 29 53
195300 35 75
195600 3 43
195600 29 53
195900 5 34
195900 29 63
196200 8 26
196200 42 43
196200 53 63
196500 2 15
196500 17 18
196500 35 75
196500 79 87
196800 8 79
196800 14 24
196800 21 69
196800 29 53
196800 45 58
197100 4 86
197100 7 12
197100 9 28
197100 9 63
197100 37 58
197100 52 87
197400 17 68
197400 36 50
197700 29 70
197700 44 72
197700 53 70
198000 29 53
198000 37 58
198000 44 51
198000 67 76
198300 7 25
198300 9 72
198300 22 64
198300 35 52
198600 14 58
198600 21 61
198900 4 50
198900 9 62
198900 23 30
198900 30 44
198900 35 52
198900 46 49
198900 49 86
198900 53 70
199200 0 24
199200 42 79
199200 42 44
199200 56 84
199500 44 51
199500 57 62
199800 21 69
199800 21 61
199800 24 45
199800 30 66
199800 69 73
200100 6 40
200100 24 45
200100 49 86
200100 57 60
200400 15 33
200400 50 86
200400 60 81
200400 76 88
200700 1 76
200700 19 76
200700 22 64
200700 35 79
200700 77 82
201000 12 56
201000 56 58
201300 40 88
201300 55 74
201600 28 29
201600 49 86
201900 15 33
202200 8 26
202200 9 28
202200 9 62
202200 22 64
202200 28 73
202500 5 14
202500 37 58
202800 19 59
202800 19 76
202800 21 61
202800 24 45
202800 25 47
202800 27 57
202800 28 69
202800 44 51
202800 53 66
203100 52 79
203400 14 47
203400 45 72
203700 28 53
203700 44 51
204000 9 62
204000 38 58
204000 38 45
204000 45 58
204300 50 84
204600 7 78
204600 7 59
204600 20 52
204600 20 35
204600 25 35
204600 28 40
204600 28 73
204600 35 52
204600 35 84
204600 35 87
204600 40 84
204600 42 79
204600 52 84
204600 56 87
204600 56 84
204900 7 58
204900 15 33
204900 44 52
205200 2 28
205200 5 22
205200 22 85
205500 22 64
205800 14 37
205800 35 87
205800 35 52
205800 44 51
206100 21 56
206100 22 64
206100 24 48
206100 35 79
206100 77 82
206400 55 79
206700 23 30
206700 42 76
206700 49 55
207000 7 76
207300 0 24
207600 7 58
207900 15 33
207900 22 85
207900 22 32
207900 28 66
207900 53 63
207900 58 72
208200 7 88
208200 22 64
208200 59 67
208200 61 66
208500 29 53
208500 39 51
208500 53 63
208500 53 69
208500 66 69
208800 7 58
208800 19 76
208800 21 69
208800 28 73
208800 59 76
209100 9 62
209100 9 45
209100 12 57
209100 13 50
209100 14 85
209100 14 24
209100 27 75
209100 45 61
209100 45 83
209100 50 74
209400 9 73
209400 45 70
209400 52 84
209400 53 70
209700 14 24
209700 50 55
210000 4 55
210300 12 44
210300 17 56
210600 7 27
210600 8 17
210600 8 51
210600 8 39
210600 8 14
210600 14 51
210600 14 90
210600 19 51
210600 39 51
210600 51 90
210900 7 76
210900 8 26
210900 15 33
210900 23 29
210900 29 53
210900 53 63
211200 3 37
211200 9 30
211200 32 88
211500 42 84
211500 52 84
211500 53 63
211800 29 63
211800 37 77
211800 55 86
212100 11 57
212100 22 64
212100 29 30
212100 30 63
212100 47 58
212100 56 57
212400 28 70
212400 39 72
212400 72 90
212700 6 40
213000 7 58
213000 12 15
213000 15 33
213300 0 14
213300 9 62
213300 29 53
213300 37 58
213600 9 29
213600 29 62
213600 29 63
213600 62 73
213600 63 66
213900 28 69
213900 29 53
213900 37 82
213900 44 51
214200 15 60
214200 21 60
214200 85 90
214500 0 14
214500 18 45
214500 35 52
214800 3 14
214800 14 37
214800 16 84
214800 50 75
215100 35 75
215100 35 52
215100 52 75
215400 0 48
215400 9 63
215400 32 71
215700 24 48
216000 21 69
216000 24 45
216300 29 53
216300 50 74
216300 52 86
216600 3 5
216600 29 63
216600 29 73
216600 50 88
216900 29 53
217200 1 88
217200 9 73
217200 23 30
217200 29 63
217200 37 77
217200 62 73
217500 9 73
217500 11 23
217500 17 18
217500 22 85
217800 0 14
217800 7 16
217800 8 60
217800 15 67
218100 14 58
218100 21 76
218400 9 63
218400 9 28
218700 21 56
218700 36 50
219000 1 16
219000 8 26
219300 2 15
219300 7 16
219300 7 12
219300 12 16
219600 7 16
219600 7 58
219900 8 26
219900 9 62
219900 52 84
220200 17 68
220200 45 58
220200 63 70
220200 64 77
220500 0 14
220500 41 79
220500 53 69
220500 77 82
220800 3 5
220800 9 29
220800 11 48
220800 11 24
220800 24 48
220800 57 88
220800 74 86
221100 30 57
221100 51 90
221100 52 75
221100 56 59
221100 58 65
221100 59 78
221400 3 5
221400 3 22
221400 5 18
221400 11 24
221400 18 22
221400 22 64
221400 55 79
221700 5 11
221700 8 85
221700 9 62
221700 12 29
221700 22 51
221700 29 53
221700 38 45
221700 40 41
221700 50 75
221700 61 90
222000 14 24
222000 22 77
222300 29 53
222600 14 22
222900 9 62
222900 14 24
222900 19 58
222900 21 69
222900 25 79
222900 39 51
222900 51 65
222900 58 72
222900 65 72
222900 66 70
223200 15 33
223200 25 55
223200 56 60
223500 12 42
223800 39 58
223800 79 84
223800 79 88
224100 0 48
224100 8 90
224100 8 16
224100 29 53
224100 29 30
224100 62 73
224400 19 62
224400 22 64
224400 77 82
224700 2 15
224700 9 73
224700 17 18
224700 35 75
225000 8 26
225000 44 51
225300 15 60
225600 52 79
225900 25 86
225900 29 53
225900 50 86
226200 0 14
226200 0 3
226200 3 14
226200 7 78
226500 50 86
226800 29 63
226800 50 86
227100 7 27
227100 27 60
227100 27 57
227100 28 61
227100 29 53
227100 49 74
227100 57 60
227400 18 90
227400 23 30
227400 35 75
227400 46 84
227400 50 86
227400 50 60
227400 57 88
227400 62 73
227700 29 53
228000 29 53
228300 3 72
228300 3 83
228300 14 44
228300 44 51
228600 8 83
228600 29 53
228600 44 51
228900 21 46
228900 21 26
228900 24 48
228900 26 31
228900 49 79
228900 75 79
229200 3 18
229200 9 62
229200 18 65
229200 29 53
229500 16 25
229500 52 87
229800 9 62
229800 24 31
229800 24 48
229800 31 48
230100 1 6
230100 1 33
230100 1 40
230100 1 10
230100 1 16
230100 2 10
230100 5 39
230100 6 40
230100 6 10
230100 10 40
230100 10 38
230100 10 16
230100 12 44
230100 12 77
230100 16 33
230100 24 48
230100 33 40
230100 38 45
230100 38 85
230100 45 85
230400 1 76
230400 27 76
230400 35 79
230400 44 51
230400 77 82
230700 22 85
231000 22 64
231000 24 48
231000 44 51
231000 52 87
231000 77 82
231300 5 14
231600 3 24
231600 15 33
231600 28 29
231600 44 51
231600 53 63
231900 22 50
232200 9 62
232200 23 53
232200 23 73
232200 28 53
232200 28 73
232200 29 53
232200 39 51
232500 23 53
232500 28 69
232500 35 52
232500 46 50
232500 50 86
232500 53 70
232800 7 86
233100 9 62
233100 27 88
233100 28 69
233100 29 53
233400 17 68
233400 22 85
233400 26 37
233400 28 70
233400 37 72
233400 55 86
233700 53 66
234000 0 45
234000 7 78
234000 7 21
234000 14 24
234300 63 70
234600 21 59
234900 4 79
234900 16 84
235200 28 84
235200 39 51
235500 17 68
235800 49 84
236100 16 84
236100 28 73
236100 44 51
236400 29 53
236400 52 87
236700 1 40
236700 2 12
236700 7 40
236700 12 72
236700 58 72
237000 3 65
237000 9 73
237000 17 51
237000 51 68
237300 1 84
237300 5 18
237300 6 84
237300 7 84
237300 20 84
237300 28 30
237300 29 53
237300 32 38
237300 33 84
237300 67 84
237300 81 84
237300 84 88
237600 8 82
237600 9 19
237600 9 62
237600 22 39
237600 22 64
237600 37 58
237600 38 44
237900 11 23
237900 23 69
237900 45 58
238200 37 58
238200 44 51
238500 5 11
238500 14 48
238500 28 73
238500 29 53
238500 39 51
238500 61 71
238500 70 73
238800 3 14
238800 19 24
238800 24 48
238800 53 70
239100 29 53
239100 35 75
239100 42 50
239400 11 23
239700 14 65
239700 14 45
239700 22 64
239700 29 53
239700 39 58
239700 39 85
239700 46 89
239700 58 85
239700 58 65
240000 4 50
240000 5 24
240000 7 57
240000 8 26
240000 9 62
240000 13 50
240000 14 90
240000 14 37
240000 32 80
240000 37 90
240300 1 88
240300 1 59
240300 22 32
240600 0 65
240600 0 14
240600 22 64
240600 24 48
240600 44 51
240900 9 62
240900 9 19
240900 12 58
240900 14 37
240900 19 44
240900 21 61
240900 22 64
240900 29 53
240900 44 45
240900 44 58
240900 44 60
240900 53 63
241200 9 73
241500 9 62
241500 29 53
241500 57 88
241800 29 53
242100 0 24
242100 5 24
242100 39 58
242100 79 88
242400 24 48
242400 37 58
242700 9 73
242700 9 62
242700 17 18
242700 50 74
242700 53 69
243000 22 64
243300 11 23
243300 23 69
243300 53 63
243600 7 12
243600 23 29
243900 5 14
243900 9 62
243900 37 58
243900 44 45
244200 4 50
244200 4 52
244200 14 24
244200 21 69
244200 29 53
244500 21 69
244500 21 61
244500 61 69
244800 9 63
244800 9 28
244800 61 62
245100 29 53
245400 0 24
245400 4 84
245400 35 52
245400 55 79
245700 22 64
245700 28 57
245700 37 58
246000 1 40
246000 1 6
246000 6 60
246000 27 84
246000 44 65
246000 58 65
246300 29 53
246600 29 53
246600 59 76
246900 7 50
247200 24 48
247200 26 31
247200 35 75
247200 37 91
247500 5 14
247500 6 88
247500 14 24
247500 28 30
247800 21 84
247800 23 29
247800 51 65
248100 14 47
248100 32 38
248400 28 53
248400 44 51
248700 1 76
248700 37 58
249000 14 71
249000 44 51
249000 50 86
249300 24 31
249300 31 48
249300 81 88
249600 15 67
249600 30 66
249600 37 58
249600 37 77
249600 52 75
249600 62 73
249600 64 82
249600 65 82
249900 5 18
249900 5 11
249900 62 73
250200 0 14
250200 14 37
250200 17 18
250200 28 30
250200 64 77
250500 12 44
250500 12 72
250500 12 58
250500 17 34
250500 35 50
250500 43 58
250500 44 58
250500 44 56
250500 50 75
250500 53 70
250500 56 58
250500 56 65
250800 31 71
250800 44 51
250800 53 63
251100 44 51
251100 77 82
251400 1 84
251400 5 18
251400 15 88
251400 15 40
251400 15 84
251400 18 32
251400 22 32
251400 23 69
251400 28 30
251400 29 53
251400 59 88
251400 59 84
251400 62 75
251400 81 84
251400 84 88
251700 17 18
251700 22 32
251700 79 87
251700 84 87
252000 8 30
252000 8 90
252000 9 73
252000 15 67
252000 52 75
252000 53 73
252300 2 15
252300 2 33
252300 9 73
252300 9 62
252300 15 72
252300 29 63
252300 50 75
252300 58 86
252300 58 78
252300 58 59
252300 59 78
252300 72 86
252300 72 78
252300 72 75
252300 75 86
252600 2 15
252600 3 14
252600 7 50
252600 9 62
252600 9 73
252900 0 24
252900 0 48
252900 9 62
252900 15 67
252900 23 30
253200 8 26
253200 28 70
253500 0 14
253500 14 37
253500 17 18
253500 37 82
253800 21 69
253800 29 53
253800 75 79
254100 2 84
254100 3 68
254100 9 62
254100 9 30
254100 24 48
254100 52 75
254100 62 73
254400 5 39
254400 8 84
254400 9 31
254400 24 48
254400 29 53
254400 46 84
254700 35 75
254700 50 86
255000 11 24
255000 49 55
255300 22 72
255300 28 69
255600 0 14
255600 12 88
255600 31 51
255600 51 71
255900 2 88
255900 7 58
256200 9 73
256200 24 28
256200 29 53
256500 67 84
256800 9 29
256800 14 48
256800 53 66
257100 44 51
257100 58 65
257400 17 18
257400 22 32
257400 79 87
257700 1 33
257700 1 2
257700 1 6
257700 2 6
257700 6 84
257700 6 33
257700 10 84
257700 12 44
257700 33 44
257700 39 51
257700 51 58
257700 51 65
257700 56 84
257700 58 65
257700 67 84
258000 35 55
258000 50 74
258300 44 86
258300 58 65
258600 11 23
258900 12 59
258900 20 84
258900 37 58
258900 59 76
259200 3 85
259200 50 86
259500 5 18
259500 12 77
259500 12 64
259500 24 48
259500 64 77
259800 0 24
259800 32 91
259800 57 60
260100 3 18
260100 7 58
260100 15 33
260400 28 84
260400 39 51
260700 14 50
260700 22 64
260700 30 66
260700 44 86
261000 0 14
261000 7 16
261000 8 90
261000 8 60
261000 9 69
261000 17 68
261000 17 18
261300 5 85
261300 76 78
261600 1 78
261600 9 19
261600 19 42
261600 19 50
261600 33 88
261600 58 72
261600 62 73
261900 5 11
261900 18 37
261900 29 53
262200 28 69
262200 29 70
262200 44 51
262500 21 76
262800 24 48
262800 52 84
262800 53 63
263100 8 58
263100 14 58
263100 19 27
263100 27 50
263100 27 84
263100 27 35
263100 27 52
263100 27 75
263100 35 75
263100 35 38
263100 45 58
263100 58 72
263400 17 84
263400 24 28
263400 29 53
263700 3 5
263700 29 63
264000 24 48
264000 35 52
264000 39 45
264000 57 62
264300 3 51
264300 3 23
264300 23 49
264300 28 69
264300 42 51
264300 52 75
264300 80 90
264600 2 15
264600 2 3
264600 2 48
264600 15 48
264600 24 48
264600 24 49
264600 35 75
264600 48 49
264900 8 26
264900 9 62
264900 21 84
265200 5 18
265200 12 77
265200 12 44
265200 12 64
265200 24 48
265200 39 65
265200 44 65
265500 0 24
265500 4 86
265500 9 63
265500 9 69
265500 24 48
265500 61 62
265800 9 62
265800 77 82
266100 3 80
266100 28 53
266100 49 55
266400 29 63
266700 9 23
266700 9 62
267000 8 26
267000 14 44
267000 52 79
267300 28 70
267600 35 75
267600 62 73
267900 21 56
267900 24 48
268200 1 7
268200 9 73
268200 9 62
268200 14 51
268200 23 29
268200 28 29
268200 29 53
268200 49 55
268500 11 24
268800 3 14
268800 4 86
268800 7 12
268800 9 28
269100 35 52
269400 14 72
269400 30 73
269400 30 69
269400 53 69
269700 21 84
269700 30 66
269700 55 86
270000 5 72
270000 5 37
270000 22 26
270000 22 37
270000 22 72
270000 26 37
270000 26 72
270000 29 53
270000 37 72
270000 53 63
270300 11 84
270300 12 84
270300 16 33
270300 29 53
270300 42 43
270300 49 84
270300 49 58
270300 49 64
270300 58 84
270300 64 77
270300 79 88
270600 7 16
270600 29 53
270600 45 58
270900 29 70
270900 29 69
270900 29 53
270900 53 63
270900 59 78
270900 85 91
271200 9 62
271200 16 84
271200 24 48
271500 6 40
271500 9 73
271500 9 61
271500 50 86
271800 24 32
272100 9 29
272100 11 48
272100 27 81
272100 57 88
272400 7 27
272700 32 85
272700 50 86
273000 25 36
273000 53 63
273300 1 7
273300 17 18
273300 55 79
273300 75 79
273600 24 48
273600 57 76
273900 8 39
273900 8 85
273900 9 62
273900 38 45
274200 25 87
274500 9 62
274500 53 63
274800 15 33
274800 22 85
274800 28 66
274800 44 51
274800 53 63
275100 9 63
275100 28 70
275100 28 53
275100 37 65
275100 53 70
275100 61 62
275400 15 33
275400 23 61
275700 22 80
275700 28 69
275700 53 70
276000 52 79
276300 19 73
276300 52 75
276600 5 39
276600 14 58
276600 40 88
276600 49 55
276900 19 50
276900 19 75
276900 27 60
276900 35 50
276900 35 75
276900 50 75
277200 7 12
277200 33 84
277200 72 85
277200 79 88
277500 1 16
277500 7 88
277500 9 62
277500 35 79
277500 35 52
277500 35 36
277500 36 79
277500 76 88
277800 9 63
277800 28 70
277800 35 75
278100 9 63
278400 6 40
278400 9 30
278400 9 29
278400 28 29
278400 28 53
278400 29 53
