0 5 39
0 14 58
0 40 88
0 49 55
300 17 68
300 22 85
300 26 37
300 28 70
300 37 72
300 55 86
600 7 88
600 9 62
600 52 75
900 17 68
900 36 50
1200 26 32
1500 11 86
1500 12 86
1500 76 78
1800 25 84
1800 64 77
1800 75 79
2100 28 53
2100 44 51
2400 8 26
2400 49 74
2700 2 10
2700 2 6
2700 6 10
3000 3 5
3000 29 63
3000 29 73
3000 50 88
3300 29 53
3600 2 15
3600 9 73
3600 17 18
3600 35 75
3900 0 48
3900 9 77
3900 9 62
3900 28 73
3900 44 51
4200 15 27
4200 23 30
4200 29 71
4200 37 58
4500 37 58
4500 44 52
4800 14 48
4800 23 30
4800 24 48
4800 39 58
4800 45 58
4800 45 72
4800 58 72
5100 55 79
5400 17 68
5400 45 58
5400 63 70
5400 64 77
5700 22 85
5700 61 69
6000 35 75
6000 39 58
6000 65 84
6000 79 88
6300 8 39
6300 8 85
6300 9 62
6300 38 45
6600 22 85
6600 76 78
6900 24 28
6900 29 53
6900 55 74
6900 76 81
7200 5 18
7200 5 11
7200 62 73
7500 7 58
7500 15 33
7500 44 52
7800 7 16
7800 7 25
7800 16 25
8100 11 24
8100 23 30
8100 50 86
8100 84 88
8400 11 44
8400 11 30
8400 24 48
8700 1 7
8700 9 73
8700 9 62
8700 14 51
8700 23 29
8700 28 29
8700 29 53
8700 49 55
9000 3 68
9000 29 63
9300 50 86
9600 9 62
9600 15 33
9600 44 52
9600 62 73
9900 9 63
9900 28 70
9900 35 75
10200 14 71
10200 44 51
10200 50 86
10500 11 69
10500 11 23
10500 23 69
10500 53 63
10800 22 32
11100 7 78
11100 20 35
11100 29 73
11100 35 52
11100 56 87
11100 56 84
11100 63 70
11100 84 87
11400 9 62
11400 53 63
11700 8 26
11700 44 51
12000 52 79
12300 9 62
12300 29 69
12300 50 74
12300 53 69
12300 55 79
12600 15 33
12900 9 62
12900 11 44
13200 29 63
13200 37 77
13200 55 86
13500 1 78
13500 29 70
13500 45 65
13800 32 38
14100 7 16
14100 7 84
14100 7 25
14100 16 84
14100 16 25
14100 25 84
14100 50 84
14400 24 48
14400 31 91
14400 66 69
14700 8 58
14700 14 58
14700 19 27
14700 27 50
14700 27 84
14700 27 35
14700 27 52
14700 27 75
14700 35 75
14700 35 38
14700 45 58
14700 58 72
15000 62 73
15300 7 12
15300 23 29
15600 8 26
15600 42 59
15600 53 63
15900 21 76
15900 21 69
15900 22 85
16200 45 83
16200 55 79
16200 58 72
16200 58 85
16200 80 85
16500 12 88
16500 17 18
16500 55 74
16800 6 88
16800 18 37
16800 22 85
16800 23 69
16800 28 62
17100 9 63
17100 9 73
17100 9 28
17100 9 69
17100 24 48
17100 28 70
17100 37 65
17100 53 70
17100 61 62
17400 13 88
17400 21 88
17400 29 53
17400 29 69
17400 45 83
17400 50 74
17400 55 79
17700 28 66
18000 15 33
18000 22 85
18000 28 66
18000 44 51
18000 53 63
18300 19 86
18600 50 86
18900 9 19
18900 9 62
18900 9 73
18900 19 73
18900 45 65
18900 62 73
19200 67 84
19500 2 15
19500 23 30
19800 14 24
20100 23 69
20400 17 68
20400 42 50
20700 53 63
21000 29 53
21000 29 63
21300 15 33
21300 46 76
21300 60 81
21600 28 29
21600 49 86
21900 1 59
21900 6 88
21900 32 38
22200 8 26
22200 50 74
22500 5 37
22500 5 34
22500 7 27
22500 7 88
22500 27 88
22500 34 37
22800 28 29
22800 29 70
23100 11 23
23400 17 18
23400 45 65
23700 24 48
24000 28 62
24000 28 29
24000 29 53
24300 34 84
24300 58 72
24300 80 85
24600 17 34
24900 58 59
24900 59 76
24900 59 78
24900 60 81
24900 76 88
25200 12 77
25200 12 84
25200 26 32
25200 77 84
25500 15 33
25500 23 61
25800 14 22
25800 14 39
25800 21 84
25800 30 90
25800 59 78
26100 0 24
26100 17 18
26100 79 87
26100 84 87
26400 3 72
26400 3 83
26400 14 44
26400 44 51
26700 21 69
26700 21 61
26700 61 69
27000 28 62
27000 29 53
27000 45 85
27000 45 65
27300 2 15
27300 7 16
27300 7 12
27300 12 16
27600 11 26
27600 35 75
27900 8 26
27900 23 30
27900 23 53
27900 29 53
27900 30 53
27900 39 58
28200 15 33
28200 22 85
28200 22 32
28200 28 66
28200 53 63
28200 58 72
28500 29 63
28800 5 39
28800 8 84
28800 9 31
28800 24 48
28800 29 53
28800 46 84
29100 35 75
29100 50 86
29400 9 62
29700 9 60
29700 15 33
29700 35 75
30000 0 24
30000 0 48
30000 9 62
30000 15 67
30000 23 30
30300 9 28
30300 12 84
30300 55 87
30600 7 58
30600 24 35
30600 29 53
30600 49 52
30600 55 79
30900 24 48
30900 66 69
31200 7 58
31200 29 53
31200 35 48
31200 55 79
31500 24 48
31500 35 52
31500 39 45
31500 57 62
31800 23 53
31800 28 69
31800 35 52
31800 46 50
31800 50 86
31800 53 70
32100 29 53
32400 14 44
32400 14 22
32700 11 44
33000 14 58
33000 25 79
33300 28 84
33300 39 51
33600 5 14
33600 9 62
33600 37 58
33600 44 45
33900 8 50
33900 9 62
33900 38 58
33900 38 45
33900 50 75
34200 0 48
34200 0 14
34200 9 62
34200 18 68
34200 28 29
34500 7 27
34500 7 57
34500 27 77
34500 27 58
34500 58 77
34800 9 62
34800 14 24
34800 19 58
34800 21 69
34800 25 79
34800 39 51
34800 51 65
34800 58 72
34800 65 72
34800 66 70
35100 11 57
35100 22 64
35100 29 30
35100 30 63
35100 47 58
35100 56 57
35400 21 56
35400 24 48
35700 7 25
35700 28 69
36000 3 5
36000 29 63
36300 5 14
36600 5 37
36600 5 13
36600 5 74
36600 9 62
36600 74 81
36900 9 62
37200 6 40
37200 24 45
37200 49 86
37200 57 60
37500 24 28
37500 29 53
37800 5 54
37800 7 59
37800 9 62
37800 62 69
38100 15 33
38100 49 50
38400 29 70
38700 36 50
39000 9 23
39000 9 62
39300 29 53
39300 37 77
39600 0 14
39900 19 78
39900 21 63
39900 29 53
40200 29 63
40500 17 68
40500 28 69
40500 29 53
40500 37 82
40500 44 51
40800 21 84
41100 24 48
41100 26 31
41100 35 75
41100 37 91
41400 9 28
41400 15 60
41400 16 76
41400 28 62
41400 35 50
41400 38 90
41400 39 65
41400 50 75
41400 85 90
41700 9 73
41700 9 62
42000 15 33
42000 25 55
42000 56 60
42300 14 58
42300 21 61
42600 9 62
42600 12 16
42600 35 75
42600 57 60
42600 57 88
42600 58 90
42900 5 18
42900 35 50
42900 42 50
42900 50 86
43200 24 48
43200 46 84
43200 79 86
43500 3 8
43500 14 85
43500 19 79
43500 24 48
43500 45 65
43800 28 69
43800 37 82
44100 14 24
44400 0 14
44400 8 54
44400 8 32
44400 8 26
44400 22 91
44400 25 39
44400 39 51
44700 19 62
44700 21 56
44700 22 64
44700 77 82
45000 5 14
45000 6 88
45000 14 24
45000 28 30
45300 25 88
45300 29 53
45300 38 51
45300 45 58
45300 51 72
45600 24 48
45600 57 76
45900 7 46
45900 17 34
45900 17 18
45900 17 46
45900 32 85
45900 32 38
45900 35 75
45900 64 77
46200 0 24
46200 17 68
46500 7 25
46500 16 25
46500 30 66
46500 50 86
46800 29 53
46800 37 58
47100 17 18
47100 29 53
47100 36 79
47400 29 53
47700 9 73
47700 45 70
47700 52 84
47700 53 70
48000 23 30
48000 29 53
48000 29 30
48000 35 52
48000 37 84
48000 43 45
48000 44 51
48300 9 62
48300 29 53
48600 23 69
48600 23 30
48600 29 53
48600 30 63
48600 30 53
48900 7 86
49200 7 46
49200 17 18
49200 17 68
49200 45 58
49500 8 26
49500 44 51
49800 3 45
50100 6 40
50100 9 62
50100 35 49
50100 55 74
50400 15 33
50400 50 86
50400 60 81
50400 76 88
50700 7 21
50700 7 78
50700 17 68
50700 21 78
50700 29 53
50700 36 50
51000 16 78
51000 28 73
51000 53 63
51000 70 73
51000 75 79
51300 0 45
51300 3 5
51300 9 29
51300 9 30
51300 9 70
51300 9 28
51600 21 84
51600 22 85
51900 0 24
51900 5 34
51900 23 29
51900 29 30
52200 9 62
52200 18 34
52200 21 66
52200 29 69
52200 45 83
52200 50 74
52200 55 79
52200 57 60
52500 5 18
52500 11 24
52500 79 84
52800 0 48
52800 4 50
52800 9 73
52800 9 62
52800 15 67
52800 52 75
52800 53 66
53100 37 84
53400 6 40
53400 9 30
53400 9 29
53400 28 29
53400 28 53
53400 29 53
53700 22 64
53700 27 57
53700 44 51
53700 77 82
54000 5 14
54000 37 58
54300 52 86
54300 63 70
54600 0 24
54600 5 24
54600 39 58
54600 79 88
54900 3 37
54900 9 30
54900 32 88
55200 16 76
55200 32 38
55500 6 40
55800 24 45
55800 29 53
55800 44 51
56100 21 56
56100 22 64
56100 24 48
56100 35 79
56100 77 82
56400 44 51
56400 57 62
56700 9 73
56700 29 63
57000 28 69
57000 29 70
57000 44 51
57300 22 64
57300 42 52
57600 21 69
57600 29 53
57600 75 79
57900 4 49
57900 29 53
57900 57 88
58200 7 78
58200 8 26
58200 14 24
58200 14 64
58200 17 68
58200 29 53
58500 29 53
58500 35 49
58500 37 84
58500 58 84
58800 8 79
58800 14 24
58800 21 69
58800 29 53
58800 45 58
59100 17 18
59100 45 65
59100 49 52
59100 52 86
59400 18 47
59400 18 37
59400 58 65
59700 21 84
59700 30 66
59700 55 86
60000 16 25
60000 52 87
60300 4 52
60300 8 26
60300 28 29
60300 29 70
60300 37 77
60300 38 39
60600 14 72
60600 30 73
60600 30 69
60600 53 69
60900 16 46
60900 35 84
60900 44 51
60900 57 88
61200 11 38
61200 23 30
61200 29 53
61200 62 73
61200 84 88
61500 1 16
61500 7 88
61500 9 62
61500 35 79
61500 35 52
61500 35 36
61500 36 79
61500 76 88
61800 16 61
61800 23 53
61800 28 69
61800 30 53
62100 0 14
62100 53 70
62100 60 79
62400 29 53
62700 17 68
62700 17 34
62700 34 68
62700 35 75
62700 36 75
62700 75 86
63000 2 28
63000 2 39
63000 11 34
63000 28 38
63000 61 86
63000 77 86
63300 11 44
63300 19 28
63300 25 86
63300 35 75
63300 35 52
63300 45 65
63300 52 75
63600 18 90
63600 23 30
63600 35 75
63600 46 84
63600 50 86
63600 50 60
63600 57 88
63600 62 73
63900 17 18
63900 29 63
64200 7 76
64200 12 16
64200 14 37
64200 27 81
64200 35 75
64500 29 53
64500 52 86
64800 7 58
64800 24 48
64800 29 53
64800 49 52
65100 4 86
65100 52 86
65400 1 16
65400 8 26
65700 9 62
65700 16 84
65700 24 48
66000 28 84
66300 1 16
66300 35 84
66300 35 52
66600 23 30
66600 24 48
66900 14 24
66900 21 69
66900 29 53
66900 85 91
67200 7 56
67200 9 62
67500 29 53
67500 52 87
67800 7 78
67800 16 25
67800 27 60
68100 1 6
68100 1 33
68100 1 40
68100 1 10
68100 1 16
68100 2 10
68100 5 39
68100 6 40
68100 6 10
68100 10 40
68100 10 38
68100 10 16
68100 12 44
68100 12 77
68100 16 33
68100 24 48
68100 33 40
68100 38 45
68100 38 85
68100 45 85
68400 2 15
68400 9 73
68400 9 30
68400 29 63
68400 61 63
68700 24 48
69000 12 78
69000 58 65
69000 84 89
69300 0 14
69600 35 52
69900 22 64
69900 28 57
69900 37 58
70200 9 73
70200 29 69
70200 29 53
70200 37 58
70200 50 74
70200 53 69
70500 17 68
70500 50 86
70800 18 37
70800 53 70
71100 9 29
71100 11 48
71100 27 81
71100 57 88
71400 34 84
71400 35 75
71400 55 74
71400 67 84
71700 1 78
71700 3 5
71700 29 63
72000 9 62
72000 77 82
72300 28 30
72600 1 88
72600 1 59
72600 22 32
72900 23 30
72900 29 53
72900 52 86
72900 57 60
72900 74 86
73200 17 18
73200 18 68
73200 24 48
73200 32 58
73500 1 65
73500 8 39
73500 8 85
73500 9 62
73500 14 45
73500 29 63
73500 38 45
73500 41 86
73500 50 75
73500 53 70
73500 75 79
73800 24 45
73800 55 79
73800 69 73
74100 11 84
74100 14 71
74100 37 58
74100 50 86
74400 7 58
74400 9 73
74400 24 35
74400 29 53
74400 35 48
74400 42 55
74400 49 52
74700 3 85
74700 50 86
75000 29 53
75000 50 74
75000 52 86
75300 9 73
75300 14 24
75300 59 76
75600 9 62
75600 9 73
75600 17 18
75600 50 74
75600 53 69
75600 55 79
75900 6 12
75900 6 26
75900 9 62
75900 9 26
75900 12 46
75900 14 24
76200 0 24
76500 29 63
76800 1 16
76800 2 6
76800 2 10
76800 6 40
76800 6 27
76800 6 10
76800 10 16
76800 10 40
76800 12 77
76800 12 44
76800 16 33
76800 17 18
76800 24 48
76800 27 40
76800 27 46
76800 27 65
76800 27 57
76800 39 65
76800 46 56
76800 46 57
77100 50 84
77400 8 26
77400 42 43
77400 53 63
77700 9 23
77700 9 73
77700 14 24
78000 28 84
78000 35 75
78000 39 51
78000 55 75
78300 14 72
78300 28 53
78600 12 16
78600 27 81
78600 39 57
78600 50 86
78900 5 37
78900 5 18
78900 14 77
78900 18 37
78900 64 77
79200 0 48
79200 8 90
79200 29 53
79500 7 16
79500 29 53
79500 49 52
79800 37 58
79800 53 66
79800 53 61
79800 53 70
79800 62 73
80100 4 86
80100 9 73
80100 9 62
80100 24 48
80400 24 44
80400 29 63
80700 29 53
81000 6 40
81000 9 73
81000 9 61
81000 50 86
81300 8 26
81300 26 32
81300 38 90
81300 38 85
81300 58 90
81300 58 85
81300 85 90
81600 21 46
81600 24 48
81600 26 31
81600 75 79
81900 4 79
81900 9 29
81900 27 81
82200 7 25
82200 16 25
82200 30 66
82500 44 51
82500 55 79
82800 0 24
82800 4 86
82800 9 63
82800 9 69
82800 24 48
82800 61 62
83100 35 75
83100 76 84
83400 3 44
83400 22 64
83400 44 51
83400 45 58
83700 22 64
83700 40 88
83700 44 51
83700 67 78
84000 49 84
84300 3 14
84300 9 62
84300 9 28
84300 9 44
84300 34 44
84300 44 45
84600 3 83
84600 50 74
84900 51 54
84900 63 89
85200 44 51
85200 88 89
85500 64 77
85800 20 35
85800 29 61
85800 39 45
85800 42 79
85800 52 84
85800 56 84
85800 84 87
86100 29 69
86100 66 69
86400 29 70
86400 44 72
86400 53 70
86700 3 44
86700 5 72
86700 7 58
86700 9 23
87000 17 84
87000 24 28
87000 29 53
87300 9 69
87300 9 66
87300 9 62
87300 12 57
87300 27 75
87300 50 74
87300 62 69
87300 80 85
87600 22 64
87900 12 78
88200 21 69
88200 58 85
88500 9 62
88500 22 32
88500 76 78
88800 2 10
88800 6 10
88800 6 12
88800 11 58
88800 16 53
88800 16 70
88800 39 65
88800 44 51
88800 51 58
88800 51 65
88800 53 70
88800 58 65
88800 67 84
88800 79 84
88800 84 86
89100 8 90
89100 8 58
89100 45 58
89100 70 73
89400 3 72
89400 22 32
89400 52 79
89400 62 73
89400 79 86
89700 0 45
89700 4 86
89700 29 91
89700 29 53
89700 53 63
90000 3 14
90000 21 84
90000 28 73
90000 29 70
90000 45 65
90300 5 18
90600 11 44
90600 25 75
90900 52 79
91200 0 51
91200 17 18
91200 26 65
91200 29 53
91200 45 72
91500 0 48
91500 8 90
91500 9 80
91500 9 30
91500 15 67
91500 24 48
91500 30 53
91500 53 73
91500 53 62
91800 0 24
91800 20 84
91800 35 52
91800 35 84
91800 55 79
91800 56 87
91800 56 84
92100 22 32
92100 53 70
92400 11 77
92400 12 27
92400 17 34
92400 22 48
92400 27 81
92400 27 48
92400 27 77
92400 48 64
92400 64 77
92700 32 80
92700 50 74
93000 5 85
93000 76 78
93300 17 18
93600 55 79
93900 9 62
93900 38 58
93900 38 45
93900 59 78
93900 76 78
94200 35 75
94500 14 24
94500 28 84
94500 39 51
94800 28 69
94800 65 91
95100 11 44
95100 24 63
95100 37 82
95100 86 91
95400 16 84
95400 28 73
95400 44 51
95700 5 51
95700 5 35
95700 14 39
95700 17 51
95700 27 65
95700 27 72
95700 27 35
95700 27 75
95700 35 37
95700 35 45
95700 35 75
95700 45 58
95700 45 72
95700 51 68
95700 58 72
96000 35 55
96000 50 74
96300 31 71
96600 14 39
96600 14 58
96900 9 62
96900 29 53
96900 57 88
97200 62 73
97200 71 83
97500 14 47
97500 32 38
97800 21 76
98100 7 88
98100 22 64
98100 59 67
98100 61 66
98400 4 36
98400 14 24
98400 27 56
98400 27 60
98400 28 53
98400 29 70
98400 29 53
98400 45 65
98400 65 72
98700 1 7
98700 7 40
98700 33 59
99000 5 11
99000 18 37
99000 29 53
99300 39 58
99300 79 84
99300 79 88
99600 1 40
99600 1 6
99600 6 60
99600 27 84
99600 44 65
99600 58 65
99900 12 56
99900 56 58
100200 29 53
100500 29 53
100500 69 70
100800 3 24
100800 14 45
100800 24 29
100800 24 53
100800 24 28
100800 29 53
100800 44 51
101100 28 69
101100 30 66
101100 52 75
101400 15 33
101400 60 81
101400 76 88
101700 5 24
101700 7 16
101700 8 26
101700 14 90
101700 18 37
102000 4 74
102000 24 48
102000 35 75
102300 1 88
102300 5 51
102300 7 81
102300 7 88
102300 29 53
102300 39 51
102300 49 67
102300 55 86
102600 1 33
102600 1 2
102600 1 6
102600 2 6
102600 6 84
102600 6 33
102600 10 84
102600 12 44
102600 33 44
102600 39 51
102600 51 58
102600 51 65
102600 56 84
102600 58 65
102600 67 84
102900 28 70
103200 34 86
103500 14 24
103500 50 55
103800 5 24
103800 5 65
103800 9 66
103800 9 13
103800 24 32
103800 57 60
104100 23 49
104100 25 49
104100 28 69
104100 37 77
104100 52 75
104100 53 61
104400 7 12
104400 29 53
104700 2 15
104700 2 33
104700 9 73
104700 9 62
104700 15 72
104700 29 63
104700 50 75
104700 58 86
104700 58 78
104700 58 59
104700 59 78
104700 72 86
104700 72 78
104700 72 75
104700 75 86
105000 7 12
105000 33 84
105000 72 85
105000 79 88
105300 29 53
105600 1 7
105600 1 27
105600 7 27
105600 14 37
105600 29 53
105900 5 39
105900 35 87
105900 35 86
105900 35 52
106200 8 26
106200 9 62
106200 52 84
106500 24 48
106500 42 43
106500 44 45
106500 48 49
106500 53 70
106500 79 88
106800 21 56
106800 24 48
107100 21 56
107100 36 50
107400 4 86
107400 23 29
107400 29 53
107700 1 12
107700 9 73
107700 9 62
107700 51 71
108000 50 74
108300 14 24
108300 22 77
108600 17 68
108600 18 34
108600 35 75
108600 35 36
108600 36 75
108900 8 85
108900 8 37
108900 9 62
108900 21 61
108900 59 76
109200 3 43
109200 29 53
109500 9 66
109500 9 62
109500 9 73
109500 11 84
109500 62 73
109800 5 34
109800 29 63
110100 1 2
110100 2 10
110100 5 39
110100 6 10
110100 21 56
110100 45 58
110400 24 48
110400 28 69
110700 9 29
110700 29 62
110700 29 63
110700 62 73
110700 63 66
111000 7 81
111000 14 45
111000 57 60
111300 0 48
111300 4 50
111300 9 62
111300 9 73
111300 15 67
111300 52 75
111600 7 58
111600 19 76
111600 21 69
111600 28 73
111600 59 76
111900 2 10
111900 10 16
111900 10 33
111900 11 84
111900 12 44
111900 24 31
111900 39 51
111900 51 58
111900 58 65
112200 29 53
112500 29 53
112800 7 84
112800 24 84
112800 27 84
112800 33 84
112800 51 58
113100 9 73
113400 17 18
113700 9 62
113700 18 90
113700 23 30
113700 50 60
113700 50 57
113700 57 88
114000 5 74
114000 5 37
114000 9 62
114000 9 73
114000 24 48
114000 24 77
114000 24 74
114300 21 69
114300 24 45
114600 2 71
114600 14 58
114600 14 39
114600 14 24
114600 37 82
114600 39 58
114600 53 70
114600 58 82
114900 1 16
114900 1 59
114900 15 16
114900 16 59
114900 49 55
114900 55 79
115200 9 62
115200 9 45
115200 12 57
115200 13 50
115200 14 85
115200 14 24
115200 27 75
115200 45 61
115200 45 83
115200 50 74
115500 5 72
115500 5 37
115500 5 22
115500 18 72
115500 22 37
115500 22 72
115500 22 26
115500 26 72
115500 26 37
115500 26 71
115500 28 73
115500 37 72
115800 42 43
115800 42 72
115800 42 58
115800 58 72
116100 29 70
116100 29 69
116100 29 53
116100 53 63
116100 59 78
116100 85 91
116400 7 50
116700 9 62
116700 17 18
116700 50 86
116700 79 87
117000 3 14
117000 14 37
117000 16 84
117000 50 75
117300 17 18
117300 22 58
117300 22 32
117300 32 58
117600 23 30
117600 42 76
117600 49 55
117900 5 84
117900 22 77
117900 24 48
118200 28 70
118500 12 60
118500 19 75
118500 35 75
118500 35 50
118500 50 75
118500 50 52
118500 52 75
118800 1 33
118800 1 7
118800 5 72
118800 24 45
118800 37 58
118800 58 65
119100 35 75
119100 44 51
119400 9 73
119700 0 48
119700 9 63
119700 32 71
120000 1 88
120000 9 73
120000 23 30
120000 29 63
120000 37 77
120000 62 73
120300 27 60
120300 29 63
120600 1 59
120600 1 88
120600 1 84
120600 11 24
120600 12 88
120600 15 88
120600 23 69
120600 24 55
120900 4 79
120900 37 58
120900 75 79
121200 5 11
121200 14 48
121200 28 73
121200 29 53
121200 39 51
121200 61 71
121200 70 73
121500 5 34
121500 5 37
121500 7 27
121500 23 30
121500 30 34
121800 9 62
121800 9 19
121800 12 58
121800 14 37
121800 19 44
121800 21 61
121800 22 64
121800 29 53
121800 44 45
121800 44 58
121800 44 60
121800 53 63
122100 7 76
122100 8 26
122100 15 33
122100 23 29
122100 29 53
122100 53 63
122400 0 14
122400 14 37
122400 17 18
122400 37 82
122700 9 62
122700 9 53
122700 12 58
122700 12 44
122700 12 77
122700 39 65
122700 39 58
122700 44 65
122700 53 70
122700 58 65
123000 9 62
123000 29 73
123000 29 63
123300 11 44
123600 4 55
123900 3 37
123900 8 26
123900 22 37
123900 23 30
123900 29 63
123900 37 90
124200 29 63
124500 4 86
124500 7 12
124500 9 28
124500 9 63
124500 37 58
124500 52 87
124800 22 85
124800 46 89
125100 28 53
125100 44 51
125400 28 69
125400 30 53
125400 53 70
125700 25 86
125700 30 53
125700 53 77
126000 25 86
126000 29 53
126000 50 86
126300 21 46
126300 21 26
126300 24 48
126300 26 31
126300 49 79
126300 75 79
126600 14 50
126600 22 64
126600 30 66
126600 44 86
126900 15 33
126900 23 30
126900 53 63
127200 17 18
127200 42 43
127200 45 58
127500 4 52
127500 9 73
127500 9 69
127500 9 62
127500 29 53
127500 52 55
127500 55 79
127500 67 76
127800 17 80
127800 21 84
127800 24 48
127800 35 75
127800 46 84
128100 29 63
128400 21 69
128400 21 61
128400 24 45
128400 30 66
128400 69 73
128700 15 33
128700 25 86
129000 22 64
129000 24 48
129300 14 58
129300 21 40
129300 47 58
129600 24 48
129900 9 62
129900 24 31
129900 24 48
129900 31 48
130200 9 46
130200 55 84
130500 14 24
130500 14 58
130500 24 58
130800 2 15
130800 2 3
130800 2 48
130800 15 48
130800 24 48
130800 24 49
130800 35 75
130800 48 49
131100 59 76
131400 29 53
131700 0 14
131700 7 16
131700 8 90
131700 8 60
131700 9 69
131700 17 68
131700 17 18
132000 29 63
132000 50 84
132000 58 65
132000 59 76
132000 76 81
132300 1 16
132300 2 15
132300 31 71
132300 33 40
132600 21 61
132600 22 64
132600 57 88
132900 11 23
133200 7 76
133200 9 63
133500 12 43
133800 18 37
133800 23 30
133800 38 91
134100 2 28
134100 5 22
134100 22 85
134400 8 26
134400 9 28
134400 9 62
134400 22 64
134400 28 73
134700 3 19
134700 3 14
134700 9 14
134700 19 42
134700 29 63
135000 7 25
135000 19 79
135000 21 79
135000 21 61
135000 24 48
135000 24 45
135000 28 69
135000 61 66
135000 79 87
135300 0 14
135300 0 3
135300 3 14
135300 7 78
135600 14 65
135600 14 45
135600 22 64
135600 29 53
135600 39 58
135600 39 85
135600 46 89
135600 58 85
135600 58 65
135900 5 47
135900 9 28
135900 9 63
135900 9 69
135900 9 73
135900 9 62
135900 24 48
135900 28 73
136200 37 84
136200 49 86
136200 50 74
136200 58 84
136500 8 26
136500 9 62
136500 9 28
136500 28 73
136500 28 62
136500 50 52
136500 50 86
136800 4 50
136800 15 67
136800 28 69
136800 30 66
136800 44 51
136800 52 75
136800 55 86
137100 0 14
137100 7 78
137100 9 62
137100 21 84
137100 21 56
137100 29 53
137100 52 87
137400 21 28
137400 29 53
137400 67 78
137700 5 85
137700 5 80
137700 21 84
137700 28 69
138000 9 62
138000 50 86
138300 5 14
138300 29 70
138300 44 51
138600 5 18
138600 29 90
138600 44 51
138600 45 64
138600 81 88
138900 0 14
138900 3 14
138900 8 90
138900 9 69
138900 16 84
138900 30 53
138900 65 82
139200 12 44
139200 12 72
139200 12 58
139200 17 34
139200 35 50
139200 43 58
139200 44 58
139200 44 56
139200 50 75
139200 53 70
139200 56 58
139200 56 65
139500 55 79
139500 75 79
139800 0 14
139800 14 37
139800 17 18
139800 28 30
139800 64 77
140100 21 84
140100 24 48
140100 35 75
140100 55 79
140400 9 62
140400 9 19
140400 22 64
140400 24 48
140400 38 44
140700 12 44
140700 58 65
141000 2 88
141000 7 58
141300 49 55
141300 50 86
141600 11 44
141600 44 53
141600 53 70
141900 14 24
141900 76 78
142200 5 44
142200 11 44
142200 28 69
142200 29 70
142200 44 51
142500 9 62
142500 38 58
142500 38 45
142500 45 58
142800 12 42
143100 0 45
143100 29 53
143100 37 58
143100 37 47
143400 0 14
143400 7 16
143400 8 60
143400 8 90
143400 9 62
143400 53 66
143700 5 22
143700 5 72
143700 5 37
143700 22 37
143700 22 72
143700 22 26
143700 26 37
143700 29 53
143700 37 72
143700 37 90
144000 3 5
144000 29 73
144000 50 86
144300 29 63
144300 50 86
144600 21 84
144600 23 29
144600 51 65
144900 56 84
145200 4 79
145200 16 84
145500 12 59
145500 20 84
145500 37 58
145500 59 76
145800 6 40
145800 15 33
145800 38 45
145800 44 52
146100 9 62
146100 27 88
146100 28 69
146100 29 53
146400 9 73
146400 28 53
146400 50 74
146700 1 7
146700 17 18
146700 55 79
146700 75 79
147000 35 52
147300 9 73
147300 9 62
147300 17 18
147300 50 74
147300 53 69
147600 14 58
147600 21 61
147900 37 58
147900 50 86
148200 35 75
148200 45 65
148200 56 86
148200 56 84
148200 84 86
148500 22 85
148500 29 53
148500 32 38
148800 52 79
149100 29 53
149400 9 73
149400 29 53
149400 53 73
149700 9 62
149700 22 85
149700 29 53
149700 29 30
149700 50 86
150000 7 84
150000 35 86
150000 35 50
150000 37 80
150000 37 50
150000 38 86
150000 50 75
150000 50 80
150300 39 72
150600 28 70
150900 2 15
150900 17 18
150900 35 75
150900 79 87
151200 24 48
151200 26 71
151200 29 53
151200 35 75
151500 42 51
151500 46 60
151500 53 70
151800 17 18
151800 32 38
152100 2 15
152100 3 14
152100 7 50
152100 9 62
152100 9 73
152400 22 64
152700 9 73
152700 29 63
153000 9 73
153000 35 50
153000 50 86
153000 50 84
153300 9 73
153300 16 88
153300 21 69
153300 22 64
153300 53 70
153600 5 11
153600 5 72
153600 9 62
153900 0 48
153900 8 90
153900 8 16
153900 29 53
153900 29 30
153900 62 73
154200 17 18
154200 22 32
154200 79 87
154200 84 87
154500 0 48
154500 9 62
154500 15 67
154500 16 59
154500 24 48
154500 28 30
154500 28 69
154500 44 51
154500 52 75
154500 62 73
154800 7 78
154800 29 53
155100 7 25
155100 7 16
155100 30 66
155100 61 69
155400 25 36
155400 53 63
155700 29 53
156000 0 24
156000 42 79
156000 42 44
156000 56 84
156300 35 75
156300 35 52
156600 21 27
156600 21 59
156600 34 45
156600 54 71
156900 0 24
156900 19 42
156900 19 50
156900 20 35
156900 22 32
156900 55 79
156900 84 87
157200 22 80
157200 28 69
157200 53 70
157500 15 33
157800 2 15
157800 5 11
157800 14 19
157800 17 18
157800 19 79
157800 42 79
158100 21 69
158100 29 63
158400 1 78
158400 9 19
158400 19 42
158400 19 50
158400 33 88
158400 58 72
158400 62 73
158700 9 62
159000 9 62
159000 39 51
159300 42 84
159300 52 84
159300 53 63
159600 24 48
159600 46 84
159600 74 79
159900 18 22
159900 22 85
159900 28 66
159900 80 85
160200 44 51
160200 77 82
160500 63 70
160800 7 59
160800 8 90
160800 24 48
160800 79 86
161100 7 16
161100 9 29
161100 22 32
161100 52 55
161100 55 74
161400 17 68
161400 29 53
161400 35 49
161400 57 60
161700 37 58
162000 4 50
162000 5 24
162000 7 57
162000 8 26
162000 9 62
162000 13 50
162000 14 90
162000 14 37
162000 32 80
162000 37 90
162300 7 58
162600 17 18
162600 21 56
162600 21 59
162600 24 48
162600 32 58
162900 29 53
163200 29 53
163500 19 50
163500 19 75
163500 27 60
163500 35 50
163500 35 75
163500 50 75
163800 9 53
163800 29 53
163800 37 58
163800 50 86
163800 53 73
164100 35 52
164100 44 77
164100 56 84
164400 9 30
164400 12 76
164400 21 56
164400 22 64
164400 38 45
164400 56 76
164700 9 62
164700 29 53
165000 34 84
165000 35 75
165000 35 50
165000 37 84
165000 50 86
165000 75 86
165300 8 26
165300 22 71
165300 38 85
165300 38 90
165300 39 65
165300 58 85
165300 72 90
165600 12 58
165600 39 58
165600 79 88
165900 0 24
165900 32 91
165900 57 60
166200 0 24
166200 4 84
166200 35 52
166200 55 79
166500 28 73
166500 62 73
166500 67 84
166500 67 76
166800 9 62
166800 29 53
166800 50 74
166800 58 72
167100 14 37
167100 17 68
167400 28 70
167400 39 72
167400 72 90
167700 11 58
167700 27 64
167700 28 53
167700 53 70
167700 85 90
168000 7 84
168000 44 65
168000 58 65
168300 28 84
168600 29 53
168600 37 58
168600 50 86
168600 51 65
168900 2 10
168900 2 40
168900 6 10
168900 21 88
168900 44 51
168900 57 88
169200 7 58
169200 21 84
169200 24 45
169200 56 60
169500 5 22
169500 23 61
169800 22 64
169800 24 48
169800 44 51
169800 77 82
170100 11 44
170100 24 48
170400 11 24
170400 19 59
170400 19 76
170400 37 72
170400 59 76
170400 70 73
170700 8 26
170700 26 80
170700 31 58
170700 39 85
170700 80 91
171000 16 84
171000 28 69
171000 32 38
171000 35 50
171000 37 82
171000 37 77
171000 45 65
171300 7 27
171600 15 33
171900 8 26
171900 21 61
171900 22 64
172200 14 58
172200 53 66
172500 14 37
172500 37 58
172500 44 51
172800 9 62
172800 15 33
172800 35 75
172800 52 55
172800 60 81
173100 3 18
173100 9 62
173100 18 65
173100 29 53
173400 9 63
173400 37 77
173700 24 48
173700 29 53
173700 35 75
174000 9 51
174000 9 39
174000 39 51
174300 53 66
174600 7 88
174600 17 51
174600 29 53
174600 29 63
174600 39 51
174900 30 66
174900 32 91
174900 34 72
174900 53 63
175200 24 48
175200 26 31
175500 0 14
175500 41 79
175500 53 69
175500 77 82
175800 8 37
175800 37 82
175800 37 58
175800 58 82
176100 7 84
176100 16 84
176100 25 84
176100 64 77
176400 22 64
176400 28 73
176700 0 14
176700 7 16
176700 8 60
176700 15 67
177000 29 53
177000 59 76
177300 18 37
177300 29 53
177300 35 55
177300 39 72
177300 80 85
177600 5 85
177600 5 72
177600 55 86
177600 72 80
177600 80 85
177900 53 70
178200 0 48
178200 8 90
178200 16 84
178200 29 53
178500 15 33
178800 58 65
178800 76 84
179100 28 70
179100 38 39
179400 6 58
179400 6 7
179400 7 58
179400 8 14
179400 9 62
179400 14 37
179400 35 75
179700 24 32
180000 2 39
180000 5 48
180000 12 48
180000 12 14
180000 12 20
180000 14 20
180000 14 58
180000 14 78
180000 20 58
180000 20 78
180000 24 87
180000 29 39
180000 31 58
180000 58 78
180300 3 53
180300 7 33
180300 11 56
180300 22 32
180300 22 45
180300 28 70
180300 44 51
180300 53 70
180300 53 61
180600 24 69
180600 28 69
180900 0 14
180900 9 62
180900 12 32
180900 17 51
180900 21 56
180900 24 45
180900 28 62
180900 56 60
181200 1 76
181200 19 76
181200 22 64
181200 35 79
181200 77 82
181500 14 18
181500 25 58
181500 29 53
181500 35 75
181500 50 75
181500 53 63
181500 56 60
181800 3 80
182100 0 14
182100 16 59
182100 53 69
182400 24 48
182400 37 58
182700 0 14
182700 5 22
182700 5 37
182700 16 45
182700 22 37
182700 22 26
182700 22 34
182700 26 37
182700 26 72
182700 34 37
182700 37 72
182700 40 84
182700 40 78
182700 60 81
182700 60 88
182700 81 88
183000 4 48
183000 8 34
183000 8 90
183000 8 58
183000 11 24
183000 27 76
183000 27 81
183000 45 58
183300 7 88
183600 7 12
183600 22 91
183600 24 32
183600 33 84
183600 79 88
183600 85 91
183900 7 33
183900 58 72
183900 64 77
184200 14 72
184200 14 34
184200 14 85
184200 24 48
184200 27 75
184200 27 35
184200 35 75
184500 28 69
184500 29 53
184500 37 82
184500 44 51
184800 22 64
184800 35 79
184800 77 82
185100 5 18
185100 7 88
185100 16 88
185100 28 73
185100 29 53
185100 39 51
185100 49 86
185100 49 55
185100 55 86
185400 7 76
185700 5 80
185700 5 18
185700 18 80
186000 8 82
186000 9 19
186000 9 62
186000 22 39
186000 22 64
186000 37 58
186000 38 44
186300 11 48
186300 22 32
186300 58 65
186600 22 64
186600 24 48
186600 77 82
186900 28 84
186900 39 51
187200 20 31
187200 24 31
187200 24 48
187200 31 48
187200 71 83
187500 0 14
187500 18 45
187500 35 52
187800 24 58
187800 28 84
187800 28 62
188100 3 14
188100 19 24
188100 24 48
188100 53 70
188400 1 78
188400 7 78
188400 21 76
188400 24 48
188400 77 82
188700 29 53
188700 37 58
188700 62 69
189000 9 63
189000 9 73
189300 9 62
189300 23 53
189300 23 73
189300 28 53
189300 28 73
189300 29 53
189300 39 51
189600 24 48
189600 52 75
189600 69 70
189900 3 22
189900 28 66
189900 28 69
190200 29 53
190200 29 63
190200 45 65
190200 45 85
190200 58 65
190500 9 73
190500 28 84
190500 28 76
190500 76 84
190800 0 24
190800 21 42
190800 22 38
190800 24 45
190800 25 28
190800 27 57
190800 67 76
191100 9 62
191100 17 68
191100 18 68
191400 11 23
191400 23 69
191400 45 58
191700 8 83
191700 29 53
191700 44 51
192000 5 72
192000 9 62
192000 49 86
192300 5 37
192300 35 75
192300 35 49
192300 46 57
192600 9 28
192600 9 63
192600 28 69
192600 37 77
192900 30 53
192900 58 72
193200 17 18
193200 35 75
193200 39 90
193500 3 5
193500 9 62
193500 9 29
193500 11 24
193500 11 48
193500 18 37
193500 24 48
193800 30 57
193800 51 90
193800 52 75
193800 56 59
193800 58 65
193800 59 78
194100 9 73
194100 49 73
194100 50 86
194100 57 60
194400 8 26
194400 14 44
194400 52 79
194700 7 16
194700 7 25
194700 16 25
194700 17 18
194700 30 66
195000 45 65
195000 50 86
195000 55 74
195300 8 26
195300 14 44
195600 35 75
195600 35 52
195600 52 75
195900 50 86
195900 52 84
195900 52 75
195900 59 76
195900 75 84
196200 9 73
196500 3 14
196500 3 44
196500 9 73
196500 9 19
196500 9 62
196500 11 44
196500 19 73
196500 29 63
196500 62 73
196500 62 66
196800 29 63
196800 50 86
197100 7 58
197100 12 15
197100 15 33
197400 29 53
197700 9 63
197700 28 70
197700 28 53
197700 37 65
197700 53 70
197700 61 62
198000 9 66
198000 9 62
198000 30 66
198000 50 74
198000 58 72
198300 28 69
198600 3 14
198600 4 86
198600 7 12
198600 9 28
198900 5 18
198900 12 77
198900 12 44
198900 12 64
198900 24 48
198900 39 65
198900 44 65
199200 58 65
199500 11 48
199500 49 84
199500 50 74
199500 75 88
199500 79 88
199800 9 62
199800 36 55
199800 36 79
199800 55 79
200100 22 85
200400 7 25
200400 35 84
200400 52 84
200700 29 53
200700 46 89
200700 69 70
201000 23 29
201000 29 63
201000 31 71
201000 52 79
201300 53 70
201600 23 30
201600 49 74
201600 49 55
201600 55 74
201600 69 73
201900 9 30
201900 29 53
201900 30 62
201900 37 77
201900 49 52
201900 52 84
202200 4 50
202200 4 52
202200 14 24
202200 21 69
202200 29 53
202500 8 26
202500 53 63
202800 0 45
202800 7 78
202800 7 21
202800 14 24
203100 1 27
203100 1 7
203100 6 27
203100 6 7
203100 27 33
203100 29 63
203100 37 58
203100 44 65
203400 23 29
203400 55 74
203700 8 26
203700 9 62
203700 9 73
203700 69 73
204000 26 32
204000 57 60
204300 1 88
204300 9 62
204300 9 69
204300 9 66
204300 27 88
204300 28 69
204300 29 30
204300 30 66
204600 14 37
204600 35 87
204600 35 52
204600 44 51
204900 24 45
204900 25 47
204900 27 57
204900 53 70
205200 0 65
205200 0 14
205200 22 64
205200 24 48
205200 44 51
205500 1 59
205500 29 53
205500 75 79
205800 24 45
205800 29 53
205800 37 58
205800 44 51
206100 11 84
206100 12 84
206100 16 33
206100 29 53
206100 42 43
206100 49 84
206100 49 58
206100 49 64
206100 58 84
206100 64 77
206100 79 88
206400 7 27
206400 27 57
206400 57 60
206700 7 88
206700 9 62
206700 29 53
207000 3 18
207000 7 58
207000 15 33
207300 11 23
207300 21 30
207300 23 69
207300 37 58
207300 74 86
207600 2 28
207600 5 22
207600 23 61
207900 0 65
207900 14 65
207900 39 45
208200 29 53
208200 37 58
208500 3 24
208500 15 33
208500 28 29
208500 44 51
208500 53 63
208800 11 24
208800 11 51
208800 17 68
208800 22 64
208800 27 51
208800 27 68
209100 12 44
209100 17 56
209400 22 64
209400 45 85
209400 45 65
209400 65 85
209700 27 60
209700 29 63
209700 37 58
209700 50 75
210000 11 24
210000 24 48
210300 29 63
210600 3 65
210600 9 73
210600 17 51
210600 51 68
210900 3 5
210900 29 63
211200 28 69
211500 3 5
211500 3 22
211500 5 18
211500 11 24
211500 18 22
211500 22 64
211500 55 79
211800 9 62
211800 9 66
211800 14 48
211800 24 32
211800 50 75
211800 59 76
212100 9 73
212100 24 28
212100 29 53
212400 5 72
212400 29 69
212400 29 53
212400 50 74
212400 53 69
212400 55 79
212700 45 65
213000 21 69
213000 29 63
213300 29 53
213300 37 58
213600 3 5
213600 9 29
213600 11 48
213600 11 24
213600 24 48
213600 57 88
213600 74 86
213900 3 80
213900 28 53
213900 49 55
214200 24 58
214200 32 80
214200 67 76
214500 9 30
214500 9 28
214500 9 53
214500 17 18
214500 28 30
214500 28 73
214500 29 53
214500 44 51
214500 50 75
214800 49 74
215100 25 87
215400 28 69
215700 28 53
216000 0 24
216000 0 14
216000 14 24
216000 14 48
216000 22 77
216000 24 48
216000 45 48
216300 7 76
216600 11 23
216600 17 18
216600 23 69
216600 35 74
216600 62 73
216900 1 84
216900 1 59
216900 6 84
216900 9 73
216900 20 84
216900 28 69
216900 67 84
216900 84 88
217200 24 48
217200 29 30
217200 30 63
217200 47 58
217500 29 53
217500 50 86
217800 24 48
217800 24 45
217800 29 63
217800 29 70
217800 39 45
217800 42 50
217800 42 65
217800 45 72
217800 45 48
218100 3 22
218100 11 24
218100 42 79
218100 52 79
218100 55 79
218400 12 64
218400 12 45
218400 12 58
218400 17 18
218400 18 68
218400 34 58
218400 64 77
218700 29 53
218700 39 51
218700 53 63
218700 53 69
218700 66 69
219000 11 48
219000 12 49
219000 49 67
219000 58 65
219000 60 89
219300 6 40
219300 7 16
219600 22 38
219600 25 28
219600 25 53
219600 28 53
219600 53 69
219900 52 79
220200 32 85
220200 50 86
220500 19 59
220500 19 76
220500 21 61
220500 24 45
220500 25 47
220500 27 57
220500 28 69
220500 44 51
220500 53 66
220800 8 26
220800 29 53
220800 36 79
220800 36 55
220800 55 79
221100 67 84
221400 14 58
221400 21 61
221700 2 33
221700 24 87
221700 58 62
222000 58 65
222000 76 78
222000 76 81
222000 78 81
222300 9 63
222600 0 24
222600 50 86
222600 56 84
222900 9 66
222900 16 59
222900 50 59
222900 59 76
223200 8 26
223200 28 70
223500 22 38
223800 35 75
223800 62 73
224100 29 53
224400 17 68
224400 28 45
224400 44 45
224700 25 87
225000 5 11
225000 8 85
225000 9 62
225000 12 29
225000 22 51
225000 29 53
225000 38 45
225000 40 41
225000 50 75
225000 61 90
225300 11 16
225300 35 51
225300 35 84
225300 40 57
225300 44 51
225300 44 45
225300 45 51
225300 53 70
225300 56 88
225300 57 88
225600 22 50
225900 14 32
226200 9 62
226200 16 88
226200 23 53
226200 28 73
226200 29 73
226200 35 52
226200 53 73
226500 2 10
226500 2 6
226500 3 14
226500 6 10
226500 11 14
226500 14 34
226500 27 46
226500 44 51
226800 7 12
226800 29 53
226800 45 83
226800 50 74
227100 24 58
227400 8 26
227700 9 28
227700 9 63
227700 9 69
227700 28 69
227700 28 70
228000 40 56
228300 11 24
228600 20 40
228600 29 53
228900 5 75
229200 9 62
229200 9 17
229200 24 48
229200 76 88
229500 14 58
229500 22 38
229800 14 58
229800 14 37
229800 22 91
229800 23 30
229800 38 80
229800 85 91
230100 28 69
230100 46 89
230400 17 68
230700 17 18
230700 22 32
230700 79 87
231000 8 26
231000 22 91
231000 24 48
231000 29 91
231000 39 58
231000 42 43
231300 29 53
231300 30 62
231300 49 52
231600 7 16
231600 29 53
231600 45 58
231900 31 71
231900 44 51
231900 53 63
232200 14 24
232200 18 47
232500 2 60
232500 28 53
232500 39 58
232500 58 65
232800 23 29
233100 5 72
233100 5 37
233100 22 26
233100 22 37
233100 22 72
233100 26 37
233100 26 72
233100 29 53
233100 37 72
233100 53 63
233400 0 24
233400 9 66
233400 23 29
233700 0 48
233700 9 69
233700 9 43
233700 9 73
233700 15 67
233700 23 69
233700 30 66
233700 44 51
233700 52 75
233700 62 73
233700 69 73
234000 44 51
234000 58 65
234300 1 76
234300 37 58
234600 12 58
234600 58 72
234600 59 78
234600 65 72
234900 4 41
234900 27 57
234900 28 69
235200 7 25
235200 9 66
235200 22 64
235500 22 38
235500 29 53
235500 29 30
235500 29 66
235500 30 53
235800 29 70
236100 15 60
236400 4 50
236400 9 62
236400 23 30
236400 30 44
236400 35 52
236400 46 49
236400 49 86
236400 53 70
236700 44 86
236700 58 65
237000 15 60
237000 21 60
237000 85 90
237300 29 63
237600 21 59
237900 9 28
237900 9 69
237900 9 63
237900 17 68
237900 28 73
237900 28 70
237900 28 30
237900 28 69
237900 30 62
237900 35 75
237900 53 62
237900 53 70
237900 61 62
238200 28 29
238200 29 53
238200 35 52
238500 29 53
238800 8 26
238800 29 53
238800 50 74
238800 53 69
239100 0 24
239100 45 58
239100 50 86
239100 55 74
239400 7 12
239400 38 69
239700 9 28
239700 9 63
240000 9 62
240300 22 64
240300 24 48
240300 77 82
240600 45 72
240900 28 69
240900 29 53
240900 44 51
241200 35 75
241200 55 86
241500 12 88
241500 22 85
241500 55 74
241800 12 44
242100 1 15
242100 29 63
242100 55 79
242100 56 87
242100 75 79
242400 49 55
242700 5 72
242700 49 55
242700 49 86
242700 55 86
243000 5 18
243000 12 77
243000 12 64
243000 24 48
243000 64 77
243300 9 63
243300 9 28
243300 61 62
243600 2 6
243600 5 51
243600 5 39
243600 6 10
243600 7 16
243600 9 62
243600 14 82
243900 45 58
243900 45 72
243900 63 70
244200 24 59
244200 29 53
244200 45 90
244200 53 63
244500 8 16
244500 28 69
244800 23 30
244800 45 72
244800 45 65
244800 49 74
244800 50 86
244800 52 84
244800 65 72
245100 9 29
245100 14 48
245100 53 66
245400 25 49
245400 55 79
245700 35 75
245700 45 58
246000 9 73
246000 9 62
246000 50 74
246300 5 18
246300 7 88
246300 8 26
246300 53 63
246600 14 24
246600 29 63
246600 35 75
246600 59 76
246900 12 44
246900 12 58
246900 12 77
246900 24 48
246900 58 65
247200 52 79
247500 26 52
247500 29 53
247800 6 40
247800 12 44
247800 18 68
247800 28 30
247800 64 77
248100 19 73
248100 52 75
248400 29 53
248400 37 58
248400 44 51
248400 67 76
248700 7 84
248700 8 26
248700 21 84
248700 31 71
249000 7 25
249000 9 72
249000 22 64
249000 35 52
249300 28 43
249300 39 51
249600 11 44
249600 63 70
249900 3 68
249900 9 62
249900 28 69
249900 37 77
249900 52 75
249900 62 73
250200 0 14
250200 12 88
250200 31 51
250200 51 71
250500 15 33
250800 22 64
250800 24 48
250800 44 51
250800 52 87
250800 77 82
251100 14 47
251100 45 72
251400 50 74
251400 53 69
251700 17 34
251700 28 70
252000 1 12
252000 5 45
252000 9 73
252000 9 62
252300 14 85
252300 23 69
252300 23 31
252300 27 75
252300 31 69
252600 9 73
252600 63 70
252900 1 33
252900 11 72
252900 14 37
252900 64 77
253200 9 66
253200 14 24
253200 24 58
253200 28 84
253500 9 73
253500 11 23
253500 17 18
253500 22 85
253800 40 88
253800 55 74
254100 12 58
254100 43 58
254100 44 45
254100 79 88
254400 0 48
254400 4 86
254400 9 63
254400 21 84
254400 52 87
254700 0 14
254700 9 62
254700 29 53
254700 37 58
255000 9 63
255000 9 28
255300 19 73
255300 29 63
255300 56 84
255600 7 78
255600 9 69
255600 9 29
255600 29 63
255900 17 18
255900 29 61
255900 44 51
256200 1 76
256200 27 76
256200 35 79
256200 44 51
256200 77 82
256500 8 30
256500 8 90
256500 9 73
256500 15 67
256500 52 75
256500 53 73
256800 7 12
256800 22 32
257100 22 72
257100 28 69
257400 29 53
257400 51 65
257700 12 59
257700 50 86
257700 75 84
258000 1 40
258000 2 12
258000 7 40
258000 12 72
258000 58 72
258300 28 69
258300 46 60
258300 49 86
258300 49 55
258300 55 86
258600 7 27
258600 27 60
258600 27 57
258600 28 61
258600 29 53
258600 49 74
258600 57 60
258900 27 73
258900 29 53
258900 37 84
258900 49 86
258900 49 50
259200 39 58
259200 44 58
259200 49 58
259200 49 79
259200 49 88
259200 79 88
259200 79 84
259500 38 58
259500 59 78
259500 76 78
259800 7 78
259800 28 69
259800 28 66
259800 42 51
259800 46 60
260100 3 58
260100 29 63
260100 37 58
260100 50 75
260400 8 26
260400 53 63
260700 79 86
261000 24 48
261000 52 84
261000 53 63
261300 28 70
261600 8 26
261600 9 62
261600 21 84
261900 9 62
262200 2 84
262200 3 68
262200 9 62
262200 9 30
262200 24 48
262200 52 75
262200 62 73
262500 3 85
262500 22 85
262800 29 53
262800 57 88
263100 15 67
263100 30 66
263100 37 58
263100 37 77
263100 52 75
263100 62 73
263100 64 82
263100 65 82
263400 1 6
263400 1 59
263400 1 88
263400 7 81
263400 29 53
263700 5 21
263700 21 84
264000 9 62
264000 35 75
264300 7 16
264300 7 58
264600 7 58
264600 21 69
264600 36 50
264900 29 53
265200 9 73
265200 9 19
265200 33 88
265200 50 75
265500 22 64
265500 35 79
265500 77 82
265800 49 55
265800 49 86
265800 50 86
265800 52 55
266100 7 78
266100 7 59
266100 20 52
266100 20 35
266100 25 35
266100 28 40
266100 28 73
266100 35 52
266100 35 84
266100 35 87
266100 40 84
266100 42 79
266100 52 84
266100 56 87
266100 56 84
266400 22 77
266400 22 64
266700 53 62
266700 76 78
267000 9 73
267000 50 86
267300 7 27
267300 8 17
267300 8 51
267300 8 39
267300 8 14
267300 14 51
267300 14 90
267300 19 51
267300 39 51
267300 51 90
267600 24 31
267600 31 48
267600 81 88
267900 19 62
267900 22 64
267900 77 82
268200 9 62
268200 16 76
268200 17 68
268200 21 61
268200 24 37
268200 35 75
268200 42 75
268200 45 90
268200 55 79
268200 59 76
268500 0 24
268800 4 87
268800 9 62
268800 22 85
268800 29 53
268800 36 50
268800 84 89
269100 29 53
269100 53 70
269100 59 76
269400 42 86
269400 55 86
269700 20 35
269700 39 45
269700 42 79
270000 3 51
270000 3 23
270000 23 49
270000 28 69
270000 42 51
270000 52 75
270000 80 90
270300 17 18
270600 9 69
270600 9 63
270600 24 48
270600 28 70
270600 53 70
270600 61 62
270900 3 11
270900 28 76
270900 57 76
271200 1 84
271200 5 18
271200 15 88
271200 15 40
271200 15 84
271200 18 32
271200 22 32
271200 23 69
271200 28 30
271200 29 53
271200 59 88
271200 59 84
271200 62 75
271200 81 84
271200 84 88
271500 37 58
271500 44 51
271800 29 53
271800 35 75
271800 42 50
272100 24 48
272100 31 32
272400 11 24
272400 49 55
272700 17 18
273000 5 37
273000 24 48
273000 24 31
273000 31 48
273300 53 69
273300 61 69
273600 7 58
273600 7 25
273600 21 69
273600 25 58
273600 27 76
273600 28 66
273600 75 79
273600 76 78
273900 14 22
274200 14 48
274200 14 24
274200 24 48
274200 53 63
274500 14 58
274500 21 76
274800 11 23
274800 23 69
274800 53 63
275100 2 88
275100 7 88
275100 40 88
275100 40 84
275100 84 88
275400 0 48
275400 9 73
275400 15 67
275400 52 75
275700 11 26
275700 35 75
276000 7 25
276000 22 64
276000 49 84
276000 50 84
276000 50 52
276000 52 84
276300 3 14
276300 7 88
276300 9 63
276300 9 28
276600 22 64
276600 35 52
276600 44 51
276600 46 89
276900 9 62
276900 29 53
276900 37 58
276900 50 74
276900 57 88
277200 3 58
277500 3 72
277500 22 38
277500 22 32
277800 2 15
277800 9 73
277800 20 40
277800 40 75
277800 44 70
278100 69 70
278400 1 84
278400 5 18
278400 6 84
278400 7 84
278400 20 84
278400 28 30
278400 29 53
278400 32 38
278400 33 84
278400 67 84
278400 81 84
278400 84 88
0 15 33
0 22 85
0 28 66
0 44 51
0 53 63
300 9 62
300 29 53
600 15 33
600 25 55
600 56 60
900 16 84
900 28 73
900 44 51
1200 32 85
1200 50 86
1500 15 33
1500 50 86
1500 60 81
1500 76 88
1800 3 5
1800 9 29
1800 11 48
1800 11 24
1800 24 48
1800 57 88
1800 74 86
2100 23 30
2100 45 72
2100 45 65
2100 49 74
2100 50 86
2100 52 84
2100 65 72
2400 24 45
2400 25 47
2400 27 57
2400 53 70
2700 18 37
2700 53 70
3000 5 85
3000 5 72
3000 55 86
3000 72 80
3000 80 85
3300 9 62
3300 29 53
3600 15 33
3900 0 14
4200 5 14
4200 29 70
4200 44 51
4500 28 62
4500 29 53
4500 45 85
4500 45 65
4800 23 69
4800 23 30
4800 29 53
4800 30 63
4800 30 53
5100 24 48
5400 9 69
5400 9 63
5400 24 48
5400 28 70
5400 53 70
5400 61 62
5700 8 26
5700 9 28
5700 9 62
5700 22 64
5700 28 73
6000 3 5
6000 29 63
6300 17 18
6300 29 53
6300 36 79
6600 9 73
6600 9 62
6600 17 18
6600 50 74
6600 53 69
6900 0 24
6900 5 24
6900 39 58
6900 79 88
7200 12 58
7200 39 58
7200 79 88
7500 5 14
7500 6 88
7500 14 24
7500 28 30
7800 8 26
7800 28 70
8100 7 16
8100 29 53
8100 45 58
8400 42 43
8400 42 72
8400 42 58
8400 58 72
8700 0 48
8700 9 77
8700 9 62
8700 28 73
8700 44 51
9000 35 52
9300 64 77
9600 29 53
9600 39 51
9600 53 63
9600 53 69
9600 66 69
9900 15 60
10200 17 68
10200 45 58
10200 63 70
10200 64 77
10500 59 76
10800 7 76
10800 12 16
10800 14 37
10800 27 81
10800 35 75
11100 8 26
11100 14 44
11100 52 79
11400 1 33
11400 1 7
11400 5 72
11400 24 45
11400 37 58
11400 58 65
11700 2 15
11700 9 73
11700 9 30
11700 29 63
11700 61 63
12000 9 62
12300 9 62
12300 38 58
12300 38 45
12300 45 58
12600 22 64
12600 24 48
12600 44 51
12600 52 87
12600 77 82
12900 9 28
12900 9 63
13200 7 25
13200 22 64
13200 49 84
13200 50 84
13200 50 52
13200 52 84
13500 14 44
13500 14 22
13800 23 30
13800 29 53
13800 29 30
13800 35 52
13800 37 84
13800 43 45
13800 44 51
14100 23 29
14400 39 58
14400 44 58
14400 49 58
14400 49 79
14400 49 88
14400 79 88
14400 79 84
14700 14 72
14700 14 34
14700 14 85
14700 24 48
14700 27 75
14700 27 35
14700 35 75
15000 52 79
15300 5 11
15300 14 48
15300 28 73
15300 29 53
15300 39 51
15300 61 71
15300 70 73
15600 7 58
15600 15 33
15600 44 52
15900 5 84
15900 22 77
15900 24 48
16200 4 86
16200 7 12
16200 9 28
16200 9 63
16200 37 58
16200 52 87
16500 0 48
16500 8 90
16500 9 80
16500 9 30
16500 15 67
16500 24 48
16500 30 53
16500 53 73
16500 53 62
16800 12 43
17100 17 18
17100 42 43
17100 45 58
17400 17 80
17400 21 84
17400 24 48
17400 35 75
17400 46 84
17700 24 48
17700 42 43
17700 44 45
17700 48 49
17700 53 70
17700 79 88
18000 0 14
18000 7 16
18000 8 90
18000 8 60
18000 9 69
18000 17 68
18000 17 18
18300 14 39
18300 14 58
18600 21 59
18900 22 64
18900 28 57
18900 37 58
19200 7 25
19200 9 72
19200 22 64
19200 35 52
19500 15 33
19800 29 53
19800 35 75
19800 42 50
20100 22 64
20100 27 57
20100 44 51
20100 77 82
20400 5 34
20400 29 63
20700 40 56
21000 45 58
21000 45 72
21000 63 70
21300 0 48
21300 8 90
21300 8 16
21300 29 53
21300 29 30
21300 62 73
21600 8 37
21600 37 82
21600 37 58
21600 58 82
21900 29 53
22200 9 62
22200 77 82
22500 1 33
22500 11 72
22500 14 37
22500 64 77
22800 0 45
22800 29 53
22800 37 58
22800 37 47
23100 14 58
23100 53 66
23400 29 70
23400 44 72
23400 53 70
23700 7 46
23700 17 18
23700 17 68
23700 45 58
24000 14 58
24000 21 61
24300 0 65
24300 14 65
24300 39 45
24600 35 52
24900 3 68
24900 9 62
24900 28 69
24900 37 77
24900 52 75
24900 62 73
25200 9 73
25200 9 62
25200 50 74
25500 29 70
25500 29 69
25500 29 53
25500 53 63
25500 59 78
25500 85 91
25800 17 68
25800 50 86
26100 1 65
26100 8 39
26100 8 85
26100 9 62
26100 14 45
26100 29 63
26100 38 45
26100 41 86
26100 50 75
26100 53 70
26100 75 79
26400 5 22
26400 5 72
26400 5 37
26400 22 37
26400 22 72
26400 22 26
26400 26 37
26400 29 53
26400 37 72
26400 37 90
26700 5 24
26700 5 65
26700 9 66
26700 9 13
26700 24 32
26700 57 60
27000 9 73
27000 35 50
27000 50 86
27000 50 84
27300 29 63
27600 0 14
27600 53 70
27600 60 79
27900 2 10
27900 6 10
27900 6 12
27900 11 58
27900 16 53
27900 16 70
27900 39 65
27900 44 51
27900 51 58
27900 51 65
27900 53 70
27900 58 65
27900 67 84
27900 79 84
27900 84 86
28200 25 87
28500 29 53
28500 37 58
28500 44 51
28500 67 76
28800 22 85
29100 9 62
29100 36 55
29100 36 79
29100 55 79
29400 1 40
29400 1 6
29400 6 60
29400 27 84
29400 44 65
29400 58 65
29700 9 62
29700 14 24
29700 19 58
29700 21 69
29700 25 79
29700 39 51
29700 51 65
29700 58 72
29700 65 72
29700 66 70
30000 17 68
30000 22 85
30000 26 37
30000 28 70
30000 37 72
30000 55 86
30300 3 22
30300 11 24
30300 42 79
30300 52 79
30300 55 79
30600 16 25
30600 52 87
30900 3 72
30900 22 32
30900 52 79
30900 62 73
30900 79 86
31200 28 69
31200 46 60
31200 49 86
31200 49 55
31200 55 86
31500 5 72
31500 49 55
31500 49 86
31500 55 86
31800 23 30
31800 24 48
32100 1 59
32100 29 53
32100 75 79
32400 9 62
32400 23 53
32400 23 73
32400 28 53
32400 28 73
32400 29 53
32400 39 51
32700 44 86
32700 58 65
33000 6 40
33000 9 62
33000 35 49
33000 55 74
33300 29 53
33600 11 48
33600 49 84
33600 50 74
33600 75 88
33600 79 88
33900 0 14
33900 0 3
33900 3 14
33900 7 78
34200 16 78
34200 28 73
34200 53 63
34200 70 73
34200 75 79
34500 35 75
34500 55 86
34800 9 73
35100 0 48
35100 4 50
35100 9 73
35100 9 62
35100 15 67
35100 52 75
35100 53 66
35400 1 76
35400 27 76
35400 35 79
35400 44 51
35400 77 82
35700 12 88
35700 17 18
35700 55 74
36000 7 58
36000 19 76
36000 21 69
36000 28 73
36000 59 76
36300 37 58
36300 50 86
36600 5 39
36600 14 58
36600 40 88
36600 49 55
36900 8 58
36900 14 58
36900 19 27
36900 27 50
36900 27 84
36900 27 35
36900 27 52
36900 27 75
36900 35 75
36900 35 38
36900 45 58
36900 58 72
37200 9 62
37200 35 75
37500 21 84
37500 30 66
37500 55 86
37800 24 48
37800 28 69
38100 21 56
38100 24 48
38400 21 69
38400 29 53
38400 75 79
38700 9 62
38700 9 53
38700 12 58
38700 12 44
38700 12 77
38700 39 65
38700 39 58
38700 44 65
38700 53 70
38700 58 65
39000 12 58
39000 43 58
39000 44 45
39000 79 88
39300 12 77
39300 12 84
39300 26 32
39300 77 84
39600 9 63
39900 9 62
39900 24 31
39900 24 48
39900 31 48
40200 25 84
40200 64 77
40200 75 79
40500 0 14
40500 7 16
40500 8 60
40500 8 90
40500 9 62
40500 53 66
40800 5 14
40800 9 62
40800 37 58
40800 44 45
41100 19 59
41100 19 76
41100 21 61
41100 24 45
41100 25 47
41100 27 57
41100 28 69
41100 44 51
41100 53 66
41400 21 69
41400 29 63
41700 23 30
41700 42 76
41700 49 55
42000 12 59
42000 20 84
42000 37 58
42000 59 76
42300 16 46
42300 35 84
42300 44 51
42300 57 88
42600 3 85
42600 22 85
42900 28 84
43200 14 24
43200 14 58
43200 24 58
43500 0 24
43500 9 66
43500 23 29
43800 24 48
43800 37 58
44100 7 78
44100 16 25
44100 27 60
44400 17 18
44400 22 32
44400 79 87
44400 84 87
44700 50 86
44700 52 84
44700 52 75
44700 59 76
44700 75 84
45000 29 53
45000 59 76
45300 17 18
45300 22 58
45300 22 32
45300 32 58
45600 2 15
45600 7 16
45600 7 12
45600 12 16
45900 15 33
46200 8 26
46200 44 51
46500 22 64
46500 35 79
46500 77 82
46800 11 24
46800 11 51
46800 17 68
46800 22 64
46800 27 51
46800 27 68
47100 3 68
47100 29 63
47400 0 48
47400 4 50
47400 9 62
47400 9 73
47400 15 67
47400 52 75
47700 53 63
48000 67 84
48300 23 53
48300 28 69
48300 35 52
48300 46 50
48300 50 86
48300 53 70
48600 4 50
48600 9 62
48600 23 30
48600 30 44
48600 35 52
48600 46 49
48600 49 86
48600 53 70
48900 7 21
48900 7 78
48900 17 68
48900 21 78
48900 29 53
48900 36 50
49200 7 58
49200 21 69
49200 36 50
49500 9 62
49500 9 19
49500 12 58
49500 14 37
49500 19 44
49500 21 61
49500 22 64
49500 29 53
49500 44 45
49500 44 58
49500 44 60
49500 53 63
49800 9 73
49800 14 24
49800 59 76
50100 3 18
50100 9 62
50100 18 65
50100 29 53
50400 37 84
50400 49 86
50400 50 74
50400 58 84
50700 24 48
51000 29 63
51300 3 24
51300 15 33
51300 28 29
51300 44 51
51300 53 63
51600 11 44
51600 24 48
51900 52 79
52200 17 18
52200 32 38
52500 23 69
52800 0 14
52800 41 79
52800 53 69
52800 77 82
53100 29 53
53100 30 62
53100 49 52
53400 9 62
53400 38 58
53400 38 45
53400 59 78
53400 76 78
53700 24 48
53700 46 84
53700 79 86
54000 2 28
54000 5 22
54000 23 61
54300 1 76
54300 37 58
54600 14 24
54900 29 63
54900 37 77
54900 55 86
55200 27 60
55200 29 63
55500 14 24
55800 17 68
55800 42 50
56100 6 40
56400 44 51
56400 55 79
56700 49 55
56700 50 86
57000 29 53
57300 14 58
57300 25 79
57600 14 32
57900 11 44
57900 44 53
57900 53 70
58200 1 76
58200 19 76
58200 22 64
58200 35 79
58200 77 82
58500 8 26
58500 42 59
58500 53 63
58800 67 84
59100 11 24
59100 23 30
59100 50 86
59100 84 88
59400 45 65
59400 50 86
59400 55 74
59700 1 6
59700 1 59
59700 1 88
59700 7 81
59700 29 53
60000 9 30
60000 9 28
60000 9 53
60000 17 18
60000 28 30
60000 28 73
60000 29 53
60000 44 51
60000 50 75
60300 7 25
60300 16 25
60300 30 66
60600 22 32
60900 4 50
60900 5 24
60900 7 57
60900 8 26
60900 9 62
60900 13 50
60900 14 90
60900 14 37
60900 32 80
60900 37 90
61200 30 66
61200 32 91
61200 34 72
61200 53 63
61500 14 37
61500 37 58
61500 44 51
61800 7 33
61800 58 72
61800 64 77
62100 9 62
62400 0 48
62400 8 90
62400 29 53
62700 0 45
62700 7 78
62700 7 21
62700 14 24
63000 8 26
63000 22 71
63000 38 85
63000 38 90
63000 39 65
63000 58 85
63000 72 90
63300 7 27
63300 7 57
63300 27 77
63300 27 58
63300 58 77
63600 9 62
63600 16 76
63600 17 68
63600 21 61
63600 24 37
63600 35 75
63600 42 75
63600 45 90
63600 55 79
63600 59 76
63900 11 24
63900 19 59
63900 19 76
63900 37 72
63900 59 76
63900 70 73
64200 22 85
64200 29 53
64200 32 38
64500 9 62
64500 15 33
64500 44 52
64500 62 73
64800 14 37
64800 35 87
64800 35 52
64800 44 51
65100 0 48
65100 9 73
65100 15 67
65100 52 75
65400 9 73
65400 28 84
65400 28 76
65400 76 84
65700 9 53
65700 29 53
65700 37 58
65700 50 86
65700 53 73
66000 22 64
66000 28 73
66300 9 62
66300 9 17
66300 24 48
66300 76 88
66600 4 41
66600 27 57
66600 28 69
66900 5 44
66900 11 44
66900 28 69
66900 29 70
66900 44 51
67200 6 40
67200 7 16
67500 25 88
67500 29 53
67500 38 51
67500 45 58
67500 51 72
67800 22 85
67800 61 69
68100 2 28
68100 2 39
68100 11 34
68100 28 38
68100 61 86
68100 77 86
68400 35 75
68400 62 73
68700 18 90
68700 23 30
68700 35 75
68700 46 84
68700 50 86
68700 50 60
68700 57 88
68700 62 73
69000 24 48
69000 35 52
69000 39 45
69000 57 62
69300 11 24
69600 28 69
69600 46 89
69900 19 62
69900 22 64
69900 77 82
70200 22 38
70200 29 53
70200 29 30
70200 29 66
70200 30 53
70500 27 60
70500 29 63
70500 37 58
70500 50 75
70800 14 24
70800 18 47
71100 11 23
71100 23 69
71100 45 58
71400 0 51
71400 17 18
71400 26 65
71400 29 53
71400 45 72
71700 3 72
71700 3 83
71700 14 44
71700 44 51
72000 28 69
72300 19 73
72300 52 75
72600 29 53
72600 37 58
72900 37 58
72900 53 66
72900 53 61
72900 53 70
72900 62 73
73200 11 48
73200 22 32
73200 58 65
73500 11 23
73800 2 15
73800 2 33
73800 9 73
73800 9 62
73800 15 72
73800 29 63
73800 50 75
73800 58 86
73800 58 78
73800 58 59
73800 59 78
73800 72 86
73800 72 78
73800 72 75
73800 75 86
74100 19 50
74100 19 75
74100 27 60
74100 35 50
74100 35 75
74100 50 75
74400 24 48
74400 57 76
74700 28 69
74700 65 91
75000 24 45
75000 29 53
75000 44 51
75300 58 59
75300 59 76
75300 59 78
75300 60 81
75300 76 88
75600 15 33
75600 46 76
75600 60 81
75900 20 35
75900 29 61
75900 39 45
75900 42 79
75900 52 84
75900 56 84
75900 84 87
76200 2 15
76200 3 14
76200 7 50
76200 9 62
76200 9 73
76500 29 53
76800 0 14
76800 16 59
76800 53 69
77100 14 65
77100 14 45
77100 22 64
77100 29 53
77100 39 58
77100 39 85
77100 46 89
77100 58 85
77100 58 65
77400 8 83
77400 29 53
77400 44 51
77700 9 62
77700 12 16
77700 35 75
77700 57 60
77700 57 88
77700 58 90
78000 4 55
78300 9 63
78300 28 70
78300 35 75
78600 12 44
78600 17 56
78900 1 16
78900 8 26
79200 1 7
79200 7 40
79200 33 59
79500 11 84
79500 12 84
79500 16 33
79500 29 53
79500 42 43
79500 49 84
79500 49 58
79500 49 64
79500 58 84
79500 64 77
79500 79 88
79800 9 63
79800 9 28
79800 61 62
80100 19 73
80100 29 63
80100 56 84
80400 9 62
80400 22 85
80400 29 53
80400 29 30
80400 50 86
80700 7 58
80700 21 84
80700 24 45
80700 56 60
81000 29 53
81300 29 63
81300 50 86
81600 5 14
81900 2 28
81900 5 22
81900 22 85
82200 9 63
82200 9 73
82500 3 45
82800 19 78
82800 21 63
82800 29 53
83100 29 53
83400 34 86
83700 1 88
83700 9 62
83700 9 69
83700 9 66
83700 27 88
83700 28 69
83700 29 30
83700 30 66
84000 7 16
84000 7 25
84000 16 25
84300 9 73
84300 45 70
84300 52 84
84300 53 70
84600 37 58
84600 44 51
84900 51 54
84900 63 89
85200 9 63
85200 28 70
85200 28 53
85200 37 65
85200 53 70
85200 61 62
85500 9 23
85500 9 62
85800 34 84
85800 35 75
85800 55 74
85800 67 84
86100 7 58
86400 14 72
86400 30 73
86400 30 69
86400 53 69
86700 36 50
87000 3 44
87000 5 72
87000 7 58
87000 9 23
87300 3 22
87300 28 66
87300 28 69
87600 7 12
87600 38 69
87900 28 66
88200 9 63
88200 37 77
88500 22 64
88500 24 48
88500 44 51
88500 77 82
88800 15 33
88800 23 30
88800 53 63
89100 29 53
89400 25 49
89400 55 79
89700 9 62
89700 9 66
89700 14 48
89700 24 32
89700 50 75
89700 59 76
90000 9 62
90300 29 53
90600 9 62
90600 29 73
90600 29 63
90900 50 74
91200 4 87
91200 9 62
91200 22 85
91200 29 53
91200 36 50
91200 84 89
91500 20 35
91500 39 45
91500 42 79
91800 5 11
91800 5 72
91800 9 62
92100 2 6
92100 5 51
92100 5 39
92100 6 10
92100 7 16
92100 9 62
92100 14 82
92400 0 14
92400 3 14
92400 8 90
92400 9 69
92400 16 84
92400 30 53
92400 65 82
92700 28 69
92700 29 70
92700 44 51
93000 14 48
93000 14 24
93000 24 48
93000 53 63
93300 29 63
93600 9 28
93600 12 84
93600 55 87
93900 29 63
94200 18 37
94200 23 30
94200 38 91
94500 28 62
94500 28 29
94500 29 53
94800 5 11
94800 8 85
94800 9 62
94800 12 29
94800 22 51
94800 29 53
94800 38 45
94800 40 41
94800 50 75
94800 61 90
95100 14 24
95100 22 77
95400 29 53
95700 7 27
96000 7 12
96000 29 53
96300 5 21
96300 21 84
96600 9 46
96600 55 84
96900 6 40
96900 9 73
96900 9 61
96900 50 86
97200 3 44
97200 22 64
97200 44 51
97200 45 58
97500 4 86
97500 23 29
97500 29 53
97800 4 50
97800 15 67
97800 28 69
97800 30 66
97800 44 51
97800 52 75
97800 55 86
98100 21 84
98100 23 29
98100 51 65
98400 21 84
98400 24 48
98400 35 75
98400 55 79
98700 18 47
98700 18 37
98700 58 65
99000 0 45
99000 4 86
99000 29 91
99000 29 53
99000 53 63
99300 24 48
99300 26 31
99600 11 44
99600 63 70
99900 3 18
99900 7 58
99900 15 33
100200 5 37
100200 5 13
100200 5 74
100200 9 62
100200 74 81
100500 8 39
100500 8 85
100500 9 62
100500 38 45
100800 14 24
100800 76 78
101100 28 69
101100 29 53
101100 44 51
101400 9 73
101400 9 19
101400 33 88
101400 50 75
101700 29 63
102000 11 44
102000 25 75
102300 1 78
102300 7 78
102300 21 76
102300 24 48
102300 77 82
102600 20 31
102600 24 31
102600 24 48
102600 31 48
102600 71 83
102900 0 24
102900 19 42
102900 19 50
102900 20 35
102900 22 32
102900 55 79
102900 84 87
103200 24 48
103200 46 84
103200 74 79
103500 7 16
103500 9 29
103500 22 32
103500 52 55
103500 55 74
103800 14 22
103800 14 39
103800 21 84
103800 30 90
103800 59 78
104100 9 66
104100 14 24
104100 24 58
104100 28 84
104400 0 14
104400 8 54
104400 8 32
104400 8 26
104400 22 91
104400 25 39
104400 39 51
104700 0 14
105000 23 29
105000 29 63
105000 31 71
105000 52 79
105300 14 85
105300 23 69
105300 23 31
105300 27 75
105300 31 69
105600 7 25
105600 28 69
105900 1 7
105900 17 18
105900 55 79
105900 75 79
106200 7 27
106200 27 57
106200 57 60
106500 9 73
106500 28 53
106500 50 74
106800 9 62
106800 29 53
106800 37 58
106800 50 74
106800 57 88
107100 27 73
107100 29 53
107100 37 84
107100 49 86
107100 49 50
107400 28 69
107400 29 53
107400 37 82
107400 44 51
107700 5 72
107700 5 37
107700 22 26
107700 22 37
107700 22 72
107700 26 37
107700 26 72
107700 29 53
107700 37 72
107700 53 63
108000 4 50
108000 4 52
108000 14 24
108000 21 69
108000 29 53
108300 21 84
108300 22 85
108600 8 26
108600 22 91
108600 24 48
108600 29 91
108600 39 58
108600 42 43
108900 21 69
108900 58 85
109200 23 30
109200 29 53
109200 52 86
109200 57 60
109200 74 86
109500 8 26
109500 14 44
109800 5 18
109800 7 88
109800 16 88
109800 28 73
109800 29 53
109800 39 51
109800 49 86
109800 49 55
109800 55 86
110100 28 53
110400 29 53
110400 51 65
110700 29 53
110700 52 87
111000 22 64
111300 1 27
111300 1 7
111300 6 27
111300 6 7
111300 27 33
111300 29 63
111300 37 58
111300 44 65
111600 22 64
111600 24 48
111600 77 82
111900 63 70
112200 53 69
112200 61 69
112500 24 48
112500 24 45
112500 29 63
112500 29 70
112500 39 45
112500 42 50
112500 42 65
112500 45 72
112500 45 48
112800 5 72
112800 9 62
112800 49 86
113100 3 80
113400 1 78
113400 3 5
113400 29 63
113700 9 19
113700 9 62
113700 9 73
113700 19 73
113700 45 65
113700 62 73
114000 14 71
114000 44 51
114000 50 86
114300 7 78
114300 28 69
114300 28 66
114300 42 51
114300 46 60
114600 17 68
114600 36 50
114900 38 58
114900 59 78
114900 76 78
115200 1 16
115200 7 88
115200 9 62
115200 35 79
115200 35 52
115200 35 36
115200 36 79
115200 76 88
115500 22 80
115500 28 69
115500 53 70
115800 9 28
115800 9 63
115800 28 69
115800 37 77
116100 15 33
116100 23 61
116400 14 58
116400 14 37
116400 22 91
116400 23 30
116400 38 80
116400 85 91
116700 3 58
116700 29 63
116700 37 58
116700 50 75
117000 0 48
117000 9 69
117000 9 43
117000 9 73
117000 15 67
117000 23 69
117000 30 66
117000 44 51
117000 52 75
117000 62 73
117000 69 73
117300 24 28
117300 29 53
117600 5 37
117600 5 18
117600 14 77
117600 18 37
117600 64 77
117900 8 26
117900 49 74
118200 3 5
118200 29 63
118500 7 12
118500 22 91
118500 24 32
118500 33 84
118500 79 88
118500 85 91
118800 0 48
118800 9 62
118800 15 67
118800 16 59
118800 24 48
118800 28 30
118800 28 69
118800 44 51
118800 52 75
118800 62 73
119100 1 33
119100 1 2
119100 1 6
119100 2 6
119100 6 84
119100 6 33
119100 10 84
119100 12 44
119100 33 44
119100 39 51
119100 51 58
119100 51 65
119100 56 84
119100 58 65
119100 67 84
119400 21 69
119400 21 61
119400 24 45
119400 30 66
119400 69 73
119700 14 58
119700 21 61
120000 9 62
120000 9 73
120000 17 18
120000 50 74
120000 53 69
120000 55 79
120300 3 14
120300 4 86
120300 7 12
120300 9 28
120600 29 63
120600 50 84
120600 58 65
120600 59 76
120600 76 81
120900 35 75
120900 50 86
121200 12 58
121200 58 72
121200 59 78
121200 65 72
121500 5 14
121500 37 58
121800 24 45
121800 29 53
121800 37 58
121800 44 51
122100 6 12
122100 6 26
122100 9 62
122100 9 26
122100 12 46
122100 14 24
122400 4 52
122400 8 26
122400 28 29
122400 29 70
122400 37 77
122400 38 39
122700 11 48
122700 12 49
122700 49 67
122700 58 65
122700 60 89
123000 45 72
123300 9 62
123300 11 44
123600 2 71
123600 14 58
123600 14 39
123600 14 24
123600 37 82
123600 39 58
123600 53 70
123600 58 82
123900 17 68
123900 29 53
123900 35 49
123900 57 60
124200 9 73
124500 25 36
124500 53 63
124800 21 76
125100 7 58
125100 9 73
125100 24 35
125100 29 53
125100 35 48
125100 42 55
125100 49 52
125400 7 27
125400 27 60
125400 27 57
125400 28 61
125400 29 53
125400 49 74
125400 57 60
125700 14 58
125700 21 76
126000 0 14
126000 9 62
126000 29 53
126000 37 58
126300 21 56
126300 36 50
126600 35 75
126600 44 51
126900 4 86
126900 52 86
127200 26 32
127500 17 18
127800 21 76
127800 21 69
127800 22 85
128100 7 16
128100 7 84
128100 7 25
128100 16 84
128100 16 25
128100 25 84
128100 50 84
128400 3 19
128400 3 14
128400 9 14
128400 19 42
128400 29 63
128700 3 5
128700 3 22
128700 5 18
128700 11 24
128700 18 22
128700 22 64
128700 55 79
129000 2 15
129000 9 73
129000 20 40
129000 40 75
129000 44 70
129300 5 18
129600 15 33
129600 22 85
129600 22 32
129600 28 66
129600 53 63
129600 58 72
129900 49 55
129900 49 86
129900 50 86
129900 52 55
130200 7 46
130200 17 34
130200 17 18
130200 17 46
130200 32 85
130200 32 38
130200 35 75
130200 64 77
130500 55 79
130800 3 58
131100 14 58
131100 21 61
131400 0 24
131400 42 79
131400 42 44
131400 56 84
131700 15 33
132000 4 79
132000 37 58
132000 75 79
132300 0 24
132300 5 34
132300 23 29
132300 29 30
132600 7 25
132600 7 16
132600 30 66
132600 61 69
132900 24 28
132900 29 53
132900 55 74
132900 76 81
133200 5 54
133200 7 59
133200 9 62
133200 62 69
133500 14 47
133500 45 72
133800 21 69
133800 24 45
134100 0 24
134100 17 18
134100 79 87
134100 84 87
134400 28 73
134400 62 73
134400 67 84
134400 67 76
134700 17 34
135000 1 88
135000 5 51
135000 7 81
135000 7 88
135000 29 53
135000 39 51
135000 49 67
135000 55 86
135300 8 16
135300 28 69
135600 9 62
135600 53 63
135900 7 16
135900 7 25
135900 16 25
135900 17 18
135900 30 66
136200 62 73
136200 71 83
136500 11 84
136500 14 71
136500 37 58
136500 50 86
136800 5 18
136800 11 24
136800 79 84
137100 29 53
137100 29 63
137100 45 65
137100 45 85
137100 58 65
137400 9 62
137400 27 88
137400 28 69
137400 29 53
137700 12 44
137700 12 58
137700 12 77
137700 24 48
137700 58 65
138000 22 64
138000 24 48
138300 0 24
138600 37 58
138600 44 52
138900 9 73
139200 50 86
139500 2 10
139500 10 16
139500 10 33
139500 11 84
139500 12 44
139500 24 31
139500 39 51
139500 51 58
139500 58 65
139800 52 79
140100 24 48
140100 26 71
140100 29 53
140100 35 75
140400 9 73
140400 11 23
140400 17 18
140400 22 85
140700 50 86
141000 29 53
141300 7 12
141300 22 32
141600 22 64
141600 35 52
141600 44 51
141600 46 89
141900 7 50
142200 0 14
142200 18 45
142200 35 52
142500 4 74
142500 24 48
142500 35 75
142800 0 24
142800 0 48
142800 9 62
142800 15 67
142800 23 30
143100 1 16
143100 2 15
143100 31 71
143100 33 40
143400 29 53
143700 11 77
143700 12 27
143700 17 34
143700 22 48
143700 27 81
143700 27 48
143700 27 77
143700 48 64
143700 64 77
144000 5 74
144000 5 37
144000 9 62
144000 9 73
144000 24 48
144000 24 77
144000 24 74
144300 5 22
144300 23 61
144600 12 44
144600 12 72
144600 12 58
144600 17 34
144600 35 50
144600 43 58
144600 44 58
144600 44 56
144600 50 75
144600 53 70
144600 56 58
144600 56 65
144900 69 70
145200 7 81
145200 14 45
145200 57 60
145500 21 27
145500 21 59
145500 34 45
145500 54 71
145800 17 68
145800 17 34
145800 34 68
145800 35 75
145800 36 75
145800 75 86
146100 12 78
146400 5 18
146400 29 90
146400 44 51
146400 45 64
146400 81 88
146700 2 15
146700 2 3
146700 2 48
146700 15 48
146700 24 48
146700 24 49
146700 35 75
146700 48 49
147000 17 68
147300 18 37
147300 29 53
147300 35 55
147300 39 72
147300 80 85
147600 5 51
147600 5 35
147600 14 39
147600 17 51
147600 27 65
147600 27 72
147600 27 35
147600 27 75
147600 35 37
147600 35 45
147600 35 75
147600 45 58
147600 45 72
147600 51 68
147600 58 72
147900 15 27
147900 23 30
147900 29 71
147900 37 58
148200 17 18
148200 35 75
148200 39 90
148500 8 85
148500 8 37
148500 9 62
148500 21 61
148500 59 76
148800 3 72
148800 22 38
148800 22 32
149100 2 88
149100 7 58
149400 2 10
149400 2 40
149400 6 10
149400 21 88
149400 44 51
149400 57 88
149700 22 72
149700 28 69
150000 2 15
150000 9 73
150000 17 18
150000 35 75
150300 17 68
150300 28 45
150300 44 45
150600 11 44
150600 24 63
150600 37 82
150600 86 91
150900 6 40
150900 12 44
150900 18 68
150900 28 30
150900 64 77
151200 24 48
151200 29 30
151200 30 63
151200 47 58
151500 8 90
151500 8 58
151500 45 58
151500 70 73
151800 1 7
151800 9 73
151800 9 62
151800 14 51
151800 23 29
151800 28 29
151800 29 53
151800 49 55
152100 9 69
152100 9 66
152100 9 62
152100 12 57
152100 27 75
152100 50 74
152100 62 69
152100 80 85
152400 1 6
152400 1 33
152400 1 40
152400 1 10
152400 1 16
152400 2 10
152400 5 39
152400 6 40
152400 6 10
152400 10 40
152400 10 38
152400 10 16
152400 12 44
152400 12 77
152400 16 33
152400 24 48
152400 33 40
152400 38 45
152400 38 85
152400 45 85
152700 0 14
152700 14 37
152700 17 18
152700 37 82
153000 9 62
153000 9 45
153000 12 57
153000 13 50
153000 14 85
153000 14 24
153000 27 75
153000 45 61
153000 45 83
153000 50 74
153300 22 64
153300 45 85
153300 45 65
153300 65 85
153600 14 58
153600 22 38
153900 28 70
153900 39 72
153900 72 90
154200 16 61
154200 23 53
154200 28 69
154200 30 53
154500 8 26
154500 42 43
154500 53 63
154800 17 68
154800 18 34
154800 35 75
154800 35 36
154800 36 75
155100 24 58
155400 1 78
155400 9 19
155400 19 42
155400 19 50
155400 33 88
155400 58 72
155400 62 73
155700 4 86
155700 9 73
155700 9 62
155700 24 48
156000 30 57
156000 51 90
156000 52 75
156000 56 59
156000 58 65
156000 59 78
156300 12 60
156300 19 75
156300 35 75
156300 35 50
156300 50 75
156300 50 52
156300 52 75
156600 14 18
156600 25 58
156600 29 53
156600 35 75
156600 50 75
156600 53 63
156600 56 60
156900 9 63
156900 9 73
156900 9 28
156900 9 69
156900 24 48
156900 28 70
156900 37 65
156900 53 70
156900 61 62
157200 1 84
157200 1 59
157200 6 84
157200 9 73
157200 20 84
157200 28 69
157200 67 84
157200 84 88
157500 29 53
157500 46 89
157500 69 70
157800 1 59
157800 6 88
157800 32 38
158100 9 66
158100 9 62
158100 30 66
158100 50 74
158100 58 72
158400 7 88
158400 9 62
158400 29 53
158700 22 77
158700 22 64
159000 44 51
159000 77 82
159300 18 22
159300 22 85
159300 28 66
159300 80 85
159600 11 44
159900 7 76
159900 8 26
159900 15 33
159900 23 29
159900 29 53
159900 53 63
160200 9 62
160200 22 32
160200 76 78
160500 9 60
160500 15 33
160500 35 75
160800 37 84
161100 11 23
161100 23 69
161100 53 63
161400 39 72
161700 28 29
161700 29 70
162000 3 37
162000 8 26
162000 22 37
162000 23 30
162000 29 63
162000 37 90
162300 7 16
162300 7 58
162600 28 84
162900 3 14
162900 7 88
162900 9 63
162900 9 28
163200 3 5
163200 9 62
163200 9 29
163200 11 24
163200 11 48
163200 18 37
163200 24 48
163500 21 56
163500 22 64
163500 24 48
163500 35 79
163500 77 82
163800 0 24
163800 0 14
163800 14 24
163800 14 48
163800 22 77
163800 24 48
163800 45 48
164100 0 24
164100 20 84
164100 35 52
164100 35 84
164100 55 79
164100 56 87
164100 56 84
164400 0 48
164400 0 14
164400 9 62
164400 18 68
164400 28 29
164700 11 23
164700 21 30
164700 23 69
164700 37 58
164700 74 86
165000 7 58
165000 7 25
165000 21 69
165000 25 58
165000 27 76
165000 28 66
165000 75 79
165000 76 78
165300 9 28
165300 9 63
165300 9 69
165300 28 69
165300 28 70
165600 9 29
165600 14 48
165600 53 66
165900 35 75
165900 35 52
166200 8 30
166200 8 90
166200 9 73
166200 15 67
166200 52 75
166200 53 73
166500 29 53
166800 23 30
166800 49 74
166800 49 55
166800 55 74
166800 69 73
167100 3 24
167100 14 45
167100 24 29
167100 24 53
167100 24 28
167100 29 53
167100 44 51
167400 21 28
167400 29 53
167400 67 78
167700 35 55
167700 50 74
168000 9 62
168000 39 51
168300 3 5
168300 29 63
168300 29 73
168300 50 88
168600 12 88
168600 22 85
168600 55 74
168900 7 78
168900 20 35
168900 29 73
168900 35 52
168900 56 87
168900 56 84
168900 63 70
168900 84 87
169200 2 60
169200 28 53
169200 39 58
169200 58 65
169500 9 62
169500 16 84
169500 24 48
169800 8 26
169800 44 51
170100 11 58
170100 27 64
170100 28 53
170100 53 70
170100 85 90
170400 11 57
170400 22 64
170400 29 30
170400 30 63
170400 47 58
170400 56 57
170700 5 34
170700 5 37
170700 7 27
170700 23 30
170700 30 34
171000 29 70
171300 7 12
171300 29 53
171300 45 83
171300 50 74
171600 1 16
171600 2 6
171600 2 10
171600 6 40
171600 6 27
171600 6 10
171600 10 16
171600 10 40
171600 12 77
171600 12 44
171600 16 33
171600 17 18
171600 24 48
171600 27 40
171600 27 46
171600 27 65
171600 27 57
171600 39 65
171600 46 56
171600 46 57
171900 5 72
171900 29 69
171900 29 53
171900 50 74
171900 53 69
171900 55 79
172200 6 40
172200 24 45
172200 49 86
172200 57 60
172500 5 37
172500 5 34
172500 7 27
172500 7 88
172500 27 88
172500 34 37
172800 9 73
172800 29 63
173100 1 7
173100 1 27
173100 7 27
173100 14 37
173100 29 53
173400 5 18
173400 5 11
173400 62 73
173700 29 53
174000 11 23
174300 35 75
174300 76 84
174600 29 53
174900 28 69
174900 30 53
174900 53 70
175200 16 76
175200 32 38
175500 9 73
175500 9 62
175800 13 88
175800 21 88
175800 29 53
175800 29 69
175800 45 83
175800 50 74
175800 55 79
176100 8 26
176100 21 61
176100 22 64
176400 9 62
176400 17 68
176400 18 68
176700 8 26
176700 23 30
176700 23 53
176700 29 53
176700 30 53
176700 39 58
177000 9 66
177000 16 59
177000 50 59
177000 59 76
177300 2 33
177300 24 87
177300 58 62
177600 28 43
177600 39 51
177900 3 80
177900 28 53
177900 49 55
178200 5 85
178200 5 80
178200 21 84
178200 28 69
178500 12 44
178800 5 80
178800 5 18
178800 18 80
179100 7 88
179100 17 51
179100 29 53
179100 29 63
179100 39 51
179400 1 12
179400 9 73
179400 9 62
179400 51 71
179700 7 88
179700 9 62
179700 52 75
180000 1 16
180000 35 84
180000 35 52
180300 0 14
180300 7 16
180300 8 60
180300 15 67
180600 8 26
180900 29 53
181200 42 86
181200 55 86
181500 3 14
181500 19 24
181500 24 48
181500 53 70
181800 9 73
181800 24 28
181800 29 53
182100 3 83
182100 50 74
182400 26 32
182400 57 60
182700 7 84
182700 44 65
182700 58 65
183000 7 88
183300 2 15
183300 5 11
183300 14 19
183300 17 18
183300 19 79
183300 42 79
183600 1 88
183600 9 73
183600 23 30
183600 29 63
183600 37 77
183600 62 73
183900 9 62
183900 29 69
183900 50 74
183900 53 69
183900 55 79
184200 30 53
184200 58 72
184500 35 52
184500 44 77
184500 56 84
184800 25 86
184800 30 53
184800 53 77
185100 7 25
185100 19 79
185100 21 79
185100 21 61
185100 24 48
185100 24 45
185100 28 69
185100 61 66
185100 79 87
185400 9 73
185400 29 63
185700 53 66
186000 1 84
186000 5 18
186000 15 88
186000 15 40
186000 15 84
186000 18 32
186000 22 32
186000 23 69
186000 28 30
186000 29 53
186000 59 88
186000 59 84
186000 62 75
186000 81 84
186000 84 88
186300 0 24
186300 17 68
186600 5 72
186600 5 37
186600 5 22
186600 18 72
186600 22 37
186600 22 72
186600 22 26
186600 26 72
186600 26 37
186600 26 71
186600 28 73
186600 37 72
186900 4 52
186900 9 73
186900 9 69
186900 9 62
186900 29 53
186900 52 55
186900 55 79
186900 67 76
187200 11 26
187200 35 75
187500 24 31
187500 31 48
187500 81 88
187800 1 84
187800 5 18
187800 6 84
187800 7 84
187800 20 84
187800 28 30
187800 29 53
187800 32 38
187800 33 84
187800 67 84
187800 81 84
187800 84 88
188100 14 37
188100 17 68
188400 12 64
188400 12 45
188400 12 58
188400 17 18
188400 18 68
188400 34 58
188400 64 77
188700 11 44
189000 7 58
189000 24 48
189000 29 53
189000 49 52
189300 31 71
189300 44 51
189300 53 63
189600 15 33
189600 60 81
189600 76 88
189900 2 39
189900 5 48
189900 12 48
189900 12 14
189900 12 20
189900 14 20
189900 14 58
189900 14 78
189900 20 58
189900 20 78
189900 24 87
189900 29 39
189900 31 58
189900 58 78
190200 28 70
190500 35 75
190500 45 65
190500 56 86
190500 56 84
190500 84 86
190800 24 58
190800 28 84
190800 28 62
191100 19 62
191100 21 56
191100 22 64
191100 77 82
191400 11 23
191400 17 18
191400 23 69
191400 35 74
191400 62 73
191700 3 14
191700 21 84
191700 28 73
191700 29 70
191700 45 65
192000 7 76
192000 9 63
192300 7 59
192300 8 90
192300 24 48
192300 79 86
192600 29 53
192900 9 73
192900 63 70
193200 11 38
193200 23 30
193200 29 53
193200 62 73
193200 84 88
193500 55 79
193800 37 58
194100 29 53
194400 7 88
194400 22 64
194400 59 67
194400 61 66
194700 42 84
194700 52 84
194700 53 63
195000 28 70
195000 38 39
195300 24 48
195300 31 91
195300 66 69
195600 14 48
195600 23 30
195600 24 48
195600 39 58
195600 45 58
195600 45 72
195600 58 72
195900 1 15
195900 29 63
195900 55 79
195900 56 87
195900 75 79
196200 3 14
196200 9 62
196200 9 28
196200 9 44
196200 34 44
196200 44 45
196500 32 38
196800 6 40
196800 15 33
196800 38 45
196800 44 52
197100 9 30
197100 29 53
197100 30 62
197100 37 77
197100 49 52
197100 52 84
197400 4 79
197400 9 29
197400 27 81
197700 0 48
197700 4 86
197700 9 63
197700 21 84
197700 52 87
198000 7 84
198000 24 84
198000 27 84
198000 33 84
198000 51 58
198300 22 85
198300 46 89
198600 11 16
198600 35 51
198600 35 84
198600 40 57
198600 44 51
198600 44 45
198600 45 51
198600 53 70
198600 56 88
198600 57 88
198900 15 33
199200 23 29
199200 55 74
199500 17 18
199800 9 30
199800 12 76
199800 21 56
199800 22 64
199800 38 45
199800 56 76
200100 29 53
200100 37 58
200100 50 86
200100 51 65
200400 3 37
200400 9 30
200400 32 88
200700 20 40
200700 29 53
201000 7 25
201000 35 84
201000 52 84
201300 6 40
201300 9 30
201300 9 29
201300 28 29
201300 28 53
201300 29 53
201600 0 24
201600 4 86
201600 9 63
201600 9 69
201600 24 48
201600 61 62
201900 24 44
201900 29 63
202200 49 84
202500 14 24
202500 50 55
202800 35 75
202800 39 58
202800 65 84
202800 79 88
203100 9 62
203100 17 18
203100 50 86
203100 79 87
203400 35 75
203400 35 52
203400 52 75
203700 9 62
203700 9 19
203700 22 64
203700 24 48
203700 38 44
204000 23 49
204000 25 49
204000 28 69
204000 37 77
204000 52 75
204000 53 61
204300 28 53
204300 44 51
204600 28 69
204900 6 58
204900 6 7
204900 7 58
204900 8 14
204900 9 62
204900 14 37
204900 35 75
205200 11 86
205200 12 86
205200 76 78
205500 5 39
205500 8 84
205500 9 31
205500 24 48
205500 29 53
205500 46 84
205800 50 84
206100 24 48
206100 52 84
206100 53 63
206400 22 64
206400 42 52
206700 35 75
207000 7 78
207000 9 69
207000 9 29
207000 29 63
207300 29 70
207600 62 73
207900 14 47
207900 32 38
208200 44 51
208200 57 62
208500 17 18
208500 45 65
208500 49 52
208500 52 86
208800 7 25
208800 16 25
208800 30 66
208800 50 86
209100 0 14
209100 7 78
209100 9 62
209100 21 84
209100 21 56
209100 29 53
209100 52 87
209400 0 24
209400 32 91
209400 57 60
209700 3 51
209700 3 23
209700 23 49
209700 28 69
209700 42 51
209700 52 75
209700 80 90
210000 1 16
210000 1 59
210000 15 16
210000 16 59
210000 49 55
210000 55 79
210300 3 8
210300 14 85
210300 19 79
210300 24 48
210300 45 65
210600 14 24
210600 28 84
210600 39 51
210900 28 69
210900 37 82
211200 5 18
211200 12 77
211200 12 44
211200 12 64
211200 24 48
211200 39 65
211200 44 65
211500 7 25
211500 9 66
211500 22 64
211800 9 73
211800 29 69
211800 29 53
211800 37 58
211800 50 74
211800 53 69
212100 9 62
212100 29 53
212100 57 88
212400 14 72
212400 28 53
212700 22 64
213000 21 69
213000 21 61
213000 61 69
213300 14 24
213300 21 69
213300 29 53
213300 85 91
213600 58 65
213600 76 84
213900 4 79
213900 16 84
214200 8 26
214200 50 74
214500 5 11
214500 18 37
214500 29 53
214800 21 46
214800 21 26
214800 24 48
214800 26 31
214800 49 79
214800 75 79
215100 17 18
215400 29 63
215400 50 86
215700 53 70
216000 9 62
216300 49 55
216600 28 84
216600 39 51
216900 3 5
216900 29 73
216900 50 86
217200 24 58
217200 32 80
217200 67 76
217500 2 15
217500 23 30
217800 24 48
217800 66 69
218100 52 79
218400 15 33
218400 25 86
218700 4 36
218700 14 24
218700 27 56
218700 27 60
218700 28 53
218700 29 70
218700 29 53
218700 45 65
218700 65 72
219000 8 79
219000 14 24
219000 21 69
219000 29 53
219000 45 58
219300 8 50
219300 9 62
219300 38 58
219300 38 45
219300 50 75
219600 24 59
219600 29 53
219600 45 90
219600 53 63
219900 12 44
219900 58 65
220200 29 53
220200 57 88
220500 17 18
220500 22 32
220500 79 87
220800 21 69
220800 29 63
221100 8 26
221100 9 62
221100 21 84
221400 5 24
221400 7 16
221400 8 26
221400 14 90
221400 18 37
221700 7 84
221700 35 86
221700 35 50
221700 37 80
221700 37 50
221700 38 86
221700 50 75
221700 50 80
222000 24 48
222300 0 48
222300 8 90
222300 16 84
222300 29 53
222600 29 53
222600 37 58
222900 0 45
222900 3 5
222900 9 29
222900 9 30
222900 9 70
222900 9 28
223200 8 26
223200 53 63
223500 11 24
223500 49 55
223800 29 53
223800 50 86
224100 11 26
224100 35 75
224400 45 65
224700 9 62
224700 18 34
224700 21 66
224700 29 69
224700 45 83
224700 50 74
224700 55 79
224700 57 60
225000 1 59
225000 1 88
225000 1 84
225000 11 24
225000 12 88
225000 15 88
225000 23 69
225000 24 55
225300 29 53
225300 52 86
225600 9 62
225600 15 33
225600 35 75
225600 52 55
225600 60 81
225900 9 29
225900 11 48
225900 27 81
225900 57 88
226200 5 18
226200 7 88
226200 8 26
226200 53 63
226500 0 65
226500 0 14
226500 22 64
226500 24 48
226500 44 51
226800 0 14
226800 5 22
226800 5 37
226800 16 45
226800 22 37
226800 22 26
226800 22 34
226800 26 37
226800 26 72
226800 34 37
226800 37 72
226800 40 84
226800 40 78
226800 60 81
226800 60 88
226800 81 88
227100 7 12
227100 33 84
227100 72 85
227100 79 88
227400 24 48
227400 52 75
227400 69 70
227700 3 65
227700 9 73
227700 17 51
227700 51 68
228000 7 86
228300 8 26
228300 9 62
228300 9 73
228300 69 73
228600 5 85
228600 76 78
228900 7 58
228900 29 53
228900 35 48
228900 55 79
229200 40 88
229200 55 74
229500 24 32
229800 9 62
230100 25 86
230100 29 53
230100 50 86
230400 15 67
230400 30 66
230400 37 58
230400 37 77
230400 52 75
230400 62 73
230400 64 82
230400 65 82
230700 0 24
230700 45 58
230700 50 86
230700 55 74
231000 29 53
231000 29 63
231300 21 84
231600 15 60
231600 21 60
231600 85 90
231900 31 71
232200 22 64
232200 24 48
232200 77 82
232500 21 56
232500 24 48
232800 44 51
232800 88 89
233100 7 12
233100 23 29
233400 22 38
233400 25 28
233400 25 53
233400 28 53
233400 53 69
233700 14 24
233700 29 63
233700 35 75
233700 59 76
234000 9 62
234000 50 86
234300 22 85
234300 76 78
234600 17 68
234600 28 69
234600 29 53
234600 37 82
234600 44 51
234900 1 12
234900 5 45
234900 9 73
234900 9 62
235200 14 22
235500 3 53
235500 7 33
235500 11 56
235500 22 32
235500 22 45
235500 28 70
235500 44 51
235500 53 70
235500 53 61
235800 9 51
235800 9 39
235800 39 51
236100 5 75
236400 79 86
236700 28 29
236700 49 86
237000 8 26
237000 26 32
237000 38 90
237000 38 85
237000 58 90
237000 58 85
237000 85 90
237300 5 18
237300 35 50
237300 42 50
237300 50 86
237600 9 62
237600 29 53
237600 50 74
237600 58 72
237900 2 10
237900 2 6
237900 6 10
238200 26 52
238200 29 53
238500 52 86
238500 63 70
238800 14 58
238800 21 40
238800 47 58
239100 49 74
239400 7 76
239700 35 75
239700 45 58
240000 32 80
240000 50 74
240300 9 23
240300 9 73
240300 14 24
240600 16 84
240600 28 69
240600 32 38
240600 35 50
240600 37 82
240600 37 77
240600 45 65
240900 1 2
240900 2 10
240900 5 39
240900 6 10
240900 21 56
240900 45 58
241200 28 30
241500 2 88
241500 7 88
241500 40 88
241500 40 84
241500 84 88
241800 8 26
241800 26 80
241800 31 58
241800 39 85
241800 80 91
242100 11 44
242100 19 28
242100 25 86
242100 35 75
242100 35 52
242100 45 65
242100 52 75
242400 19 86
242700 1 78
242700 29 70
242700 45 65
243000 11 44
243000 11 30
243000 24 48
243300 29 63
243600 39 58
243600 79 84
243600 79 88
243900 28 84
243900 35 75
243900 39 51
243900 55 75
244200 9 29
244200 29 62
244200 29 63
244200 62 73
244200 63 66
244500 0 24
244500 50 86
244500 56 84
244800 7 84
244800 16 84
244800 25 84
244800 64 77
245100 15 33
245100 49 50
245400 12 78
245400 58 65
245400 84 89
245700 3 85
245700 50 86
246000 12 42
246300 22 38
246600 17 18
246600 21 56
246600 21 59
246600 24 48
246600 32 58
246900 29 53
247200 9 73
247200 49 73
247200 50 86
247200 57 60
247500 34 84
247500 58 72
247500 80 85
247800 22 32
247800 53 70
248100 29 53
248100 37 77
248400 0 14
248400 9 62
248400 12 32
248400 17 51
248400 21 56
248400 24 45
248400 28 62
248400 56 60
248700 7 58
248700 12 15
248700 15 33
249000 34 84
249000 35 75
249000 35 50
249000 37 84
249000 50 86
249000 75 86
249300 25 87
249600 8 26
249600 9 62
249600 9 28
249600 28 73
249600 28 62
249600 50 52
249600 50 86
249900 12 56
249900 56 58
250200 0 14
250200 12 88
250200 31 51
250200 51 71
250500 29 53
250500 37 58
250500 62 69
250800 17 18
250800 29 61
250800 44 51
251100 22 50
251400 2 84
251400 3 68
251400 9 62
251400 9 30
251400 24 48
251400 52 75
251400 62 73
251700 50 74
251700 53 69
252000 0 48
252000 9 63
252000 32 71
252300 29 53
252300 35 49
252300 37 84
252300 58 84
252600 24 48
252600 26 31
252600 35 75
252600 37 91
252900 21 61
252900 22 64
252900 57 88
253200 7 78
253200 29 53
253500 9 62
253500 18 90
253500 23 30
253500 50 60
253500 50 57
253500 57 88
253800 7 58
253800 24 35
253800 29 53
253800 49 52
253800 55 79
254100 9 28
254100 9 69
254100 9 63
254100 17 68
254100 28 73
254100 28 70
254100 28 30
254100 28 69
254100 30 62
254100 35 75
254100 53 62
254100 53 70
254100 61 62
254400 52 79
254700 9 62
254700 16 88
254700 23 53
254700 28 73
254700 29 73
254700 35 52
254700 53 73
255000 11 69
255000 11 23
255000 23 69
255000 53 63
255300 29 53
255300 50 74
255300 52 86
255600 24 48
255600 29 53
255600 35 75
255900 8 26
255900 9 62
255900 52 84
256200 5 37
256200 24 48
256200 24 31
256200 31 48
256500 17 18
256800 7 27
256800 8 17
256800 8 51
256800 8 39
256800 8 14
256800 14 51
256800 14 90
256800 19 51
256800 39 51
256800 51 90
257100 28 70
257400 8 82
257400 9 19
257400 9 62
257400 22 39
257400 22 64
257400 37 58
257400 38 44
257700 0 14
257700 14 37
257700 17 18
257700 28 30
257700 64 77
258000 28 84
258000 39 51
258300 5 47
258300 9 28
258300 9 63
258300 9 69
258300 9 73
258300 9 62
258300 24 48
258300 28 73
258600 3 14
258600 14 37
258600 16 84
258600 50 75
258900 28 70
259200 29 69
259200 66 69
259500 5 39
259500 35 87
259500 35 86
259500 35 52
259800 28 29
259800 29 53
259800 35 52
260100 28 70
260400 7 76
260700 53 62
260700 76 78
261000 12 16
261000 27 81
261000 39 57
261000 50 86
261300 9 73
261300 29 53
261300 53 73
261600 44 51
261600 58 65
261900 9 73
261900 50 86
262200 1 88
262200 1 59
262200 22 32
262500 0 24
262500 4 84
262500 35 52
262500 55 79
262800 28 69
263100 56 84
263400 7 78
263400 8 26
263400 14 24
263400 14 64
263400 17 68
263400 29 53
263700 9 63
263700 9 28
264000 58 65
264300 24 45
264300 55 79
264300 69 73
264600 1 40
264600 2 12
264600 7 40
264600 12 72
264600 58 72
264900 3 14
264900 3 44
264900 9 73
264900 9 19
264900 9 62
264900 11 44
264900 19 73
264900 29 63
264900 62 73
264900 62 66
265200 22 64
265200 35 79
265200 77 82
265500 17 34
265500 28 70
265800 14 50
265800 22 64
265800 30 66
265800 44 86
266100 17 18
266100 45 65
266400 7 16
266400 29 53
266400 49 52
266700 28 53
266700 44 51
267000 55 79
267000 75 79
267300 17 18
267300 29 63
267600 9 28
267600 15 60
267600 16 76
267600 28 62
267600 35 50
267600 38 90
267600 39 65
267600 50 75
267600 85 90
267900 29 53
267900 69 70
268200 7 84
268200 8 26
268200 21 84
268200 31 71
268500 29 63
268800 29 53
268800 37 58
269100 29 53
269100 53 70
269100 59 76
269400 3 11
269400 28 76
269400 57 76
269700 28 69
269700 30 66
269700 52 75
270000 8 26
270000 53 63
270300 9 73
270300 16 88
270300 21 69
270300 22 64
270300 53 70
270600 21 46
270600 24 48
270600 26 31
270600 75 79
270900 3 43
270900 29 53
271200 17 18
271200 18 68
271200 24 48
271200 32 58
271500 5 18
271500 12 77
271500 12 64
271500 24 48
271500 64 77
271800 45 83
271800 55 79
271800 58 72
271800 58 85
271800 80 85
272100 12 59
272100 50 86
272100 75 84
272400 2 10
272400 2 6
272400 3 14
272400 6 10
272400 11 14
272400 14 34
272400 27 46
272400 44 51
272700 42 51
272700 46 60
272700 53 70
273000 58 65
273000 76 78
273000 76 81
273000 78 81
273300 17 84
273300 24 28
273300 29 53
273600 24 48
273600 31 32
273900 7 56
273900 9 62
274200 11 24
274200 24 48
274500 9 66
274500 9 62
274500 9 73
274500 11 84
274500 62 73
274800 7 78
274800 7 59
274800 20 52
274800 20 35
274800 25 35
274800 28 40
274800 28 73
274800 35 52
274800 35 84
274800 35 87
274800 40 84
274800 42 79
274800 52 84
274800 56 87
274800 56 84
275100 6 88
275100 18 37
275100 22 85
275100 23 69
275100 28 62
275400 24 69
275400 28 69
275700 2 15
275700 17 18
275700 35 75
275700 79 87
276000 8 26
276000 29 53
276000 36 79
276000 36 55
276000 55 79
276300 8 26
276300 29 53
276300 50 74
276300 53 69
276600 53 70
276900 22 64
276900 40 88
276900 44 51
276900 67 78
277200 4 49
277200 29 53
277200 57 88
277500 0 24
277800 4 48
277800 8 34
277800 8 90
277800 8 58
277800 11 24
277800 27 76
277800 27 81
277800 45 58
278100 0 24
278100 21 42
278100 22 38
278100 24 45
278100 25 28
278100 27 57
278100 67 76
278400 5 37
278400 35 75
278400 35 49
278400 46 57
