0 1 59
0 6 88
0 32 38
300 29 63
600 29 53
900 15 33
1200 17 18
1200 18 68
1200 24 48
1200 32 58
1500 35 75
1500 45 58
1800 11 84
1800 12 84
1800 16 33
1800 29 53
1800 42 43
1800 49 84
1800 49 58
1800 49 64
1800 58 84
1800 64 77
1800 79 88
2100 67 84
2400 25 88
2400 29 53
2400 38 51
2400 45 58
2400 51 72
2700 7 25
2700 16 25
2700 30 66
2700 50 86
3000 36 50
3300 7 76
3600 8 26
3600 42 59
3600 53 63
3900 62 73
3900 71 83
4200 28 53
4200 44 51
4500 2 15
4500 5 11
4500 14 19
4500 17 18
4500 19 79
4500 42 79
4800 17 80
4800 21 84
4800 24 48
4800 35 75
4800 46 84
5100 29 63
5100 50 84
5100 58 65
5100 59 76
5100 76 81
5400 5 18
5400 12 77
5400 12 64
5400 24 48
5400 64 77
5700 1 16
5700 35 84
5700 35 52
6000 3 24
6000 14 45
6000 24 29
6000 24 53
6000 24 28
6000 29 53
6000 44 51
6300 28 69
6300 46 89
6600 24 58
6600 32 80
6600 67 76
6900 7 86
7200 1 33
7200 1 7
7200 5 72
7200 24 45
7200 37 58
7200 58 65
7500 20 31
7500 24 31
7500 24 48
7500 31 48
7500 71 83
7800 40 56
8100 21 69
8100 21 61
8100 61 69
8400 29 63
8700 3 5
8700 29 63
8700 29 73
8700 50 88
9000 9 73
9300 15 33
9300 49 50
9600 9 62
9900 7 12
9900 22 91
9900 24 32
9900 33 84
9900 79 88
9900 85 91
10200 8 26
10200 28 70
10500 19 73
10500 52 75
10800 9 23
10800 9 73
10800 14 24
11100 5 37
11100 5 34
11100 7 27
11100 7 88
11100 27 88
11100 34 37
11400 5 54
11400 7 59
11400 9 62
11400 62 69
11700 5 22
11700 23 61
12000 2 15
12000 9 73
12000 20 40
12000 40 75
12000 44 70
12300 29 70
12600 7 78
12600 7 59
12600 20 52
12600 20 35
12600 25 35
12600 28 40
12600 28 73
12600 35 52
12600 35 84
12600 35 87
12600 40 84
12600 42 79
12600 52 84
12600 56 87
12600 56 84
12900 18 37
12900 23 30
12900 38 91
13200 3 5
13200 3 22
13200 5 18
13200 11 24
13200 18 22
13200 22 64
13200 55 79
13500 50 84
13800 29 53
14100 1 2
14100 2 10
14100 5 39
14100 6 10
14100 21 56
14100 45 58
14400 11 23
14400 21 30
14400 23 69
14400 37 58
14400 74 86
14700 28 69
14700 65 91
15000 9 62
15000 24 31
15000 24 48
15000 31 48
15300 14 58
15300 21 76
15600 8 26
15600 9 62
15600 52 84
15900 11 44
15900 11 30
15900 24 48
16200 28 29
16200 49 86
16500 11 44
16800 26 32
16800 57 60
17100 3 43
17100 29 53
17400 17 18
17700 44 51
17700 55 79
18000 0 24
18000 5 24
18000 39 58
18000 79 88
18300 7 88
18300 9 62
18300 29 53
18600 21 69
18600 29 53
18600 75 79
18900 8 26
18900 9 62
18900 21 84
19200 11 86
19200 12 86
19200 76 78
19500 24 48
19500 29 30
19500 30 63
19500 47 58
19800 29 53
20100 28 70
20400 5 18
20400 7 88
20400 8 26
20400 53 63
20700 28 69
21000 35 75
21000 45 65
21000 56 86
21000 56 84
21000 84 86
21300 7 16
21300 7 25
21300 16 25
21300 17 18
21300 30 66
21600 35 55
21600 50 74
21900 7 12
21900 23 29
22200 28 73
22200 62 73
22200 67 84
22200 67 76
22500 22 64
22500 28 57
22500 37 58
22800 17 84
22800 24 28
22800 29 53
23100 16 78
23100 28 73
23100 53 63
23100 70 73
23100 75 79
23400 25 86
23400 29 53
23400 50 86
23700 31 71
24000 17 18
24000 22 32
24000 79 87
24000 84 87
24300 12 64
24300 12 45
24300 12 58
24300 17 18
24300 18 68
24300 34 58
24300 64 77
24600 9 62
24600 23 53
24600 23 73
24600 28 53
24600 28 73
24600 29 53
24600 39 51
24900 15 33
24900 22 85
24900 28 66
24900 44 51
24900 53 63
25200 2 33
25200 24 87
25200 58 62
25500 11 69
25500 11 23
25500 23 69
25500 53 63
25800 2 15
25800 17 18
25800 35 75
25800 79 87
26100 5 34
26100 29 63
26400 0 24
26400 19 42
26400 19 50
26400 20 35
26400 22 32
26400 55 79
26400 84 87
26700 14 50
26700 22 64
26700 30 66
26700 44 86
27000 0 14
27000 53 70
27000 60 79
27300 6 40
27300 9 73
27300 9 61
27300 50 86
27600 5 72
27600 5 37
27600 5 22
27600 18 72
27600 22 37
27600 22 72
27600 22 26
27600 26 72
27600 26 37
27600 26 71
27600 28 73
27600 37 72
27900 1 59
27900 29 53
27900 75 79
28200 7 21
28200 7 78
28200 17 68
28200 21 78
28200 29 53
28200 36 50
28500 0 24
28500 4 86
28500 9 63
28500 9 69
28500 24 48
28500 61 62
28800 21 69
28800 21 61
28800 24 45
28800 30 66
28800 69 73
29100 1 33
29100 11 72
29100 14 37
29100 64 77
29400 26 52
29400 29 53
29700 0 48
29700 4 50
29700 9 73
29700 9 62
29700 15 67
29700 52 75
29700 53 66
30000 24 48
30000 46 84
30000 74 79
30300 3 80
30600 12 88
30600 17 18
30600 55 74
30900 29 53
30900 39 51
30900 53 63
30900 53 69
30900 66 69
31200 7 27
31200 27 57
31200 57 60
31500 14 47
31500 32 38
31800 29 70
31800 29 69
31800 29 53
31800 53 63
31800 59 78
31800 85 91
32100 29 53
32100 53 70
32100 59 76
32400 0 48
32400 0 14
32400 9 62
32400 18 68
32400 28 29
32700 6 40
32700 9 30
32700 9 29
32700 28 29
32700 28 53
32700 29 53
33000 14 47
33000 45 72
33300 9 62
33300 77 82
33600 29 63
33600 37 77
33600 55 86
33900 55 79
33900 75 79
34200 17 34
34200 28 70
34500 1 76
34500 19 76
34500 22 64
34500 35 79
34500 77 82
34800 9 62
34800 39 51
35100 4 79
35100 37 58
35100 75 79
35400 0 24
35400 0 14
35400 14 24
35400 14 48
35400 22 77
35400 24 48
35400 45 48
35700 14 39
35700 14 58
36000 8 26
36000 53 63
36300 22 64
36300 28 73
36600 9 73
36600 9 19
36600 33 88
36600 50 75
36900 21 56
36900 24 48
37200 37 58
37500 27 73
37500 29 53
37500 37 84
37500 49 86
37500 49 50
37800 3 18
37800 9 62
37800 18 65
37800 29 53
38100 3 58
38400 1 88
38400 1 59
38400 22 32
38700 9 73
38700 9 62
38700 50 74
39000 7 58
39300 8 26
39300 53 63
39600 8 79
39600 14 24
39600 21 69
39600 29 53
39600 45 58
39900 17 18
39900 29 63
40200 14 24
40200 28 84
40200 39 51
40500 24 48
40500 31 91
40500 66 69
40800 21 84
40800 30 66
40800 55 86
41100 9 73
41100 29 69
41100 29 53
41100 37 58
41100 50 74
41100 53 69
41400 9 30
41400 29 53
41400 30 62
41400 37 77
41400 49 52
41400 52 84
41700 8 90
41700 8 58
41700 45 58
41700 70 73
42000 9 73
42000 63 70
42300 9 28
42300 12 84
42300 55 87
42600 58 65
42600 76 78
42600 76 81
42600 78 81
42900 63 70
43200 8 26
43200 21 61
43200 22 64
43500 28 62
43500 29 53
43500 45 85
43500 45 65
43800 15 33
44100 0 45
44100 3 5
44100 9 29
44100 9 30
44100 9 70
44100 9 28
44400 7 25
44400 9 72
44400 22 64
44400 35 52
44700 7 78
44700 9 69
44700 9 29
44700 29 63
45000 49 74
45300 2 84
45300 3 68
45300 9 62
45300 9 30
45300 24 48
45300 52 75
45300 62 73
45600 1 78
45600 7 78
45600 21 76
45600 24 48
45600 77 82
45900 24 45
45900 29 53
45900 44 51
46200 9 62
46200 18 34
46200 21 66
46200 29 69
46200 45 83
46200 50 74
46200 55 79
46200 57 60
46500 8 85
46500 8 37
46500 9 62
46500 21 61
46500 59 76
46800 0 48
46800 8 90
46800 9 80
46800 9 30
46800 15 67
46800 24 48
46800 30 53
46800 53 73
46800 53 62
47100 24 48
47100 57 76
47400 29 53
47400 37 58
47400 44 51
47400 67 76
47700 17 18
47700 35 75
47700 39 90
48000 3 14
48000 7 88
48000 9 63
48000 9 28
48300 1 76
48300 27 76
48300 35 79
48300 44 51
48300 77 82
48600 9 62
48900 2 28
48900 5 22
48900 23 61
49200 45 83
49200 55 79
49200 58 72
49200 58 85
49200 80 85
49500 2 15
49500 9 73
49500 17 18
49500 35 75
49800 34 84
49800 35 75
49800 35 50
49800 37 84
49800 50 86
49800 75 86
50100 9 28
50100 9 63
50100 28 69
50100 37 77
50400 5 39
50400 35 87
50400 35 86
50400 35 52
50700 28 69
50700 29 53
50700 44 51
51000 52 79
51300 17 68
51300 42 50
51600 14 24
51600 22 77
51900 28 53
52200 2 10
52200 2 6
52200 3 14
52200 6 10
52200 11 14
52200 14 34
52200 27 46
52200 44 51
52500 29 63
52500 50 86
52800 6 40
53100 5 14
53100 6 88
53100 14 24
53100 28 30
53400 22 38
53700 9 28
53700 15 60
53700 16 76
53700 28 62
53700 35 50
53700 38 90
53700 39 65
53700 50 75
53700 85 90
54000 0 14
54300 9 73
54600 14 48
54600 23 30
54600 24 48
54600 39 58
54600 45 58
54600 45 72
54600 58 72
54900 12 77
54900 12 84
54900 26 32
54900 77 84
55200 29 53
55200 51 65
55500 5 24
55500 5 65
55500 9 66
55500 9 13
55500 24 32
55500 57 60
55800 27 60
55800 29 63
55800 37 58
55800 50 75
56100 2 60
56100 28 53
56100 39 58
56100 58 65
56400 2 10
56400 10 16
56400 10 33
56400 11 84
56400 12 44
56400 24 31
56400 39 51
56400 51 58
56400 58 65
56700 28 69
57000 11 48
57000 22 32
57000 58 65
57300 23 69
57600 4 49
57600 29 53
57600 57 88
57900 2 71
57900 14 58
57900 14 39
57900 14 24
57900 37 82
57900 39 58
57900 53 70
57900 58 82
58200 29 53
58500 24 48
58500 42 43
58500 44 45
58500 48 49
58500 53 70
58500 79 88
58800 8 26
58800 23 30
58800 23 53
58800 29 53
58800 30 53
58800 39 58
59100 9 73
59100 50 86
59400 42 84
59400 52 84
59400 53 63
59700 0 48
59700 8 90
59700 29 53
60000 3 8
60000 14 85
60000 19 79
60000 24 48
60000 45 65
60300 22 85
60300 61 69
60600 22 32
60600 53 70
60900 2 28
60900 2 39
60900 11 34
60900 28 38
60900 61 86
60900 77 86
61200 4 50
61200 4 52
61200 14 24
61200 21 69
61200 29 53
61500 17 68
61500 45 58
61500 63 70
61500 64 77
61800 27 60
61800 29 63
62100 29 53
62100 69 70
62400 9 62
62400 53 63
62700 7 25
62700 9 66
62700 22 64
63000 29 53
63300 2 15
63300 2 33
63300 9 73
63300 9 62
63300 15 72
63300 29 63
63300 50 75
63300 58 86
63300 58 78
63300 58 59
63300 59 78
63300 72 86
63300 72 78
63300 72 75
63300 75 86
63600 34 84
63600 35 75
63600 55 74
63600 67 84
63900 13 88
63900 21 88
63900 29 53
63900 29 69
63900 45 83
63900 50 74
63900 55 79
64200 2 15
64200 2 3
64200 2 48
64200 15 48
64200 24 48
64200 24 49
64200 35 75
64200 48 49
64500 9 63
64500 9 73
64800 1 7
64800 7 40
64800 33 59
65100 0 14
65100 8 54
65100 8 32
65100 8 26
65100 22 91
65100 25 39
65100 39 51
65400 8 26
65400 49 74
65700 24 44
65700 29 63
66000 5 18
66000 35 50
66000 42 50
66000 50 86
66300 59 76
66600 5 11
66600 14 48
66600 28 73
66600 29 53
66600 39 51
66600 61 71
66600 70 73
66900 35 75
66900 76 84
67200 9 62
67500 37 84
67500 49 86
67500 50 74
67500 58 84
67800 58 65
68100 5 37
68100 5 18
68100 14 77
68100 18 37
68100 64 77
68400 32 38
68700 22 64
68700 24 48
68700 77 82
69000 44 51
69000 77 82
69300 11 44
69300 19 28
69300 25 86
69300 35 75
69300 35 52
69300 45 65
69300 52 75
69600 3 37
69600 9 30
69600 32 88
69900 7 58
69900 9 73
69900 24 35
69900 29 53
69900 35 48
69900 42 55
69900 49 52
70200 21 56
70200 22 64
70200 24 48
70200 35 79
70200 77 82
70500 22 64
70500 24 48
70500 44 51
70500 77 82
70800 5 85
70800 5 72
70800 55 86
70800 72 80
70800 80 85
71100 7 88
71100 17 51
71100 29 53
71100 29 63
71100 39 51
71400 7 25
71400 19 79
71400 21 79
71400 21 61
71400 24 48
71400 24 45
71400 28 69
71400 61 66
71400 79 87
71700 44 86
71700 58 65
72000 53 70
72300 7 58
72300 24 35
72300 29 53
72300 49 52
72300 55 79
72600 0 45
72600 4 86
72600 29 91
72600 29 53
72600 53 63
72900 9 62
72900 50 86
73200 0 14
73200 12 88
73200 31 51
73200 51 71
73500 24 48
73500 26 71
73500 29 53
73500 35 75
73800 29 53
73800 52 86
74100 11 44
74400 3 83
74400 50 74
74700 9 28
74700 9 69
74700 9 63
74700 17 68
74700 28 73
74700 28 70
74700 28 30
74700 28 69
74700 30 62
74700 35 75
74700 53 62
74700 53 70
74700 61 62
75000 1 84
75000 1 59
75000 6 84
75000 9 73
75000 20 84
75000 28 69
75000 67 84
75000 84 88
75300 0 48
75300 8 90
75300 16 84
75300 29 53
75600 14 37
75600 17 68
75900 3 14
75900 19 24
75900 24 48
75900 53 70
76200 9 62
76200 9 73
76200 17 18
76200 50 74
76200 53 69
76200 55 79
76500 9 62
76500 14 24
76500 19 58
76500 21 69
76500 25 79
76500 39 51
76500 51 65
76500 58 72
76500 65 72
76500 66 70
76800 15 33
77100 44 51
77100 88 89
77400 11 24
77400 19 59
77400 19 76
77400 37 72
77400 59 76
77400 70 73
77700 4 86
77700 23 29
77700 29 53
78000 30 53
78000 58 72
78300 9 73
78300 24 28
78300 29 53
78600 7 16
78600 9 29
78600 22 32
78600 52 55
78600 55 74
78900 20 35
78900 29 61
78900 39 45
78900 42 79
78900 52 84
78900 56 84
78900 84 87
79200 5 39
79200 8 84
79200 9 31
79200 24 48
79200 29 53
79200 46 84
79500 7 84
79500 24 84
79500 27 84
79500 33 84
79500 51 58
79800 14 48
79800 14 24
79800 24 48
79800 53 63
80100 17 68
80100 28 45
80100 44 45
80400 28 84
80400 39 51
80700 22 85
80700 29 53
80700 32 38
81000 17 34
81300 9 73
81300 11 23
81300 17 18
81300 22 85
81600 17 18
81900 1 40
81900 1 6
81900 6 60
81900 27 84
81900 44 65
81900 58 65
82200 1 84
82200 5 18
82200 15 88
82200 15 40
82200 15 84
82200 18 32
82200 22 32
82200 23 69
82200 28 30
82200 29 53
82200 59 88
82200 59 84
82200 62 75
82200 81 84
82200 84 88
82500 7 84
82500 35 86
82500 35 50
82500 37 80
82500 37 50
82500 38 86
82500 50 75
82500 50 80
82800 0 45
82800 7 78
82800 7 21
82800 14 24
83100 64 77
83400 14 24
83400 18 47
83700 22 64
84000 28 70
84300 14 24
84300 29 63
84300 35 75
84300 59 76
84600 6 58
84600 6 7
84600 7 58
84600 8 14
84600 9 62
84600 14 37
84600 35 75
84900 9 62
84900 22 85
84900 29 53
84900 29 30
84900 50 86
85200 29 53
85200 35 75
85200 42 50
85500 11 58
85500 27 64
85500 28 53
85500 53 70
85500 85 90
85800 23 30
85800 42 76
85800 49 55
86100 19 73
86100 29 63
86100 56 84
86400 9 63
86400 9 28
86400 61 62
86700 9 73
86700 29 63
87000 12 16
87000 27 81
87000 39 57
87000 50 86
87300 9 73
87300 28 84
87300 28 76
87300 76 84
87600 8 37
87600 37 82
87600 37 58
87600 58 82
87900 29 53
88200 9 66
88200 16 59
88200 50 59
88200 59 76
88500 4 41
88500 27 57
88500 28 69
88800 22 64
88800 35 52
88800 44 51
88800 46 89
89100 14 72
89100 14 34
89100 14 85
89100 24 48
89100 27 75
89100 27 35
89100 35 75
89400 25 87
89700 5 18
89700 12 77
89700 12 44
89700 12 64
89700 24 48
89700 39 65
89700 44 65
90000 14 58
90000 25 79
90300 12 44
90300 12 72
90300 12 58
90300 17 34
90300 35 50
90300 43 58
90300 44 58
90300 44 56
90300 50 75
90300 53 70
90300 56 58
90300 56 65
90600 0 14
90600 41 79
90600 53 69
90600 77 82
90900 5 18
90900 29 90
90900 44 51
90900 45 64
90900 81 88
91200 29 53
91500 29 53
91500 37 77
91800 17 68
91800 29 53
91800 35 49
91800 57 60
92100 12 56
92100 56 58
92400 9 23
92400 9 62
92700 0 14
92700 7 78
92700 9 62
92700 21 84
92700 21 56
92700 29 53
92700 52 87
93000 12 58
93000 43 58
93000 44 45
93000 79 88
93300 0 14
93300 9 62
93300 12 32
93300 17 51
93300 21 56
93300 24 45
93300 28 62
93300 56 60
93600 24 58
93900 28 70
94200 17 18
94500 4 55
94800 22 80
94800 28 69
94800 53 70
95100 35 75
95100 55 86
95400 9 29
95400 29 62
95400 29 63
95400 62 73
95400 63 66
95700 11 24
96000 28 70
96000 39 72
96000 72 90
96300 9 62
96300 15 33
96300 35 75
96300 52 55
96300 60 81
96600 4 86
96600 52 86
96900 9 73
96900 29 63
97200 17 68
97200 22 85
97200 26 37
97200 28 70
97200 37 72
97200 55 86
97500 7 58
97500 21 69
97500 36 50
97800 42 51
97800 46 60
97800 53 70
98100 5 24
98100 7 16
98100 8 26
98100 14 90
98100 18 37
98400 17 18
98400 22 58
98400 22 32
98400 32 58
98700 1 33
98700 1 2
98700 1 6
98700 2 6
98700 6 84
98700 6 33
98700 10 84
98700 12 44
98700 33 44
98700 39 51
98700 51 58
98700 51 65
98700 56 84
98700 58 65
98700 67 84
99000 1 76
99000 37 58
99300 8 26
99300 22 91
99300 24 48
99300 29 91
99300 39 58
99300 42 43
99600 8 26
99600 9 28
99600 9 62
99600 22 64
99600 28 73
99900 14 44
99900 14 22
100200 5 11
100200 8 85
100200 9 62
100200 12 29
100200 22 51
100200 29 53
100200 38 45
100200 40 41
100200 50 75
100200 61 90
100500 15 33
100800 23 69
100800 23 30
100800 29 53
100800 30 63
100800 30 53
101100 9 73
101100 49 73
101100 50 86
101100 57 60
101400 2 6
101400 5 51
101400 5 39
101400 6 10
101400 7 16
101400 9 62
101400 14 82
101700 7 33
101700 58 72
101700 64 77
102000 3 68
102000 29 63
102300 0 14
102300 16 59
102300 53 69
102600 23 29
102900 22 64
102900 27 57
102900 44 51
102900 77 82
103200 11 23
103200 23 69
103200 53 63
103500 11 24
103500 49 55
103800 22 85
103800 76 78
104100 11 84
104100 14 71
104100 37 58
104100 50 86
104400 28 70
104700 24 58
104700 28 84
104700 28 62
105000 24 48
105000 52 75
105000 69 70
105300 0 24
105300 45 58
105300 50 86
105300 55 74
105600 21 28
105600 29 53
105600 67 78
105900 28 69
105900 30 53
105900 53 70
106200 1 7
106200 17 18
106200 55 79
106200 75 79
106500 11 77
106500 12 27
106500 17 34
106500 22 48
106500 27 81
106500 27 48
106500 27 77
106500 48 64
106500 64 77
106800 9 62
106800 29 53
107100 19 86
107400 9 69
107400 9 63
107400 24 48
107400 28 70
107400 53 70
107400 61 62
107700 15 27
107700 23 30
107700 29 71
107700 37 58
108000 35 52
108300 22 72
108300 28 69
108600 12 60
108600 19 75
108600 35 75
108600 35 50
108600 50 75
108600 50 52
108600 52 75
108900 5 85
108900 5 80
108900 21 84
108900 28 69
109200 21 69
109200 29 63
109500 0 24
109500 4 84
109500 35 52
109500 55 79
109800 6 12
109800 6 26
109800 9 62
109800 9 26
109800 12 46
109800 14 24
110100 25 36
110100 53 63
110400 16 61
110400 23 53
110400 28 69
110400 30 53
110700 24 48
110700 37 58
111000 6 40
111000 9 62
111000 35 49
111000 55 74
111300 0 14
111300 3 14
111300 8 90
111300 9 69
111300 16 84
111300 30 53
111300 65 82
111600 7 88
111600 9 62
111600 52 75
111900 24 48
111900 24 45
111900 29 63
111900 29 70
111900 39 45
111900 42 50
111900 42 65
111900 45 72
111900 45 48
112200 14 72
112200 30 73
112200 30 69
112200 53 69
112500 29 53
112500 37 58
112800 3 18
112800 7 58
112800 15 33
113100 11 24
113100 23 30
113100 50 86
113100 84 88
113400 9 73
113400 9 62
113400 17 18
113400 50 74
113400 53 69
113700 11 23
113700 23 69
113700 45 58
114000 7 27
114300 24 48
114300 26 31
114300 35 75
114300 37 91
114600 21 27
114600 21 59
114600 34 45
114600 54 71
114900 12 44
114900 12 58
114900 12 77
114900 24 48
114900 58 65
115200 0 14
115500 9 62
115500 9 19
115500 12 58
115500 14 37
115500 19 44
115500 21 61
115500 22 64
115500 29 53
115500 44 45
115500 44 58
115500 44 60
115500 53 63
115800 29 53
115800 59 76
116100 9 29
116100 14 48
116100 53 66
116400 24 48
116400 52 84
116400 53 63
116700 0 14
116700 7 16
116700 8 60
116700 8 90
116700 9 62
116700 53 66
117000 24 48
117000 35 52
117000 39 45
117000 57 62
117300 9 62
117300 22 32
117300 76 78
117600 7 50
117900 22 32
118200 5 80
118200 5 18
118200 18 80
118500 3 58
118500 29 63
118500 37 58
118500 50 75
118800 9 62
118800 16 84
118800 24 48
119100 11 48
119100 12 49
119100 49 67
119100 58 65
119100 60 89
119400 5 18
119400 5 11
119400 62 73
119700 42 43
119700 42 72
119700 42 58
119700 58 72
120000 29 53
120300 49 55
120300 50 86
120600 20 40
120600 29 53
120900 34 86
121200 7 25
121200 16 25
121200 30 66
121500 22 64
121500 24 48
121500 44 51
121500 52 87
121500 77 82
121800 32 85
121800 50 86
122100 24 31
122100 31 48
122100 81 88
122400 9 62
122400 38 58
122400 38 45
122400 45 58
122700 7 84
122700 44 65
122700 58 65
123000 3 72
123000 22 38
123000 22 32
123300 8 26
123300 9 62
123300 9 28
123300 28 73
123300 28 62
123300 50 52
123300 50 86
123600 2 39
123600 5 48
123600 12 48
123600 12 14
123600 12 20
123600 14 20
123600 14 58
123600 14 78
123600 20 58
123600 20 78
123600 24 87
123600 29 39
123600 31 58
123600 58 78
123900 2 15
123900 3 14
123900 7 50
123900 9 62
123900 9 73
124200 8 39
124200 8 85
124200 9 62
124200 38 45
124500 29 53
124500 52 87
124800 9 62
124800 29 53
124800 57 88
125100 5 72
125100 5 37
125100 22 26
125100 22 37
125100 22 72
125100 26 37
125100 26 72
125100 29 53
125100 37 72
125100 53 63
125400 3 68
125400 9 62
125400 28 69
125400 37 77
125400 52 75
125400 62 73
125700 11 24
125700 11 51
125700 17 68
125700 22 64
125700 27 51
125700 27 68
126000 9 73
126000 45 70
126000 52 84
126000 53 70
126300 30 57
126300 51 90
126300 52 75
126300 56 59
126300 58 65
126300 59 78
126600 0 48
126600 9 62
126600 15 67
126600 16 59
126600 24 48
126600 28 30
126600 28 69
126600 44 51
126600 52 75
126600 62 73
126900 4 87
126900 9 62
126900 22 85
126900 29 53
126900 36 50
126900 84 89
127200 9 62
127200 9 17
127200 24 48
127200 76 88
127500 45 72
127800 3 37
127800 8 26
127800 22 37
127800 23 30
127800 29 63
127800 37 90
128100 21 84
128100 23 29
128100 51 65
128400 4 52
128400 8 26
128400 28 29
128400 29 70
128400 37 77
128400 38 39
128700 22 64
128700 24 48
129000 1 16
129000 2 6
129000 2 10
129000 6 40
129000 6 27
129000 6 10
129000 10 16
129000 10 40
129000 12 77
129000 12 44
129000 16 33
129000 17 18
129000 24 48
129000 27 40
129000 27 46
129000 27 65
129000 27 57
129000 39 65
129000 46 56
129000 46 57
129300 14 71
129300 44 51
129300 50 86
129600 17 68
129900 9 73
129900 14 24
129900 59 76
130200 7 12
130200 29 53
130200 45 83
130200 50 74
130500 9 66
130500 9 62
130500 30 66
130500 50 74
130500 58 72
130800 0 48
130800 9 77
130800 9 62
130800 28 73
130800 44 51
131100 35 75
131100 44 51
131400 3 45
131700 5 85
131700 76 78
132000 9 62
132000 38 58
132000 38 45
132000 59 78
132000 76 78
132300 7 16
132300 7 25
132300 16 25
132600 7 56
132600 9 62
132900 8 26
132900 26 32
132900 38 90
132900 38 85
132900 58 90
132900 58 85
132900 85 90
133200 29 53
133200 50 74
133200 52 86
133500 1 88
133500 9 62
133500 9 69
133500 9 66
133500 27 88
133500 28 69
133500 29 30
133500 30 66
133800 21 46
133800 24 48
133800 26 31
133800 75 79
134100 11 23
134100 17 18
134100 23 69
134100 35 74
134100 62 73
134400 0 14
134400 7 16
134400 8 60
134400 15 67
134700 1 6
134700 1 33
134700 1 40
134700 1 10
134700 1 16
134700 2 10
134700 5 39
134700 6 40
134700 6 10
134700 10 40
134700 10 38
134700 10 16
134700 12 44
134700 12 77
134700 16 33
134700 24 48
134700 33 40
134700 38 45
134700 38 85
134700 45 85
135000 53 62
135000 76 78
135300 7 25
135300 28 69
135600 0 24
135600 50 86
135600 56 84
135900 7 25
135900 22 64
135900 49 84
135900 50 84
135900 50 52
135900 52 84
136200 3 44
136200 5 72
136200 7 58
136200 9 23
136500 28 84
136800 24 48
136800 46 84
136800 79 86
137100 19 62
137100 22 64
137100 77 82
137400 29 53
137400 30 62
137400 49 52
137700 8 26
137700 44 51
138000 1 12
138000 9 73
138000 9 62
138000 51 71
138300 22 64
138300 40 88
138300 44 51
138300 67 78
138600 1 6
138600 1 59
138600 1 88
138600 7 81
138600 29 53
138900 0 45
138900 29 53
138900 37 58
138900 37 47
139200 45 58
139200 45 72
139200 63 70
139500 42 86
139500 55 86
139800 0 14
139800 0 3
139800 3 14
139800 7 78
140100 51 54
140100 63 89
140400 5 72
140400 49 55
140400 49 86
140400 55 86
140700 7 16
140700 7 84
140700 7 25
140700 16 84
140700 16 25
140700 25 84
140700 50 84
141000 1 16
141000 1 59
141000 15 16
141000 16 59
141000 49 55
141000 55 79
141300 18 90
141300 23 30
141300 35 75
141300 46 84
141300 50 86
141300 50 60
141300 57 88
141300 62 73
141600 50 86
141900 22 64
141900 24 48
141900 77 82
142200 7 78
142200 29 53
142500 50 74
142500 53 69
142800 5 72
142800 29 69
142800 29 53
142800 50 74
142800 53 69
142800 55 79
143100 23 30
143100 24 48
143400 45 65
143400 50 86
143400 55 74
143700 45 65
144000 18 37
144000 53 70
144300 24 48
144300 29 53
144300 35 75
144600 0 48
144600 9 63
144600 32 71
144900 7 25
144900 35 84
144900 52 84
145200 9 62
145200 29 53
145500 0 24
145800 3 72
145800 22 32
145800 52 79
145800 62 73
145800 79 86
146100 29 53
146100 46 89
146100 69 70
146400 55 79
146700 5 18
146700 11 24
146700 79 84
147000 14 24
147000 21 69
147000 29 53
147000 85 91
147300 5 11
147300 5 72
147300 9 62
147600 3 22
147600 28 66
147600 28 69
147900 9 46
147900 55 84
148200 28 29
148200 29 70
148500 14 58
148500 21 61
148800 5 14
148800 37 58
149100 28 66
149400 17 18
149700 7 12
149700 22 32
150000 23 29
150000 29 63
150000 31 71
150000 52 79
150300 4 79
150300 16 84
150600 6 40
150600 15 33
150600 38 45
150600 44 52
150900 5 22
150900 5 72
150900 5 37
150900 22 37
150900 22 72
150900 22 26
150900 26 37
150900 29 53
150900 37 72
150900 37 90
151200 14 85
151200 23 69
151200 23 31
151200 27 75
151200 31 69
151500 9 28
151500 9 63
151800 12 59
151800 20 84
151800 37 58
151800 59 76
152100 53 63
152400 37 84
152700 5 51
152700 5 35
152700 14 39
152700 17 51
152700 27 65
152700 27 72
152700 27 35
152700 27 75
152700 35 37
152700 35 45
152700 35 75
152700 45 58
152700 45 72
152700 51 68
152700 58 72
153000 1 59
153000 1 88
153000 1 84
153000 11 24
153000 12 88
153000 15 88
153000 23 69
153000 24 55
153300 23 30
153300 49 74
153300 49 55
153300 55 74
153300 69 73
153600 5 39
153600 14 58
153600 40 88
153600 49 55
153900 14 58
153900 53 66
154200 5 44
154200 11 44
154200 28 69
154200 29 70
154200 44 51
154500 7 27
154500 27 60
154500 27 57
154500 28 61
154500 29 53
154500 49 74
154500 57 60
154800 79 86
155100 9 19
155100 9 62
155100 9 73
155100 19 73
155100 45 65
155100 62 73
155400 9 63
155400 28 70
155400 28 53
155400 37 65
155400 53 70
155400 61 62
155700 3 85
155700 22 85
156000 29 63
156000 50 86
156300 28 43
156300 39 51
156600 11 44
156600 25 75
156900 1 7
156900 1 27
156900 7 27
156900 14 37
156900 29 53
157200 8 26
157200 26 80
157200 31 58
157200 39 85
157200 80 91
157500 20 35
157500 39 45
157500 42 79
157800 3 14
157800 9 62
157800 9 28
157800 9 44
157800 34 44
157800 44 45
158100 7 16
158100 7 58
158400 17 68
158400 36 50
158700 25 84
158700 64 77
158700 75 79
159000 2 10
159000 6 10
159000 6 12
159000 11 58
159000 16 53
159000 16 70
159000 39 65
159000 44 51
159000 51 58
159000 51 65
159000 53 70
159000 58 65
159000 67 84
159000 79 84
159000 84 86
159300 1 40
159300 2 12
159300 7 40
159300 12 72
159300 58 72
159600 14 18
159600 25 58
159600 29 53
159600 35 75
159600 50 75
159600 53 63
159600 56 60
159900 15 60
160200 7 84
160200 8 26
160200 21 84
160200 31 71
160500 17 18
160500 32 38
160800 8 26
160800 44 51
161100 52 79
161400 7 12
161400 33 84
161400 72 85
161400 79 88
161700 8 26
161700 14 44
162000 9 62
162000 35 75
162300 9 73
162300 35 50
162300 50 86
162300 50 84
162600 21 84
162600 22 85
162900 0 48
162900 9 69
162900 9 43
162900 9 73
162900 15 67
162900 23 69
162900 30 66
162900 44 51
162900 52 75
162900 62 73
162900 69 73
163200 1 12
163200 5 45
163200 9 73
163200 9 62
163500 6 40
163500 12 44
163500 18 68
163500 28 30
163500 64 77
163800 11 24
163800 24 48
164100 37 58
164100 44 51
164400 0 48
164400 8 90
164400 8 16
164400 29 53
164400 29 30
164400 62 73
164700 7 58
164700 24 48
164700 29 53
164700 49 52
165000 3 80
165000 28 53
165000 49 55
165300 28 84
165600 9 62
165600 16 88
165600 23 53
165600 28 73
165600 29 73
165600 35 52
165600 53 73
165900 9 69
165900 9 66
165900 9 62
165900 12 57
165900 27 75
165900 50 74
165900 62 69
165900 80 85
166200 2 15
166200 7 16
166200 7 12
166200 12 16
166500 24 32
166800 8 26
166800 29 53
166800 50 74
166800 53 69
167100 17 18
167100 21 56
167100 21 59
167100 24 48
167100 32 58
167400 7 58
167400 21 84
167400 24 45
167400 56 60
167700 24 48
168000 11 44
168000 63 70
168300 39 58
168300 44 58
168300 49 58
168300 49 79
168300 49 88
168300 79 88
168300 79 84
168600 29 53
168900 28 69
168900 37 82
169200 1 16
169200 8 26
169500 4 79
169500 9 29
169500 27 81
169800 16 76
169800 32 38
170100 0 14
170100 9 62
170100 29 53
170100 37 58
170400 22 64
170400 42 52
170700 23 29
170700 55 74
171000 0 24
171000 32 91
171000 57 60
171300 1 78
171300 29 70
171300 45 65
171600 31 71
171600 44 51
171600 53 63
171900 3 24
171900 15 33
171900 28 29
171900 44 51
171900 53 63
172200 0 14
172200 5 22
172200 5 37
172200 16 45
172200 22 37
172200 22 26
172200 22 34
172200 26 37
172200 26 72
172200 34 37
172200 37 72
172200 40 84
172200 40 78
172200 60 81
172200 60 88
172200 81 88
172500 17 68
172500 50 86
172800 14 58
172800 14 37
172800 22 91
172800 23 30
172800 38 80
172800 85 91
173100 7 76
173400 7 78
173400 20 35
173400 29 73
173400 35 52
173400 56 87
173400 56 84
173400 63 70
173400 84 87
173700 30 66
173700 32 91
173700 34 72
173700 53 63
174000 4 74
174000 24 48
174000 35 75
174300 29 53
174600 11 44
174600 24 48
174900 7 12
174900 38 69
175200 11 44
175200 44 53
175200 53 70
175500 29 53
175500 50 86
175800 22 64
175800 45 85
175800 45 65
175800 65 85
176100 29 53
176400 7 16
176400 29 53
176400 49 52
176700 52 79
177000 9 62
177000 9 19
177000 22 64
177000 24 48
177000 38 44
177300 2 10
177300 2 40
177300 6 10
177300 21 88
177300 44 51
177300 57 88
177600 29 53
177900 9 62
178200 17 18
178200 29 53
178200 36 79
178500 8 26
178500 22 71
178500 38 85
178500 38 90
178500 39 65
178500 58 85
178500 72 90
178800 14 24
179100 12 78
179100 58 65
179100 84 89
179400 29 53
179400 37 58
179700 17 68
179700 28 69
179700 29 53
179700 37 82
179700 44 51
180000 1 16
180000 7 88
180000 9 62
180000 35 79
180000 35 52
180000 35 36
180000 36 79
180000 76 88
180300 35 75
180300 62 73
180600 7 58
180600 15 33
180600 44 52
180900 0 24
180900 17 68
181200 0 24
181200 9 66
181200 23 29
181500 7 76
181500 9 63
181800 3 44
181800 22 64
181800 44 51
181800 45 58
182100 4 50
182100 9 62
182100 23 30
182100 30 44
182100 35 52
182100 46 49
182100 49 86
182100 53 70
182400 17 68
182400 18 34
182400 35 75
182400 35 36
182400 36 75
182700 62 73
183000 15 33
183000 46 76
183000 60 81
183300 16 84
183300 28 73
183300 44 51
183600 17 18
183600 42 43
183600 45 58
183900 29 53
183900 37 58
184200 24 48
184200 26 31
184500 53 70
184800 17 18
184800 45 65
184800 49 52
184800 52 86
185100 24 48
185400 35 52
185700 29 53
185700 35 49
185700 37 84
185700 58 84
186000 1 15
186000 29 63
186000 55 79
186000 56 87
186000 75 79
186300 0 24
186300 21 42
186300 22 38
186300 24 45
186300 25 28
186300 27 57
186300 67 76
186600 8 26
186600 50 74
186900 21 59
187200 19 62
187200 21 56
187200 22 64
187200 77 82
187500 0 51
187500 17 18
187500 26 65
187500 29 53
187500 45 72
187800 9 62
187800 27 88
187800 28 69
187800 29 53
188100 11 23
188400 8 26
188400 14 44
188400 52 79
188700 15 67
188700 30 66
188700 37 58
188700 37 77
188700 52 75
188700 62 73
188700 64 82
188700 65 82
189000 24 59
189000 29 53
189000 45 90
189000 53 63
189300 40 88
189300 55 74
189600 21 69
189600 29 63
189900 5 14
189900 29 70
189900 44 51
190200 23 30
190200 45 72
190200 45 65
190200 49 74
190200 50 86
190200 52 84
190200 65 72
190500 4 48
190500 8 34
190500 8 90
190500 8 58
190500 11 24
190500 27 76
190500 27 81
190500 45 58
190800 7 58
190800 7 25
190800 21 69
190800 25 58
190800 27 76
190800 28 66
190800 75 79
190800 76 78
191100 21 61
191100 22 64
191100 57 88
191400 15 33
191400 23 61
191700 14 32
192000 9 30
192000 12 76
192000 21 56
192000 22 64
192000 38 45
192000 56 76
192300 22 85
192300 46 89
192600 9 62
192600 29 73
192600 29 63
192900 32 80
192900 50 74
193200 37 58
193200 44 52
193500 9 62
193500 9 45
193500 12 57
193500 13 50
193500 14 85
193500 14 24
193500 27 75
193500 45 61
193500 45 83
193500 50 74
193800 16 46
193800 35 84
193800 44 51
193800 57 88
194100 2 10
194100 2 6
194100 6 10
194400 4 86
194400 7 12
194400 9 28
194400 9 63
194400 37 58
194400 52 87
194700 22 50
195000 35 75
195300 23 30
195300 29 53
195300 29 30
195300 35 52
195300 37 84
195300 43 45
195300 44 51
195600 5 47
195600 9 28
195600 9 63
195600 9 69
195600 9 73
195600 9 62
195600 24 48
195600 28 73
195900 3 5
195900 29 73
195900 50 86
196200 17 18
196200 45 65
196500 11 26
196500 35 75
196800 0 24
196800 20 84
196800 35 52
196800 35 84
196800 55 79
196800 56 87
196800 56 84
197100 22 64
197100 35 79
197100 77 82
197400 11 44
197400 24 63
197400 37 82
197400 86 91
197700 3 14
197700 4 86
197700 7 12
197700 9 28
198000 15 33
198000 25 55
198000 56 60
198300 29 53
198600 24 48
198600 28 69
198900 0 14
198900 14 37
198900 17 18
198900 28 30
198900 64 77
199200 5 74
199200 5 37
199200 9 62
199200 9 73
199200 24 48
199200 24 77
199200 24 74
199500 7 84
199500 16 84
199500 25 84
199500 64 77
199800 11 26
199800 35 75
200100 35 75
200100 50 86
200400 14 65
200400 14 45
200400 22 64
200400 29 53
200400 39 58
200400 39 85
200400 46 89
200400 58 85
200400 58 65
200700 9 62
200700 29 53
200700 37 58
200700 50 74
200700 57 88
201000 28 69
201000 30 66
201000 52 75
201300 9 62
201300 17 68
201300 18 68
201600 15 33
201600 23 30
201600 53 63
201900 6 40
201900 7 16
202200 7 78
202200 28 69
202200 28 66
202200 42 51
202200 46 60
202500 8 26
202500 42 43
202500 53 63
202800 9 66
202800 9 62
202800 9 73
202800 11 84
202800 62 73
203100 28 84
203100 39 51
203400 8 83
203400 29 53
203400 44 51
203700 21 46
203700 21 26
203700 24 48
203700 26 31
203700 49 79
203700 75 79
204000 18 37
204000 29 53
204000 35 55
204000 39 72
204000 80 85
204300 9 62
204300 29 69
204300 50 74
204300 53 69
204300 55 79
204600 2 88
204600 7 58
204900 1 88
204900 5 51
204900 7 81
204900 7 88
204900 29 53
204900 39 51
204900 49 67
204900 55 86
205200 9 63
205200 9 73
205200 9 28
205200 9 69
205200 24 48
205200 28 70
205200 37 65
205200 53 70
205200 61 62
205500 5 84
205500 22 77
205500 24 48
205800 52 86
205800 63 70
206100 9 62
206100 29 53
206100 50 74
206100 58 72
206400 28 29
206400 29 53
206400 35 52
206700 9 73
206700 9 62
207000 2 15
207000 23 30
207300 18 22
207300 22 85
207300 28 66
207300 80 85
207600 14 24
207600 50 55
207900 29 63
208200 3 19
208200 3 14
208200 9 14
208200 19 42
208200 29 63
208500 5 37
208500 35 75
208500 35 49
208500 46 57
208800 21 69
208800 58 85
209100 0 14
209100 14 37
209100 17 18
209100 37 82
209400 17 18
209400 29 61
209400 44 51
209700 24 48
209700 66 69
210000 0 48
210000 4 50
210000 9 62
210000 9 73
210000 15 67
210000 52 75
210300 7 12
210300 29 53
210600 7 27
210600 8 17
210600 8 51
210600 8 39
210600 8 14
210600 14 51
210600 14 90
210600 19 51
210600 39 51
210600 51 90
210900 3 65
210900 9 73
210900 17 51
210900 51 68
211200 22 38
211200 25 28
211200 25 53
211200 28 53
211200 53 69
211500 28 69
211800 24 48
212100 12 59
212100 50 86
212100 75 84
212400 35 75
212400 35 52
212400 52 75
212700 29 53
213000 29 63
213300 5 14
213600 14 22
213900 3 53
213900 7 33
213900 11 56
213900 22 32
213900 22 45
213900 28 70
213900 44 51
213900 53 70
213900 53 61
214200 15 33
214200 25 86
214500 11 48
214500 49 84
214500 50 74
214500 75 88
214500 79 88
214800 7 46
214800 17 18
214800 17 68
214800 45 58
215100 5 37
215100 5 13
215100 5 74
215100 9 62
215100 74 81
215400 18 47
215400 18 37
215400 58 65
215700 3 14
215700 21 84
215700 28 73
215700 29 70
215700 45 65
216000 9 63
216000 28 70
216000 35 75
216300 14 58
216300 22 38
216600 28 69
216600 29 70
216600 44 51
216900 24 48
216900 31 32
217200 1 27
217200 1 7
217200 6 27
217200 6 7
217200 27 33
217200 29 63
217200 37 58
217200 44 65
217500 39 58
217500 79 84
217500 79 88
217800 28 70
217800 38 39
218100 7 78
218100 16 25
218100 27 60
218400 7 58
218400 29 53
218400 35 48
218400 55 79
218700 29 63
219000 49 84
219300 22 77
219300 22 64
219600 9 73
219600 29 53
219600 53 73
219900 5 75
220200 19 50
220200 19 75
220200 27 60
220200 35 50
220200 35 75
220200 50 75
220500 58 59
220500 59 76
220500 59 78
220500 60 81
220500 76 88
220800 9 73
220800 16 88
220800 21 69
220800 22 64
220800 53 70
221100 9 30
221100 9 28
221100 9 53
221100 17 18
221100 28 30
221100 28 73
221100 29 53
221100 44 51
221100 50 75
221400 21 76
221400 21 69
221400 22 85
221700 4 86
221700 9 73
221700 9 62
221700 24 48
222000 15 33
222300 8 30
222300 8 90
222300 9 73
222300 15 67
222300 52 75
222300 53 73
222600 3 85
222600 50 86
222900 11 23
223200 14 58
223200 21 61
223500 21 56
223500 36 50
223800 29 53
223800 29 63
223800 45 65
223800 45 85
223800 58 65
224100 9 63
224100 37 77
224400 3 51
224400 3 23
224400 23 49
224400 28 69
224400 42 51
224400 52 75
224400 80 90
224700 24 28
224700 29 53
224700 55 74
224700 76 81
225000 28 53
225000 44 51
225300 49 55
225600 9 73
225900 53 66
226200 14 37
226200 35 87
226200 35 52
226200 44 51
226500 11 57
226500 22 64
226500 29 30
226500 30 63
226500 47 58
226500 56 57
226800 3 5
226800 9 62
226800 9 29
226800 11 24
226800 11 48
226800 18 37
226800 24 48
227100 52 79
227400 29 53
227400 37 58
227400 50 86
227400 51 65
227700 28 84
227700 35 75
227700 39 51
227700 55 75
228000 28 62
228000 28 29
228000 29 53
228300 9 62
228300 15 33
228300 44 52
228300 62 73
228600 14 24
228900 29 69
228900 66 69
229200 8 50
229200 9 62
229200 38 58
229200 38 45
229200 50 75
229500 12 78
229800 12 43
230100 44 51
230100 57 62
230400 4 50
230400 15 67
230400 28 69
230400 30 66
230400 44 51
230400 52 75
230400 55 86
230700 34 84
230700 58 72
230700 80 85
231000 17 68
231000 17 34
231000 34 68
231000 35 75
231000 36 75
231000 75 86
231300 4 36
231300 14 24
231300 27 56
231300 27 60
231300 28 53
231300 29 70
231300 29 53
231300 45 65
231300 65 72
231600 9 62
231600 16 76
231600 17 68
231600 21 61
231600 24 37
231600 35 75
231600 42 75
231600 45 90
231600 55 79
231600 59 76
231900 0 24
231900 17 18
231900 79 87
231900 84 87
232200 25 86
232200 30 53
232200 53 77
232500 7 76
232500 8 26
232500 15 33
232500 23 29
232500 29 53
232500 53 63
232800 0 65
232800 14 65
232800 39 45
233100 12 58
233100 58 72
233100 59 78
233100 65 72
233400 5 18
233700 29 53
233700 37 58
233700 62 69
234000 53 69
234000 61 69
234300 12 42
234600 23 30
234600 29 53
234600 52 86
234600 57 60
234600 74 86
234900 29 53
235200 5 14
235200 9 62
235200 37 58
235200 44 45
235500 22 64
235500 35 79
235500 77 82
235800 49 55
235800 49 86
235800 50 86
235800 52 55
236100 29 53
236100 57 88
236400 9 62
236400 18 90
236400 23 30
236400 50 60
236400 50 57
236400 57 88
236700 9 63
237000 9 62
237000 36 55
237000 36 79
237000 55 79
237300 14 58
237300 21 61
237600 16 84
237600 28 69
237600 32 38
237600 35 50
237600 37 82
237600 37 77
237600 45 65
237900 11 38
237900 23 30
237900 29 53
237900 62 73
237900 84 88
238200 35 52
238200 44 77
238200 56 84
238500 14 24
238500 14 58
238500 24 58
238800 5 11
238800 18 37
238800 29 53
239100 9 53
239100 29 53
239100 37 58
239100 50 86
239100 53 73
239400 5 37
239400 24 48
239400 24 31
239400 31 48
239700 7 58
239700 19 76
239700 21 69
239700 28 73
239700 59 76
240000 19 59
240000 19 76
240000 21 61
240000 24 45
240000 25 47
240000 27 57
240000 28 69
240000 44 51
240000 53 66
240300 7 58
240300 12 15
240300 15 33
240600 0 24
240600 5 34
240600 23 29
240600 29 30
240900 7 88
240900 22 64
240900 59 67
240900 61 66
241200 5 21
241200 21 84
241500 9 62
241500 9 53
241500 12 58
241500 12 44
241500 12 77
241500 39 65
241500 39 58
241500 44 65
241500 53 70
241500 58 65
241800 7 46
241800 17 34
241800 17 18
241800 17 46
241800 32 85
241800 32 38
241800 35 75
241800 64 77
242100 3 72
242100 3 83
242100 14 44
242100 44 51
242400 1 78
242400 9 19
242400 19 42
242400 19 50
242400 33 88
242400 58 72
242400 62 73
242700 55 79
243000 29 53
243300 9 28
243300 9 63
243300 9 69
243300 28 69
243300 28 70
243600 15 60
243600 21 60
243600 85 90
243900 19 78
243900 21 63
243900 29 53
244200 14 22
244200 14 39
244200 21 84
244200 30 90
244200 59 78
244500 35 75
244500 39 58
244500 65 84
244500 79 88
244800 28 69
244800 46 60
244800 49 86
244800 49 55
244800 55 86
245100 11 16
245100 35 51
245100 35 84
245100 40 57
245100 44 51
245100 44 45
245100 45 51
245100 53 70
245100 56 88
245100 57 88
245400 3 14
245400 14 37
245400 16 84
245400 50 75
245700 12 88
245700 22 85
245700 55 74
246000 9 62
246000 9 66
246000 14 48
246000 24 32
246000 50 75
246000 59 76
246300 7 76
246300 12 16
246300 14 37
246300 27 81
246300 35 75
246600 2 28
246600 5 22
246600 22 85
246900 21 69
246900 24 45
247200 5 18
247200 7 88
247200 16 88
247200 28 73
247200 29 53
247200 39 51
247200 49 86
247200 49 55
247200 55 86
247500 6 40
247500 24 45
247500 49 86
247500 57 60
247800 0 24
248100 12 44
248100 17 56
248400 3 5
248400 29 63
248700 9 51
248700 9 39
248700 39 51
249000 8 82
249000 9 19
249000 9 62
249000 22 39
249000 22 64
249000 37 58
249000 38 44
249300 50 74
249600 14 37
249600 37 58
249600 44 51
249900 9 73
249900 28 53
249900 50 74
250200 3 22
250200 11 24
250200 42 79
250200 52 79
250200 55 79
250500 7 27
250500 7 57
250500 27 77
250500 27 58
250500 58 77
250800 37 58
250800 50 86
251100 21 84
251400 21 56
251400 24 48
251700 9 29
251700 11 48
251700 27 81
251700 57 88
252000 8 26
252000 29 53
252000 36 79
252000 36 55
252000 55 79
252300 24 28
252300 29 53
252600 24 69
252600 28 69
252900 29 53
253200 12 44
253200 58 65
253500 15 33
253500 60 81
253500 76 88
253800 7 59
253800 8 90
253800 24 48
253800 79 86
254100 15 33
254100 22 85
254100 22 32
254100 28 66
254100 53 63
254100 58 72
254400 29 70
254700 0 65
254700 0 14
254700 22 64
254700 24 48
254700 44 51
255000 1 7
255000 9 73
255000 9 62
255000 14 51
255000 23 29
255000 28 29
255000 29 53
255000 49 55
255300 26 32
255600 0 14
255600 7 16
255600 8 90
255600 8 60
255600 9 69
255600 17 68
255600 17 18
255900 67 84
256200 0 48
256200 9 73
256200 15 67
256200 52 75
256500 8 26
256500 9 62
256500 9 73
256500 69 73
256800 0 14
256800 18 45
256800 35 52
257100 12 44
257400 9 62
257700 9 62
257700 12 16
257700 35 75
257700 57 60
257700 57 88
257700 58 90
258000 29 53
258000 29 63
258300 23 49
258300 25 49
258300 28 69
258300 37 77
258300 52 75
258300 53 61
258600 4 52
258600 9 73
258600 9 69
258600 9 62
258600 29 53
258600 52 55
258600 55 79
258600 67 76
258900 58 65
258900 76 84
259200 22 85
259500 9 62
259500 11 44
259800 21 76
260100 25 49
260100 55 79
260400 4 50
260400 5 24
260400 7 57
260400 8 26
260400 9 62
260400 13 50
260400 14 90
260400 14 37
260400 32 80
260400 37 90
260700 16 25
260700 52 87
261000 24 45
261000 25 47
261000 27 57
261000 53 70
261300 1 78
261300 3 5
261300 29 63
261600 29 70
261600 44 72
261600 53 70
261900 7 88
262200 9 66
262200 14 24
262200 24 58
262200 28 84
262500 25 87
262800 22 38
262800 29 53
262800 29 30
262800 29 66
262800 30 53
263100 50 86
263400 0 24
263400 42 79
263400 42 44
263400 56 84
263700 28 69
263700 29 53
263700 37 82
263700 44 51
264000 39 72
264300 1 16
264300 2 15
264300 31 71
264300 33 40
264600 3 5
264600 9 29
264600 11 48
264600 11 24
264600 24 48
264600 57 88
264600 74 86
264900 1 88
264900 9 73
264900 23 30
264900 29 63
264900 37 77
264900 62 73
265200 29 53
265500 0 48
265500 4 86
265500 9 63
265500 21 84
265500 52 87
265800 2 15
265800 9 73
265800 9 30
265800 29 63
265800 61 63
266100 50 86
266100 52 84
266100 52 75
266100 59 76
266100 75 84
266400 38 58
266400 59 78
266400 76 78
266700 28 30
267000 1 84
267000 5 18
267000 6 84
267000 7 84
267000 20 84
267000 28 30
267000 29 53
267000 32 38
267000 33 84
267000 67 84
267000 81 84
267000 84 88
267300 9 60
267300 15 33
267300 35 75
267600 69 70
267900 3 5
267900 29 63
268200 15 33
268200 50 86
268200 60 81
268200 76 88
268500 7 78
268500 8 26
268500 14 24
268500 14 64
268500 17 68
268500 29 53
268800 3 14
268800 3 44
268800 9 73
268800 9 19
268800 9 62
268800 11 44
268800 19 73
268800 29 63
268800 62 73
268800 62 66
269100 35 75
269100 35 52
269400 1 65
269400 8 39
269400 8 85
269400 9 62
269400 14 45
269400 29 63
269400 38 45
269400 41 86
269400 50 75
269400 53 70
269400 75 79
269700 7 81
269700 14 45
269700 57 60
270000 52 79
270300 44 51
270300 58 65
270600 14 24
270600 76 78
270900 23 53
270900 28 69
270900 35 52
270900 46 50
270900 50 86
270900 53 70
271200 5 34
271200 5 37
271200 7 27
271200 23 30
271200 30 34
271500 12 58
271500 39 58
271500 79 88
271800 29 63
272100 24 45
272100 29 53
272100 37 58
272100 44 51
272400 17 18
272400 22 32
272400 79 87
272700 7 25
272700 7 16
272700 30 66
272700 61 69
273000 37 58
273000 53 66
273000 53 61
273000 53 70
273000 62 73
273300 7 16
273300 29 53
273300 45 58
273600 24 45
273600 55 79
273600 69 73
273900 6 88
273900 18 37
273900 22 85
273900 23 69
273900 28 62
274200 9 62
274200 17 18
274200 50 86
274200 79 87
274500 56 84
274800 14 72
274800 28 53
275100 8 16
275100 28 69
275400 8 26
275700 3 11
275700 28 76
275700 57 76
276000 22 64
276300 0 24
276300 0 48
276300 9 62
276300 15 67
276300 23 30
276600 21 84
276600 24 48
276600 35 75
276600 55 79
276900 8 58
276900 14 58
276900 19 27
276900 27 50
276900 27 84
276900 27 35
276900 27 52
276900 27 75
276900 35 75
276900 35 38
276900 45 58
276900 58 72
277200 14 58
277200 21 40
277200 47 58
277500 2 88
277500 7 88
277500 40 88
277500 40 84
277500 84 88
277800 9 63
277800 9 28
278100 29 63
278400 5 72
278400 9 62
278400 49 86
