0 11 44
0 24 63
0 37 82
0 86 91
300 34 84
300 58 72
300 80 85
600 1 33
600 1 7
600 5 72
600 24 45
600 37 58
600 58 65
900 5 18
900 12 77
900 12 44
900 12 64
900 24 48
900 39 65
900 44 65
1200 9 73
1500 9 73
1500 35 50
1500 50 86
1500 50 84
1800 44 51
1800 57 62
2100 7 88
2100 9 62
2100 52 75
2400 7 27
2400 27 57
2400 57 60
2700 29 53
3000 1 33
3000 11 72
3000 14 37
3000 64 77
3300 18 22
3300 22 85
3300 28 66
3300 80 85
3600 5 39
3600 8 84
3600 9 31
3600 24 48
3600 29 53
3600 46 84
3900 11 23
4200 15 33
4500 2 15
4500 23 30
4800 7 12
4800 29 53
4800 45 83
4800 50 74
5100 8 26
5100 22 71
5100 38 85
5100 38 90
5100 39 65
5100 58 85
5100 72 90
5400 9 62
5700 50 84
6000 0 14
6000 53 70
6000 60 79
6300 3 58
6300 29 63
6300 37 58
6300 50 75
6600 0 24
6900 7 25
6900 16 25
6900 30 66
7200 16 84
7200 28 69
7200 32 38
7200 35 50
7200 37 82
7200 37 77
7200 45 65
7500 23 29
7500 55 74
7800 17 34
7800 28 70
8100 9 73
8100 9 19
8100 33 88
8100 50 75
8400 0 24
8700 29 53
8700 35 49
8700 37 84
8700 58 84
9000 35 75
9000 35 52
9000 52 75
9300 29 53
9600 28 70
9900 35 52
10200 0 14
10200 9 62
10200 12 32
10200 17 51
10200 21 56
10200 24 45
10200 28 62
10200 56 60
10500 44 51
10500 88 89
10800 18 37
10800 53 70
11100 9 66
11100 9 62
11100 9 73
11100 11 84
11100 62 73
11400 53 63
11700 9 62
11700 22 32
11700 76 78
12000 29 69
12000 66 69
12300 3 44
12300 22 64
12300 44 51
12300 45 58
12600 9 60
12600 15 33
12600 35 75
12900 23 30
12900 24 48
13200 14 58
13200 14 37
13200 22 91
13200 23 30
13200 38 80
13200 85 91
13500 6 40
13500 24 45
13500 49 86
13500 57 60
13800 52 79
14100 11 86
14100 12 86
14100 76 78
14400 67 84
14700 8 26
14700 42 43
14700 53 63
15000 3 22
15000 28 66
15000 28 69
15300 24 48
15300 35 52
15300 39 45
15300 57 62
15600 4 79
15600 9 29
15600 27 81
15900 5 24
15900 5 65
15900 9 66
15900 9 13
15900 24 32
15900 57 60
16200 5 37
16200 35 75
16200 35 49
16200 46 57
16500 1 40
16500 2 12
16500 7 40
16500 12 72
16500 58 72
16800 9 19
16800 9 62
16800 9 73
16800 19 73
16800 45 65
16800 62 73
17100 1 59
17100 29 53
17100 75 79
17400 9 73
17400 28 53
17400 50 74
17700 24 48
17700 29 53
17700 35 75
18000 9 62
18000 16 84
18000 24 48
18300 20 31
18300 24 31
18300 24 48
18300 31 48
18300 71 83
18600 22 64
18600 24 48
18600 44 51
18600 52 87
18600 77 82
18900 17 18
18900 18 68
18900 24 48
18900 32 58
19200 35 52
19200 44 77
19200 56 84
19500 22 64
19500 24 48
19500 77 82
19800 27 60
19800 29 63
20100 11 44
20100 63 70
20400 21 61
20400 22 64
20400 57 88
20700 5 18
20700 7 88
20700 16 88
20700 28 73
20700 29 53
20700 39 51
20700 49 86
20700 49 55
20700 55 86
21000 5 72
21000 29 69
21000 29 53
21000 50 74
21000 53 69
21000 55 79
21300 7 78
21300 29 53
21600 0 24
21600 5 24
21600 39 58
21600 79 88
21900 7 25
21900 9 66
21900 22 64
22200 29 53
22200 37 58
22500 29 63
22500 50 86
22800 52 79
23100 29 70
23400 6 40
23400 12 44
23400 18 68
23400 28 30
23400 64 77
23700 14 24
23700 28 84
23700 39 51
24000 17 84
24000 24 28
24000 29 53
24300 5 37
24300 24 48
24300 24 31
24300 31 48
24600 11 16
24600 35 51
24600 35 84
24600 40 57
24600 44 51
24600 44 45
24600 45 51
24600 53 70
24600 56 88
24600 57 88
24900 0 14
24900 14 37
24900 17 18
24900 37 82
25200 22 64
25200 28 73
25500 4 50
25500 4 52
25500 14 24
25500 21 69
25500 29 53
25800 29 53
25800 30 62
25800 49 52
26100 7 58
26100 19 76
26100 21 69
26100 28 73
26100 59 76
26400 14 37
26400 37 58
26400 44 51
26700 6 40
27000 3 14
27000 3 44
27000 9 73
27000 9 19
27000 9 62
27000 11 44
27000 19 73
27000 29 63
27000 62 73
27000 62 66
27300 24 48
27300 28 69
27600 21 69
27600 58 85
27900 2 10
27900 6 10
27900 6 12
27900 11 58
27900 16 53
27900 16 70
27900 39 65
27900 44 51
27900 51 58
27900 51 65
27900 53 70
27900 58 65
27900 67 84
27900 79 84
27900 84 86
28200 12 58
28200 39 58
28200 79 88
28500 11 24
28800 11 23
28800 23 69
28800 45 58
29100 0 48
29100 9 63
29100 32 71
29400 9 28
29400 15 60
29400 16 76
29400 28 62
29400 35 50
29400 38 90
29400 39 65
29400 50 75
29400 85 90
29700 0 48
29700 9 62
29700 15 67
29700 16 59
29700 24 48
29700 28 30
29700 28 69
29700 44 51
29700 52 75
29700 62 73
30000 28 62
30000 29 53
30000 45 85
30000 45 65
30300 7 33
30300 58 72
30300 64 77
30600 15 33
30900 11 23
30900 23 69
30900 53 63
31200 7 46
31200 17 34
31200 17 18
31200 17 46
31200 32 85
31200 32 38
31200 35 75
31200 64 77
31500 28 53
31500 44 51
31800 35 75
31800 76 84
32100 49 55
32100 49 86
32100 50 86
32100 52 55
32400 29 53
32400 69 70
32700 15 33
33000 7 16
33000 29 53
33000 49 52
33300 22 64
33300 42 52
33600 3 11
33600 28 76
33600 57 76
33900 35 75
33900 44 51
34200 0 48
34200 0 14
34200 9 62
34200 18 68
34200 28 29
34500 9 73
34500 49 73
34500 50 86
34500 57 60
34800 8 26
34800 9 28
34800 9 62
34800 22 64
34800 28 73
35100 28 84
35100 39 51
35400 11 44
35400 11 30
35400 24 48
35700 23 69
35700 23 30
35700 29 53
35700 30 63
35700 30 53
36000 29 53
36300 28 66
36600 16 61
36600 23 53
36600 28 69
36600 30 53
36900 8 26
36900 42 59
36900 53 63
37200 14 24
37200 22 77
37500 1 84
37500 5 18
37500 15 88
37500 15 40
37500 15 84
37500 18 32
37500 22 32
37500 23 69
37500 28 30
37500 29 53
37500 59 88
37500 59 84
37500 62 75
37500 81 84
37500 84 88
37800 9 63
37800 37 77
38100 2 10
38100 10 16
38100 10 33
38100 11 84
38100 12 44
38100 24 31
38100 39 51
38100 51 58
38100 58 65
38400 3 85
38400 50 86
38700 24 44
38700 29 63
39000 0 24
39000 4 84
39000 35 52
39000 55 79
39300 5 72
39300 5 37
39300 5 22
39300 18 72
39300 22 37
39300 22 72
39300 22 26
39300 26 72
39300 26 37
39300 26 71
39300 28 73
39300 37 72
39600 5 14
39600 9 62
39600 37 58
39600 44 45
39900 11 23
39900 17 18
39900 23 69
39900 35 74
39900 62 73
40200 0 14
40500 29 63
40800 29 53
41100 5 75
41400 7 58
41400 24 35
41400 29 53
41400 49 52
41400 55 79
41700 9 29
41700 29 62
41700 29 63
41700 62 73
41700 63 66
42000 3 14
42000 4 86
42000 7 12
42000 9 28
42300 3 85
42300 22 85
42600 2 15
42600 2 33
42600 9 73
42600 9 62
42600 15 72
42600 29 63
42600 50 75
42600 58 86
42600 58 78
42600 58 59
42600 59 78
42600 72 86
42600 72 78
42600 72 75
42600 75 86
42900 22 64
42900 24 48
42900 44 51
42900 77 82
43200 14 72
43200 28 53
43500 28 69
43500 30 53
43500 53 70
43800 1 12
43800 9 73
43800 9 62
43800 51 71
44100 1 88
44100 1 59
44100 22 32
44400 21 84
44700 7 58
44700 7 25
44700 21 69
44700 25 58
44700 27 76
44700 28 66
44700 75 79
44700 76 78
45000 18 37
45000 23 30
45000 38 91
45300 15 33
45300 23 61
45600 7 25
45600 28 69
45900 14 48
45900 14 24
45900 24 48
45900 53 63
46200 38 58
46200 59 78
46200 76 78
46500 1 59
46500 1 88
46500 1 84
46500 11 24
46500 12 88
46500 15 88
46500 23 69
46500 24 55
46800 4 79
46800 37 58
46800 75 79
47100 9 53
47100 29 53
47100 37 58
47100 50 86
47100 53 73
47400 3 51
47400 3 23
47400 23 49
47400 28 69
47400 42 51
47400 52 75
47400 80 90
47700 5 85
47700 76 78
48000 14 24
48000 76 78
48300 15 33
48300 60 81
48300 76 88
48600 12 88
48600 17 18
48600 55 74
48900 23 30
48900 45 72
48900 45 65
48900 49 74
48900 50 86
48900 52 84
48900 65 72
49200 3 5
49200 9 62
49200 9 29
49200 11 24
49200 11 48
49200 18 37
49200 24 48
49500 9 62
49800 39 72
50100 29 53
50400 29 63
50700 19 59
50700 19 76
50700 21 61
50700 24 45
50700 25 47
50700 27 57
50700 28 69
50700 44 51
50700 53 66
51000 1 7
51000 9 73
51000 9 62
51000 14 51
51000 23 29
51000 28 29
51000 29 53
51000 49 55
51300 27 73
51300 29 53
51300 37 84
51300 49 86
51300 49 50
51600 12 44
51600 58 65
51900 9 62
51900 53 63
52200 3 68
52200 29 63
52500 8 26
52500 14 44
52800 28 84
52800 39 51
53100 8 26
53100 9 62
53100 21 84
53400 19 86
53700 24 48
53700 31 32
54000 24 48
54300 26 52
54300 29 53
54600 14 39
54600 14 58
54900 3 5
54900 9 29
54900 11 48
54900 11 24
54900 24 48
54900 57 88
54900 74 86
55200 9 63
55200 9 28
55200 61 62
55500 29 53
55500 37 77
55800 42 86
55800 55 86
56100 11 84
56100 12 84
56100 16 33
56100 29 53
56100 42 43
56100 49 84
56100 49 58
56100 49 64
56100 58 84
56100 64 77
56100 79 88
56400 26 32
56700 22 85
56700 76 78
57000 27 60
57000 29 63
57000 37 58
57000 50 75
57300 15 60
57600 11 84
57600 14 71
57600 37 58
57600 50 86
57900 17 68
57900 28 45
57900 44 45
58200 9 62
58500 39 58
58500 44 58
58500 49 58
58500 49 79
58500 49 88
58500 79 88
58500 79 84
58800 9 62
59100 28 53
59400 7 78
59400 7 59
59400 20 52
59400 20 35
59400 25 35
59400 28 40
59400 28 73
59400 35 52
59400 35 84
59400 35 87
59400 40 84
59400 42 79
59400 52 84
59400 56 87
59400 56 84
59700 28 29
59700 29 53
59700 35 52
60000 8 26
60000 28 70
60300 9 62
60300 9 17
60300 24 48
60300 76 88
60600 29 53
60600 57 88
60900 24 48
60900 31 91
60900 66 69
61200 9 62
61200 12 16
61200 35 75
61200 57 60
61200 57 88
61200 58 90
61500 2 39
61500 5 48
61500 12 48
61500 12 14
61500 12 20
61500 14 20
61500 14 58
61500 14 78
61500 20 58
61500 20 78
61500 24 87
61500 29 39
61500 31 58
61500 58 78
61800 9 66
61800 9 62
61800 30 66
61800 50 74
61800 58 72
62100 12 64
62100 12 45
62100 12 58
62100 17 18
62100 18 68
62100 34 58
62100 64 77
62400 3 5
62400 29 73
62400 50 86
62700 2 15
62700 9 73
62700 17 18
62700 35 75
63000 9 63
63000 28 70
63000 28 53
63000 37 65
63000 53 70
63000 61 62
63300 21 56
63300 24 48
63600 9 62
63600 29 53
63900 1 59
63900 6 88
63900 32 38
64200 29 70
64200 44 72
64200 53 70
64500 0 45
64500 4 86
64500 29 91
64500 29 53
64500 53 63
64800 21 69
64800 29 63
65100 50 86
65400 0 14
65400 8 54
65400 8 32
65400 8 26
65400 22 91
65400 25 39
65400 39 51
65700 79 86
66000 5 11
66000 14 48
66000 28 73
66000 29 53
66000 39 51
66000 61 71
66000 70 73
66300 11 44
66300 19 28
66300 25 86
66300 35 75
66300 35 52
66300 45 65
66300 52 75
66600 3 5
66600 29 63
66900 29 53
67200 7 27
67500 8 26
67500 26 32
67500 38 90
67500 38 85
67500 58 90
67500 58 85
67500 85 90
67800 0 14
67800 5 22
67800 5 37
67800 16 45
67800 22 37
67800 22 26
67800 22 34
67800 26 37
67800 26 72
67800 34 37
67800 37 72
67800 40 84
67800 40 78
67800 60 81
67800 60 88
67800 81 88
68100 1 7
68100 1 27
68100 7 27
68100 14 37
68100 29 53
68400 29 63
68400 37 77
68400 55 86
68700 14 58
68700 53 66
69000 11 58
69000 27 64
69000 28 53
69000 53 70
69000 85 90
69300 0 48
69300 4 50
69300 9 73
69300 9 62
69300 15 67
69300 52 75
69300 53 66
69600 21 46
69600 24 48
69600 26 31
69600 75 79
69900 3 5
69900 29 63
70200 7 84
70200 8 26
70200 21 84
70200 31 71
70500 9 62
70800 8 58
70800 14 58
70800 19 27
70800 27 50
70800 27 84
70800 27 35
70800 27 52
70800 27 75
70800 35 75
70800 35 38
70800 45 58
70800 58 72
71100 9 73
71100 16 88
71100 21 69
71100 22 64
71100 53 70
71400 24 48
71400 29 30
71400 30 63
71400 47 58
71700 7 84
71700 24 84
71700 27 84
71700 33 84
71700 51 58
72000 9 73
72000 28 84
72000 28 76
72000 76 84
72300 3 5
72300 3 22
72300 5 18
72300 11 24
72300 18 22
72300 22 64
72300 55 79
72600 12 44
72600 12 58
72600 12 77
72600 24 48
72600 58 65
72900 23 69
73200 17 18
73500 0 48
73500 8 90
73500 9 80
73500 9 30
73500 15 67
73500 24 48
73500 30 53
73500 53 73
73500 53 62
73800 17 68
74100 21 84
74100 30 66
74100 55 86
74400 45 72
74700 15 33
74700 25 55
74700 56 60
75000 50 74
75000 53 69
75300 7 21
75300 7 78
75300 17 68
75300 21 78
75300 29 53
75300 36 50
75600 17 18
75600 35 75
75600 39 90
75900 1 6
75900 1 59
75900 1 88
75900 7 81
75900 29 53
76200 34 84
76200 35 75
76200 55 74
76200 67 84
76500 8 26
76500 14 44
76500 52 79
76800 9 73
76800 29 69
76800 29 53
76800 37 58
76800 50 74
76800 53 69
77100 3 37
77100 8 26
77100 22 37
77100 23 30
77100 29 63
77100 37 90
77400 22 32
77700 15 33
77700 22 85
77700 28 66
77700 44 51
77700 53 63
78000 24 58
78000 32 80
78000 67 76
78300 2 88
78300 7 88
78300 40 88
78300 40 84
78300 84 88
78600 37 84
78900 6 40
78900 9 62
78900 35 49
78900 55 74
79200 3 65
79200 9 73
79200 17 51
79200 51 68
79500 62 73
79800 7 76
79800 12 16
79800 14 37
79800 27 81
79800 35 75
80100 5 39
80100 35 87
80100 35 86
80100 35 52
80400 7 16
80400 7 25
80400 16 25
80700 29 53
80700 53 70
80700 59 76
81000 9 62
81000 29 73
81000 29 63
81300 5 85
81300 5 72
81300 55 86
81300 72 80
81300 80 85
81600 28 69
81900 9 23
81900 9 62
82200 9 73
82200 14 24
82200 59 76
82500 9 62
82500 29 53
82500 37 58
82500 50 74
82500 57 88
82800 2 15
82800 7 16
82800 7 12
82800 12 16
83100 28 69
83400 42 51
83400 46 60
83400 53 70
83700 14 58
83700 25 79
84000 5 11
84000 8 85
84000 9 62
84000 12 29
84000 22 51
84000 29 53
84000 38 45
84000 40 41
84000 50 75
84000 61 90
84300 24 69
84300 28 69
84600 22 80
84600 28 69
84600 53 70
84900 6 58
84900 6 7
84900 7 58
84900 8 14
84900 9 62
84900 14 37
84900 35 75
85200 58 65
85500 53 66
85800 11 48
85800 12 49
85800 49 67
85800 58 65
85800 60 89
86100 29 53
86100 52 87
86400 9 62
86400 23 53
86400 23 73
86400 28 53
86400 28 73
86400 29 53
86400 39 51
86700 3 14
86700 19 24
86700 24 48
86700 53 70
87000 5 21
87000 21 84
87300 24 48
87600 6 40
87600 15 33
87600 38 45
87600 44 52
87900 3 18
87900 7 58
87900 15 33
88200 5 14
88200 37 58
88500 12 44
88500 17 56
88800 24 32
89100 29 53
89100 51 65
89400 15 67
89400 30 66
89400 37 58
89400 37 77
89400 52 75
89400 62 73
89400 64 82
89400 65 82
89700 14 44
89700 14 22
90000 0 48
90000 4 50
90000 9 62
90000 9 73
90000 15 67
90000 52 75
90300 29 63
90600 19 73
90600 29 63
90600 56 84
90900 3 72
90900 22 32
90900 52 79
90900 62 73
90900 79 86
91200 3 5
91200 29 63
91200 29 73
91200 50 88
91500 37 58
91500 44 52
91800 9 69
91800 9 66
91800 9 62
91800 12 57
91800 27 75
91800 50 74
91800 62 69
91800 80 85
92100 3 45
92400 9 62
92400 14 24
92400 19 58
92400 21 69
92400 25 79
92400 39 51
92400 51 65
92400 58 72
92400 65 72
92400 66 70
92700 9 73
92700 9 62
92700 17 18
92700 50 74
92700 53 69
93000 0 14
93300 9 62
93300 11 44
93600 7 27
93600 27 60
93600 27 57
93600 28 61
93600 29 53
93600 49 74
93600 57 60
93900 3 80
93900 28 53
93900 49 55
94200 29 53
94500 29 53
94500 29 63
94800 67 84
95100 22 38
95100 29 53
95100 29 30
95100 29 66
95100 30 53
95400 52 86
95400 63 70
95700 9 62
95700 9 66
95700 14 48
95700 24 32
95700 50 75
95700 59 76
96000 24 58
96000 28 84
96000 28 62
96300 44 51
96300 55 79
96600 2 10
96600 2 6
96600 3 14
96600 6 10
96600 11 14
96600 14 34
96600 27 46
96600 44 51
96900 5 14
96900 6 88
96900 14 24
96900 28 30
97200 0 14
97200 41 79
97200 53 69
97200 77 82
97500 7 84
97500 44 65
97500 58 65
97800 4 87
97800 9 62
97800 22 85
97800 29 53
97800 36 50
97800 84 89
98100 11 44
98400 7 58
98400 24 48
98400 29 53
98400 49 52
98700 9 29
98700 14 48
98700 53 66
99000 35 75
99300 1 78
99300 3 5
99300 29 63
99600 1 78
99600 29 70
99600 45 65
99900 9 62
99900 9 45
99900 12 57
99900 13 50
99900 14 85
99900 14 24
99900 27 75
99900 45 61
99900 45 83
99900 50 74
100200 24 48
100500 5 18
100800 44 51
100800 77 82
101100 11 24
101100 49 55
101400 9 73
101400 24 28
101400 29 53
101700 29 53
101700 37 58
101700 44 51
101700 67 76
102000 0 65
102000 0 14
102000 22 64
102000 24 48
102000 44 51
102300 7 78
102300 8 26
102300 14 24
102300 14 64
102300 17 68
102300 29 53
102600 22 64
102600 24 48
102900 9 73
102900 63 70
103200 8 26
103200 21 61
103200 22 64
103500 55 79
103500 75 79
103800 9 30
103800 9 28
103800 9 53
103800 17 18
103800 28 30
103800 28 73
103800 29 53
103800 44 51
103800 50 75
104100 14 24
104100 21 69
104100 29 53
104100 85 91
104400 15 33
104400 46 76
104400 60 81
104700 7 12
104700 22 32
105000 18 37
105000 29 53
105000 35 55
105000 39 72
105000 80 85
105300 14 47
105300 45 72
105600 29 53
105900 45 58
105900 45 72
105900 63 70
106200 2 28
106200 5 22
106200 22 85
106500 11 38
106500 23 30
106500 29 53
106500 62 73
106500 84 88
106800 22 64
107100 35 75
107100 62 73
107400 0 14
107400 7 16
107400 8 90
107400 8 60
107400 9 69
107400 17 68
107400 17 18
107700 2 28
107700 5 22
107700 23 61
108000 12 60
108000 19 75
108000 35 75
108000 35 50
108000 50 75
108000 50 52
108000 52 75
108300 7 50
108600 39 58
108600 79 84
108600 79 88
108900 29 53
108900 37 58
108900 62 69
109200 1 88
109200 5 51
109200 7 81
109200 7 88
109200 29 53
109200 39 51
109200 49 67
109200 55 86
109500 37 58
109500 44 51
109800 34 84
109800 35 75
109800 35 50
109800 37 84
109800 50 86
109800 75 86
110100 7 78
110100 20 35
110100 29 73
110100 35 52
110100 56 87
110100 56 84
110100 63 70
110100 84 87
110400 17 18
110400 29 63
110700 1 88
110700 9 62
110700 9 69
110700 9 66
110700 27 88
110700 28 69
110700 29 30
110700 30 66
111000 1 76
111000 37 58
111300 19 78
111300 21 63
111300 29 53
111600 28 84
111900 35 75
111900 39 58
111900 65 84
111900 79 88
112200 17 68
112200 29 53
112200 35 49
112200 57 60
112500 29 53
112800 15 33
112800 25 86
113100 9 62
113100 18 90
113100 23 30
113100 50 60
113100 50 57
113100 57 88
113400 2 15
113400 17 18
113400 35 75
113400 79 87
113700 35 75
113700 45 65
113700 56 86
113700 56 84
113700 84 86
114000 17 18
114000 22 58
114000 22 32
114000 32 58
114300 7 27
114300 8 17
114300 8 51
114300 8 39
114300 8 14
114300 14 51
114300 14 90
114300 19 51
114300 39 51
114300 51 90
114600 28 29
114600 49 86
114900 22 64
114900 28 57
114900 37 58
115200 9 62
115200 9 19
115200 12 58
115200 14 37
115200 19 44
115200 21 61
115200 22 64
115200 29 53
115200 44 45
115200 44 58
115200 44 60
115200 53 63
115500 1 76
115500 19 76
115500 22 64
115500 35 79
115500 77 82
115800 5 37
115800 5 34
115800 7 27
115800 7 88
115800 27 88
115800 34 37
116100 5 72
116100 9 62
116100 49 86
116400 7 25
116400 9 72
116400 22 64
116400 35 52
116700 0 14
116700 7 16
116700 8 60
116700 15 67
117000 12 77
117000 12 84
117000 26 32
117000 77 84
117300 21 69
117300 21 61
117300 61 69
117600 24 58
117900 0 24
117900 0 14
117900 14 24
117900 14 48
117900 22 77
117900 24 48
117900 45 48
118200 9 62
118200 39 51
118500 0 51
118500 17 18
118500 26 65
118500 29 53
118500 45 72
118800 7 84
118800 35 86
118800 35 50
118800 37 80
118800 37 50
118800 38 86
118800 50 75
118800 50 80
119100 9 62
119100 24 31
119100 24 48
119100 31 48
119400 1 6
119400 1 33
119400 1 40
119400 1 10
119400 1 16
119400 2 10
119400 5 39
119400 6 40
119400 6 10
119400 10 40
119400 10 38
119400 10 16
119400 12 44
119400 12 77
119400 16 33
119400 24 48
119400 33 40
119400 38 45
119400 38 85
119400 45 85
119700 9 63
119700 9 73
119700 9 28
119700 9 69
119700 24 48
119700 28 70
119700 37 65
119700 53 70
119700 61 62
120000 7 88
120000 9 62
120000 29 53
120300 7 78
120300 28 69
120300 28 66
120300 42 51
120300 46 60
120600 0 24
120600 5 34
120600 23 29
120600 29 30
120900 4 55
121200 1 84
121200 5 18
121200 6 84
121200 7 84
121200 20 84
121200 28 30
121200 29 53
121200 32 38
121200 33 84
121200 67 84
121200 81 84
121200 84 88
121500 7 12
121500 22 91
121500 24 32
121500 33 84
121500 79 88
121500 85 91
121800 69 70
122100 14 37
122100 17 68
122400 21 28
122400 29 53
122400 67 78
122700 35 75
122700 50 86
123000 29 53
123300 0 24
123300 42 79
123300 42 44
123300 56 84
123600 15 33
123900 32 85
123900 50 86
124200 9 63
124200 28 70
124200 35 75
124500 15 27
124500 23 30
124500 29 71
124500 37 58
124800 14 18
124800 25 58
124800 29 53
124800 35 75
124800 50 75
124800 53 63
124800 56 60
125100 17 68
125100 36 50
125400 9 62
125400 15 33
125400 44 52
125400 62 73
125700 28 70
126000 1 16
126000 2 6
126000 2 10
126000 6 40
126000 6 27
126000 6 10
126000 10 16
126000 10 40
126000 12 77
126000 12 44
126000 16 33
126000 17 18
126000 24 48
126000 27 40
126000 27 46
126000 27 65
126000 27 57
126000 39 65
126000 46 56
126000 46 57
126300 11 23
126600 14 22
126900 5 72
126900 5 37
126900 22 26
126900 22 37
126900 22 72
126900 26 37
126900 26 72
126900 29 53
126900 37 72
126900 53 63
127200 22 77
127200 22 64
127500 23 53
127500 28 69
127500 35 52
127500 46 50
127500 50 86
127500 53 70
127800 17 18
127800 45 65
127800 49 52
127800 52 86
128100 15 33
128100 50 86
128100 60 81
128100 76 88
128400 2 15
128400 2 3
128400 2 48
128400 15 48
128400 24 48
128400 24 49
128400 35 75
128400 48 49
128700 29 53
128700 37 58
128700 50 86
128700 51 65
129000 7 88
129300 4 86
129300 52 86
129600 0 24
129600 19 42
129600 19 50
129600 20 35
129600 22 32
129600 55 79
129600 84 87
129900 49 55
129900 50 86
130200 29 53
130500 11 44
130500 24 48
130800 0 45
130800 29 53
130800 37 58
130800 37 47
131100 5 18
131100 12 77
131100 12 64
131100 24 48
131100 64 77
131400 14 24
131400 14 58
131400 24 58
131700 9 46
131700 55 84
132000 5 14
132000 29 70
132000 44 51
132300 9 62
132300 29 53
132300 50 74
132300 58 72
132600 30 66
132600 32 91
132600 34 72
132600 53 63
132900 11 48
132900 22 32
132900 58 65
133200 23 30
133200 29 53
133200 29 30
133200 35 52
133200 37 84
133200 43 45
133200 44 51
133500 3 24
133500 14 45
133500 24 29
133500 24 53
133500 24 28
133500 29 53
133500 44 51
133800 9 73
133800 29 63
134100 6 40
134100 9 73
134100 9 61
134100 50 86
134400 3 14
134400 7 88
134400 9 63
134400 9 28
134700 0 14
134700 14 37
134700 17 18
134700 28 30
134700 64 77
135000 14 24
135300 14 71
135300 44 51
135300 50 86
135600 4 50
135600 5 24
135600 7 57
135600 8 26
135600 9 62
135600 13 50
135600 14 90
135600 14 37
135600 32 80
135600 37 90
135900 1 16
135900 8 26
136200 3 22
136200 11 24
136200 42 79
136200 52 79
136200 55 79
136500 5 85
136500 5 80
136500 21 84
136500 28 69
136800 7 58
136800 15 33
136800 44 52
137100 17 18
137100 45 65
137400 37 84
137400 49 86
137400 50 74
137400 58 84
137700 3 72
137700 22 38
137700 22 32
138000 12 56
138000 56 58
138300 17 34
138600 19 62
138600 21 56
138600 22 64
138600 77 82
138900 1 7
138900 7 40
138900 33 59
139200 12 44
139500 9 62
139500 16 88
139500 23 53
139500 28 73
139500 29 73
139500 35 52
139500 53 73
139800 14 58
139800 21 40
139800 47 58
140100 24 48
140100 37 58
140400 8 26
140400 53 63
140700 25 88
140700 29 53
140700 38 51
140700 45 58
140700 51 72
141000 9 66
141000 14 24
141000 24 58
141000 28 84
141300 25 86
141300 30 53
141300 53 77
141600 5 39
141600 14 58
141600 40 88
141600 49 55
141900 9 28
141900 9 69
141900 9 63
141900 17 68
141900 28 73
141900 28 70
141900 28 30
141900 28 69
141900 30 62
141900 35 75
141900 53 62
141900 53 70
141900 61 62
142200 8 26
142200 29 53
142200 50 74
142200 53 69
142500 7 78
142500 16 25
142500 27 60
142800 29 53
142800 35 75
142800 42 50
143100 3 80
143400 29 53
143400 39 51
143400 53 63
143400 53 69
143400 66 69
143700 23 29
143700 29 63
143700 31 71
143700 52 79
144000 9 62
144000 35 75
144300 20 35
144300 29 61
144300 39 45
144300 42 79
144300 52 84
144300 56 84
144300 84 87
144600 16 84
144600 28 73
144600 44 51
144900 15 33
144900 49 50
145200 14 65
145200 14 45
145200 22 64
145200 29 53
145200 39 58
145200 39 85
145200 46 89
145200 58 85
145200 58 65
145500 12 78
145500 58 65
145500 84 89
145800 35 75
145800 35 52
146100 29 53
146100 37 58
146400 55 79
146700 7 76
146700 8 26
146700 15 33
146700 23 29
146700 29 53
146700 53 63
147000 21 69
147000 29 63
147300 12 58
147300 58 72
147300 59 78
147300 65 72
147600 4 74
147600 24 48
147600 35 75
147900 45 65
148200 7 25
148200 19 79
148200 21 79
148200 21 61
148200 24 48
148200 24 45
148200 28 69
148200 61 66
148200 79 87
148500 5 74
148500 5 37
148500 9 62
148500 9 73
148500 24 48
148500 24 77
148500 24 74
148800 40 88
148800 55 74
149100 18 90
149100 23 30
149100 35 75
149100 46 84
149100 50 86
149100 50 60
149100 57 88
149100 62 73
149400 9 62
149400 77 82
149700 4 86
149700 7 12
149700 9 28
149700 9 63
149700 37 58
149700 52 87
150000 15 33
150000 23 30
150000 53 63
150300 0 14
150300 16 59
150300 53 69
150600 8 26
150600 23 30
150600 23 53
150600 29 53
150600 30 53
150600 39 58
150900 11 26
150900 35 75
151200 17 18
151200 22 32
151200 79 87
151200 84 87
151500 21 69
151500 21 61
151500 24 45
151500 30 66
151500 69 73
151800 7 16
151800 7 58
152100 15 33
152100 22 85
152100 22 32
152100 28 66
152100 53 63
152100 58 72
152400 14 24
152400 29 63
152400 35 75
152400 59 76
152700 7 86
153000 21 69
153000 29 53
153000 75 79
153300 5 22
153300 23 61
153600 45 83
153600 55 79
153600 58 72
153600 58 85
153600 80 85
153900 15 60
153900 21 60
153900 85 90
154200 12 59
154200 20 84
154200 37 58
154200 59 76
154500 0 14
154500 9 62
154500 29 53
154500 37 58
154800 5 47
154800 9 28
154800 9 63
154800 9 69
154800 9 73
154800 9 62
154800 24 48
154800 28 73
155100 3 24
155100 15 33
155100 28 29
155100 44 51
155100 53 63
155400 9 73
155400 9 62
155400 50 74
155700 7 84
155700 16 84
155700 25 84
155700 64 77
156000 53 62
156000 76 78
156300 3 19
156300 3 14
156300 9 14
156300 19 42
156300 29 63
156600 8 26
156600 29 53
156600 36 79
156600 36 55
156600 55 79
156900 14 37
156900 35 87
156900 35 52
156900 44 51
157200 0 24
157200 32 91
157200 57 60
157500 2 15
157500 9 73
157500 9 30
157500 29 63
157500 61 63
157800 24 45
157800 29 53
157800 44 51
158100 14 50
158100 22 64
158100 30 66
158100 44 86
158400 3 83
158400 50 74
158700 1 16
158700 1 59
158700 15 16
158700 16 59
158700 49 55
158700 55 79
159000 21 27
159000 21 59
159000 34 45
159000 54 71
159300 7 76
159600 0 48
159600 8 90
159600 29 53
159900 9 62
159900 29 69
159900 50 74
159900 53 69
159900 55 79
160200 49 55
160500 17 18
160500 29 61
160500 44 51
160800 0 24
160800 21 42
160800 22 38
160800 24 45
160800 25 28
160800 27 57
160800 67 76
161100 29 53
161400 24 48
161400 46 84
161400 74 79
161700 32 38
162000 44 86
162000 58 65
162300 3 44
162300 5 72
162300 7 58
162300 9 23
162600 0 14
162600 0 3
162600 3 14
162600 7 78
162900 14 48
162900 23 30
162900 24 48
162900 39 58
162900 45 58
162900 45 72
162900 58 72
163200 9 63
163200 9 73
163500 19 50
163500 19 75
163500 27 60
163500 35 50
163500 35 75
163500 50 75
163800 12 59
163800 50 86
163800 75 84
164100 14 24
164100 50 55
164400 21 84
164400 23 29
164400 51 65
164700 2 15
164700 9 73
164700 20 40
164700 40 75
164700 44 70
165000 9 62
165000 9 19
165000 22 64
165000 24 48
165000 38 44
165300 25 87
165600 11 44
165600 25 75
165900 24 48
165900 42 43
165900 44 45
165900 48 49
165900 53 70
165900 79 88
166200 3 18
166200 9 62
166200 18 65
166200 29 53
166500 6 40
166500 9 30
166500 9 29
166500 28 29
166500 28 53
166500 29 53
166800 25 36
166800 53 63
167100 8 85
167100 8 37
167100 9 62
167100 21 61
167100 59 76
167400 0 24
167400 20 84
167400 35 52
167400 35 84
167400 55 79
167400 56 87
167400 56 84
167700 0 48
167700 9 73
167700 15 67
167700 52 75
168000 24 28
168000 29 53
168300 30 53
168300 58 72
168600 29 53
168900 9 73
168900 11 23
168900 17 18
168900 22 85
169200 2 10
169200 2 6
169200 6 10
169500 7 12
169500 23 29
169800 5 18
169800 5 11
169800 62 73
170100 8 26
170100 26 80
170100 31 58
170100 39 85
170100 80 91
170400 12 88
170400 22 85
170400 55 74
170700 1 84
170700 1 59
170700 6 84
170700 9 73
170700 20 84
170700 28 69
170700 67 84
170700 84 88
171000 7 12
171000 29 53
171300 9 73
171300 45 70
171300 52 84
171300 53 70
171600 31 71
171900 8 82
171900 9 19
171900 9 62
171900 22 39
171900 22 64
171900 37 58
171900 38 44
172200 2 10
172200 2 40
172200 6 10
172200 21 88
172200 44 51
172200 57 88
172500 7 12
172500 38 69
172800 22 64
172800 24 48
172800 77 82
173100 2 88
173100 7 58
173400 1 16
173400 2 15
173400 31 71
173400 33 40
173700 24 48
173700 26 31
173700 35 75
173700 37 91
174000 2 15
174000 5 11
174000 14 19
174000 17 18
174000 19 79
174000 42 79
174300 0 14
174300 7 16
174300 8 60
174300 8 90
174300 9 62
174300 53 66
174600 8 26
174600 9 62
174600 52 84
174900 17 18
175200 58 65
175200 76 84
175500 11 24
175500 11 51
175500 17 68
175500 22 64
175500 27 51
175500 27 68
175800 22 32
175800 53 70
176100 4 86
176100 23 29
176100 29 53
176400 4 50
176400 9 62
176400 23 30
176400 30 44
176400 35 52
176400 46 49
176400 49 86
176400 53 70
176700 28 69
176700 37 82
177000 53 70
177300 29 53
177600 5 37
177600 5 13
177600 5 74
177600 9 62
177600 74 81
177900 0 24
177900 17 68
178200 9 62
178200 50 86
178500 64 77
178800 2 71
178800 14 58
178800 14 39
178800 14 24
178800 37 82
178800 39 58
178800 53 70
178800 58 82
179100 8 26
179100 50 74
179400 29 53
179400 37 58
179700 0 48
179700 4 86
179700 9 63
179700 21 84
179700 52 87
180000 1 12
180000 5 45
180000 9 73
180000 9 62
180300 58 65
180300 76 78
180300 76 81
180300 78 81
180600 4 52
180600 9 73
180600 9 69
180600 9 62
180600 29 53
180600 52 55
180600 55 79
180600 67 76
180900 21 56
180900 36 50
181200 7 16
181200 7 84
181200 7 25
181200 16 84
181200 16 25
181200 25 84
181200 50 84
181500 1 33
181500 1 2
181500 1 6
181500 2 6
181500 6 84
181500 6 33
181500 10 84
181500 12 44
181500 33 44
181500 39 51
181500 51 58
181500 51 65
181500 56 84
181500 58 65
181500 67 84
181800 29 53
181800 29 63
181800 45 65
181800 45 85
181800 58 65
182100 29 53
182400 2 28
182400 2 39
182400 11 34
182400 28 38
182400 61 86
182400 77 86
182700 52 79
183000 24 45
183000 25 47
183000 27 57
183000 53 70
183300 7 16
183300 9 29
183300 22 32
183300 52 55
183300 55 74
183600 17 18
183600 22 32
183600 79 87
183900 53 69
183900 61 69
184200 17 18
184200 29 53
184200 36 79
184500 4 52
184500 8 26
184500 28 29
184500 29 70
184500 37 77
184500 38 39
184800 9 28
184800 12 84
184800 55 87
185100 0 14
185100 3 14
185100 8 90
185100 9 69
185100 16 84
185100 30 53
185100 65 82
185400 22 64
185700 56 84
186000 2 6
186000 5 51
186000 5 39
186000 6 10
186000 7 16
186000 9 62
186000 14 82
186300 24 28
186300 29 53
186300 55 74
186300 76 81
186600 22 64
186600 45 85
186600 45 65
186600 65 85
186900 9 73
187200 9 30
187200 29 53
187200 30 62
187200 37 77
187200 49 52
187200 52 84
187500 0 14
187500 7 78
187500 9 62
187500 21 84
187500 21 56
187500 29 53
187500 52 87
187800 17 68
187800 18 34
187800 35 75
187800 35 36
187800 36 75
188100 21 56
188100 22 64
188100 24 48
188100 35 79
188100 77 82
188400 5 80
188400 5 18
188400 18 80
188700 14 24
189000 29 53
189300 22 85
189300 46 89
189600 29 63
189900 29 70
189900 29 69
189900 29 53
189900 53 63
189900 59 78
189900 85 91
190200 9 29
190200 11 48
190200 27 81
190200 57 88
190500 3 14
190500 9 62
190500 9 28
190500 9 44
190500 34 44
190500 44 45
190800 29 53
190800 46 89
190800 69 70
191100 0 24
191100 9 66
191100 23 29
191400 24 45
191400 29 53
191400 37 58
191400 44 51
191700 28 84
192000 22 64
192000 40 88
192000 44 51
192000 67 78
192300 8 26
192300 49 74
192600 23 30
192600 42 76
192600 49 55
192900 5 54
192900 7 59
192900 9 62
192900 62 69
193200 8 26
193200 53 63
193500 2 33
193500 24 87
193500 58 62
193800 3 14
193800 14 37
193800 16 84
193800 50 75
194100 11 24
194100 19 59
194100 19 76
194100 37 72
194100 59 76
194100 70 73
194400 17 68
194400 45 58
194400 63 70
194400 64 77
194700 2 15
194700 3 14
194700 7 50
194700 9 62
194700 9 73
195000 3 43
195000 29 53
195300 9 62
195300 9 73
195300 17 18
195300 50 74
195300 53 69
195300 55 79
195600 16 46
195600 35 84
195600 44 51
195600 57 88
195900 0 48
195900 8 90
195900 16 84
195900 29 53
196200 22 64
196200 35 79
196200 77 82
196500 5 18
196500 29 90
196500 44 51
196500 45 64
196500 81 88
196800 0 24
196800 17 18
196800 79 87
196800 84 87
197100 17 18
197400 8 26
197400 9 62
197400 9 28
197400 28 73
197400 28 62
197400 50 52
197400 50 86
197700 28 70
198000 0 48
198000 8 90
198000 8 16
198000 29 53
198000 29 30
198000 62 73
198300 20 35
198300 39 45
198300 42 79
198600 0 24
198600 4 86
198600 9 63
198600 9 69
198600 24 48
198600 61 62
198900 17 18
198900 21 56
198900 21 59
198900 24 48
198900 32 58
199200 23 29
199500 7 25
199500 7 16
199500 30 66
199500 61 69
199800 45 65
199800 50 86
199800 55 74
200100 7 25
200100 35 84
200100 52 84
200400 28 70
200700 7 59
200700 8 90
200700 24 48
200700 79 86
201000 63 70
201300 7 78
201300 9 69
201300 9 29
201300 29 63
201600 0 14
201600 12 88
201600 31 51
201600 51 71
201900 3 68
201900 9 62
201900 28 69
201900 37 77
201900 52 75
201900 62 73
202200 9 73
202200 50 86
202500 5 22
202500 5 72
202500 5 37
202500 22 37
202500 22 72
202500 22 26
202500 26 37
202500 29 53
202500 37 72
202500 37 90
202800 29 53
202800 50 86
203100 9 62
203100 17 68
203100 18 68
203400 21 84
203400 22 85
203700 5 84
203700 22 77
203700 24 48
204000 17 18
204300 17 68
204300 22 85
204300 26 37
204300 28 70
204300 37 72
204300 55 86
204600 12 78
204900 28 30
205200 0 14
205200 18 45
205200 35 52
205500 14 24
205500 18 47
205800 3 37
205800 9 30
205800 32 88
206100 25 84
206100 64 77
206100 75 79
206400 12 58
206400 43 58
206400 44 45
206400 79 88
206700 22 64
206700 35 79
206700 77 82
207000 50 74
207300 4 86
207300 9 73
207300 9 62
207300 24 48
207600 8 16
207600 28 69
207900 7 58
208200 22 85
208200 29 53
208200 32 38
208500 22 85
208800 8 26
208800 44 51
209100 17 68
209100 50 86
209400 51 54
209400 63 89
209700 0 48
209700 9 69
209700 9 43
209700 9 73
209700 15 67
209700 23 69
209700 30 66
209700 44 51
209700 52 75
209700 62 73
209700 69 73
210000 9 73
210000 9 62
210300 9 62
210300 9 53
210300 12 58
210300 12 44
210300 12 77
210300 39 65
210300 39 58
210300 44 65
210300 53 70
210300 58 65
210600 8 30
210600 8 90
210600 9 73
210600 15 67
210600 52 75
210600 53 73
210900 1 76
210900 27 76
210900 35 79
210900 44 51
210900 77 82
211200 6 40
211200 7 16
211500 14 58
211500 21 61
211800 9 62
211800 36 55
211800 36 79
211800 55 79
212100 7 27
212100 7 57
212100 27 77
212100 27 58
212100 58 77
212400 9 62
212400 16 76
212400 17 68
212400 21 61
212400 24 37
212400 35 75
212400 42 75
212400 45 90
212400 55 79
212400 59 76
212700 49 84
213000 24 45
213000 55 79
213000 69 73
213300 0 24
213300 0 48
213300 9 62
213300 15 67
213300 23 30
213600 24 48
213600 52 84
213600 53 63
213900 29 53
214200 30 57
214200 51 90
214200 52 75
214200 56 59
214200 58 65
214200 59 78
214500 1 2
214500 2 10
214500 5 39
214500 6 10
214500 21 56
214500 45 58
214800 52 79
215100 62 73
215100 71 83
215400 9 28
215400 9 63
215400 9 69
215400 28 69
215400 28 70
215700 21 46
215700 21 26
215700 24 48
215700 26 31
215700 49 79
215700 75 79
216000 9 51
216000 9 39
216000 39 51
216300 15 33
216600 13 88
216600 21 88
216600 29 53
216600 29 69
216600 45 83
216600 50 74
216600 55 79
216900 29 63
216900 50 86
217200 35 52
217500 9 63
217500 9 28
217800 5 18
217800 7 88
217800 8 26
217800 53 63
218100 7 88
218100 22 64
218100 59 67
218100 61 66
218400 53 70
218700 9 62
218700 27 88
218700 28 69
218700 29 53
219000 11 57
219000 22 64
219000 29 30
219000 30 63
219000 47 58
219000 56 57
219300 17 68
219300 17 34
219300 34 68
219300 35 75
219300 36 75
219300 75 86
219600 28 73
219600 62 73
219600 67 84
219600 67 76
219900 35 55
219900 50 74
220200 14 85
220200 23 69
220200 23 31
220200 27 75
220200 31 69
220500 2 60
220500 28 53
220500 39 58
220500 58 65
220800 21 56
220800 24 48
221100 28 43
221100 39 51
221400 42 84
221400 52 84
221400 53 63
221700 8 90
221700 8 58
221700 45 58
221700 70 73
222000 24 48
222000 57 76
222300 29 63
222300 50 84
222300 58 65
222300 59 76
222300 76 81
222600 1 16
222600 7 88
222600 9 62
222600 35 79
222600 35 52
222600 35 36
222600 36 79
222600 76 88
222900 3 58
223200 11 69
223200 11 23
223200 23 69
223200 53 63
223500 17 68
223500 42 50
223800 8 37
223800 37 82
223800 37 58
223800 58 82
224100 50 86
224100 52 84
224100 52 75
224100 59 76
224100 75 84
224400 9 62
224400 29 53
224400 57 88
224700 3 14
224700 21 84
224700 28 73
224700 29 70
224700 45 65
225000 5 37
225000 5 18
225000 14 77
225000 18 37
225000 64 77
225300 21 76
225300 21 69
225300 22 85
225600 14 58
225600 21 76
225900 29 53
226200 21 69
226200 24 45
226500 21 59
226800 0 45
226800 7 78
226800 7 21
226800 14 24
227100 8 26
227100 22 91
227100 24 48
227100 29 91
227100 39 58
227100 42 43
227400 28 69
227400 29 53
227400 37 82
227400 44 51
227700 20 40
227700 29 53
228000 19 62
228000 22 64
228000 77 82
228300 7 16
228300 7 25
228300 16 25
228300 17 18
228300 30 66
228600 5 11
228600 18 37
228600 29 53
228900 11 44
228900 44 53
228900 53 70
229200 50 86
229500 18 47
229500 18 37
229500 58 65
229800 9 62
229800 22 85
229800 29 53
229800 29 30
229800 50 86
230100 4 49
230100 29 53
230100 57 88
230400 28 69
230400 46 89
230700 28 84
230700 35 75
230700 39 51
230700 55 75
231000 29 63
231300 58 59
231300 59 76
231300 59 78
231300 60 81
231300 76 88
231600 9 62
231600 15 33
231600 35 75
231600 52 55
231600 60 81
231900 37 58
231900 53 66
231900 53 61
231900 53 70
231900 62 73
232200 8 39
232200 8 85
232200 9 62
232200 38 45
232500 4 50
232500 15 67
232500 28 69
232500 30 66
232500 44 51
232500 52 75
232500 55 86
232800 11 77
232800 12 27
232800 17 34
232800 22 48
232800 27 81
232800 27 48
232800 27 77
232800 48 64
232800 64 77
233100 8 26
233100 44 51
233400 9 73
233700 5 72
233700 49 55
233700 49 86
233700 55 86
234000 14 22
234000 14 39
234000 21 84
234000 30 90
234000 59 78
234300 5 18
234300 11 24
234300 79 84
234600 9 62
234600 29 53
234900 4 48
234900 8 34
234900 8 90
234900 8 58
234900 11 24
234900 27 76
234900 27 81
234900 45 58
235200 29 53
235200 52 86
235500 7 12
235500 33 84
235500 72 85
235500 79 88
235800 29 53
235800 50 74
235800 52 86
236100 9 62
236100 17 18
236100 50 86
236100 79 87
236400 9 28
236400 9 63
236400 28 69
236400 37 77
236700 17 18
236700 42 43
236700 45 58
237000 9 73
237000 29 63
237300 24 31
237300 31 48
237300 81 88
237600 24 48
237600 26 31
237900 12 16
237900 27 81
237900 39 57
237900 50 86
238200 22 38
238200 25 28
238200 25 53
238200 28 53
238200 53 69
238500 19 73
238500 52 75
238800 1 7
238800 17 18
238800 55 79
238800 75 79
239100 9 30
239100 12 76
239100 21 56
239100 22 64
239100 38 45
239100 56 76
239400 36 50
239700 25 86
239700 29 53
239700 50 86
240000 3 72
240000 3 83
240000 14 44
240000 44 51
240300 11 44
240600 31 71
240600 44 51
240600 53 63
240900 0 24
240900 45 58
240900 50 86
240900 55 74
241200 9 62
241200 38 58
241200 38 45
241200 45 58
241500 7 56
241500 9 62
241800 11 23
241800 21 30
241800 23 69
241800 37 58
241800 74 86
242100 8 79
242100 14 24
242100 21 69
242100 29 53
242100 45 58
242400 44 51
242400 58 65
242700 14 58
242700 22 38
243000 25 49
243000 55 79
243300 7 58
243300 29 53
243300 35 48
243300 55 79
243600 23 30
243600 49 74
243600 49 55
243600 55 74
243600 69 73
243900 8 50
243900 9 62
243900 38 58
243900 38 45
243900 50 75
244200 14 72
244200 30 73
244200 30 69
244200 53 69
244500 17 68
244500 28 69
244500 29 53
244500 37 82
244500 44 51
244800 7 58
244800 12 15
244800 15 33
245100 7 25
245100 16 25
245100 30 66
245100 50 86
245400 5 14
245700 14 72
245700 14 34
245700 14 85
245700 24 48
245700 27 75
245700 27 35
245700 35 75
246000 29 63
246300 7 46
246300 17 18
246300 17 68
246300 45 58
246600 0 48
246600 9 77
246600 9 62
246600 28 73
246600 44 51
246900 24 48
246900 66 69
247200 22 38
247500 9 73
247500 29 53
247500 53 73
247800 40 56
248100 22 64
248100 27 57
248100 44 51
248100 77 82
248400 24 48
248400 46 84
248400 79 86
248700 28 29
248700 29 70
249000 24 48
249000 52 75
249000 69 70
249300 28 70
249300 39 72
249300 72 90
249600 52 79
249900 14 58
249900 21 61
250200 11 24
250200 23 30
250200 50 86
250200 84 88
250500 0 45
250500 3 5
250500 9 29
250500 9 30
250500 9 70
250500 9 28
250800 14 32
251100 17 18
251100 32 38
251400 9 62
251400 38 58
251400 38 45
251400 59 78
251400 76 78
251700 22 72
251700 28 69
252000 24 59
252000 29 53
252000 45 90
252000 53 63
252300 49 74
252600 9 62
252600 18 34
252600 21 66
252600 29 69
252600 45 83
252600 50 74
252600 55 79
252600 57 60
252900 7 58
252900 21 69
252900 36 50
253200 25 87
253500 14 47
253500 32 38
253800 34 86
254100 28 69
254100 46 60
254100 49 86
254100 49 55
254100 55 86
254400 11 48
254400 49 84
254400 50 74
254400 75 88
254400 79 88
254700 55 79
255000 12 44
255000 12 72
255000 12 58
255000 17 34
255000 35 50
255000 43 58
255000 44 58
255000 44 56
255000 50 75
255000 53 70
255000 56 58
255000 56 65
255300 29 63
255600 22 50
255900 5 11
255900 5 72
255900 9 62
256200 5 18
256200 35 50
256200 42 50
256200 50 86
256500 1 16
256500 35 84
256500 35 52
256800 1 78
256800 9 19
256800 19 42
256800 19 50
256800 33 88
256800 58 72
256800 62 73
257100 12 42
257400 28 69
257400 29 70
257400 44 51
257700 1 40
257700 1 6
257700 6 60
257700 27 84
257700 44 65
257700 58 65
258000 4 36
258000 14 24
258000 27 56
258000 27 60
258000 28 53
258000 29 70
258000 29 53
258000 45 65
258000 65 72
258300 7 58
258300 21 84
258300 24 45
258300 56 60
258600 0 24
258600 50 86
258600 56 84
258900 1 15
258900 29 63
258900 55 79
258900 56 87
258900 75 79
259200 28 53
259200 44 51
259500 8 26
259500 9 62
259500 9 73
259500 69 73
259800 29 53
259800 59 76
260100 16 25
260100 52 87
260400 7 76
260400 9 63
260700 28 69
261000 9 23
261000 9 73
261000 14 24
261300 5 34
261300 29 63
261600 42 43
261600 42 72
261600 42 58
261600 58 72
261900 21 76
262200 3 8
262200 14 85
262200 19 79
262200 24 48
262200 45 65
262500 0 65
262500 14 65
262500 39 45
262800 22 64
262800 35 52
262800 44 51
262800 46 89
263100 5 51
263100 5 35
263100 14 39
263100 17 51
263100 27 65
263100 27 72
263100 27 35
263100 27 75
263100 35 37
263100 35 45
263100 35 75
263100 45 58
263100 45 72
263100 51 68
263100 58 72
263400 3 53
263400 7 33
263400 11 56
263400 22 32
263400 22 45
263400 28 70
263400 44 51
263400 53 70
263400 53 61
263700 28 62
263700 28 29
263700 29 53
264000 11 26
264000 35 75
264300 9 69
264300 9 63
264300 24 48
264300 28 70
264300 53 70
264300 61 62
264600 22 85
264600 61 69
264900 28 70
264900 38 39
265200 7 81
265200 14 45
265200 57 60
265500 1 27
265500 1 7
265500 6 27
265500 6 7
265500 27 33
265500 29 63
265500 37 58
265500 44 65
265800 1 78
265800 7 78
265800 21 76
265800 24 48
265800 77 82
266100 1 88
266100 9 73
266100 23 30
266100 29 63
266100 37 77
266100 62 73
266400 4 79
266400 16 84
266700 5 34
266700 5 37
266700 7 27
266700 23 30
266700 30 34
267000 32 80
267000 50 74
267300 24 48
267300 26 71
267300 29 53
267300 35 75
267600 7 76
267900 1 65
267900 8 39
267900 8 85
267900 9 62
267900 14 45
267900 29 63
267900 38 45
267900 41 86
267900 50 75
267900 53 70
267900 75 79
268200 59 76
268500 9 66
268500 16 59
268500 50 59
268500 59 76
268800 9 28
268800 9 63
269100 28 69
269100 65 91
269400 29 70
269700 7 16
269700 29 53
269700 45 58
270000 11 24
270000 24 48
270300 7 58
270300 9 73
270300 24 35
270300 29 53
270300 35 48
270300 42 55
270300 49 52
270600 26 32
270600 57 60
270900 37 58
270900 50 86
271200 35 75
271200 45 58
271500 28 69
271500 30 66
271500 52 75
271800 23 49
271800 25 49
271800 28 69
271800 37 77
271800 52 75
271800 53 61
272100 9 63
272400 14 58
272400 21 61
272700 12 43
273000 7 25
273000 22 64
273000 49 84
273000 50 84
273000 50 52
273000 52 84
273300 5 24
273300 7 16
273300 8 26
273300 14 90
273300 18 37
273600 6 88
273600 18 37
273600 22 85
273600 23 69
273600 28 62
273900 17 80
273900 21 84
273900 24 48
273900 35 75
273900 46 84
274200 5 44
274200 11 44
274200 28 69
274200 29 70
274200 44 51
274500 7 88
274500 17 51
274500 29 53
274500 29 63
274500 39 51
274800 16 78
274800 28 73
274800 53 63
274800 70 73
274800 75 79
275100 4 41
275100 27 57
275100 28 69
275400 16 76
275400 32 38
275700 35 75
275700 55 86
276000 23 30
276000 29 53
276000 52 86
276000 57 60
276000 74 86
276300 24 48
276300 24 45
276300 29 63
276300 29 70
276300 39 45
276300 42 50
276300 42 65
276300 45 72
276300 45 48
276600 8 83
276600 29 53
276600 44 51
276900 6 12
276900 6 26
276900 9 62
276900 9 26
276900 12 46
276900 14 24
277200 2 84
277200 3 68
277200 9 62
277200 9 30
277200 24 48
277200 52 75
277200 62 73
277500 28 69
277500 29 53
277500 44 51
277800 37 58
278100 21 84
278100 24 48
278100 35 75
278100 55 79
278400 8 26
0 14 24
0 22 77
300 0 65
300 14 65
300 39 45
600 0 48
600 9 62
600 15 67
600 16 59
600 24 48
600 28 30
600 28 69
600 44 51
600 52 75
600 62 73
900 15 33
1200 3 14
1200 9 62
1200 9 28
1200 9 44
1200 34 44
1200 44 45
1500 9 62
1500 9 45
1500 12 57
1500 13 50
1500 14 85
1500 14 24
1500 27 75
1500 45 61
1500 45 83
1500 50 74
1800 44 51
1800 55 79
2100 15 33
2100 25 55
2100 56 60
2400 22 64
2400 42 52
2700 11 26
2700 35 75
3000 21 61
3000 22 64
3000 57 88
3300 7 76
3300 8 26
3300 15 33
3300 23 29
3300 29 53
3300 53 63
3600 22 85
3900 14 58
3900 53 66
4200 12 44
4500 15 33
4800 0 14
4800 5 22
4800 5 37
4800 16 45
4800 22 37
4800 22 26
4800 22 34
4800 26 37
4800 26 72
4800 34 37
4800 37 72
4800 40 84
4800 40 78
4800 60 81
4800 60 88
4800 81 88
5100 9 28
5100 9 63
5100 9 69
5100 28 69
5100 28 70
5400 32 80
5400 50 74
5700 14 65
5700 14 45
5700 22 64
5700 29 53
5700 39 58
5700 39 85
5700 46 89
5700 58 85
5700 58 65
6000 9 62
6300 28 70
6600 29 63
6900 9 63
6900 9 73
7200 29 70
7500 35 75
7500 35 52
7500 52 75
7800 50 74
7800 53 69
8100 22 64
8100 35 79
8100 77 82
8400 2 15
8400 3 14
8400 7 50
8400 9 62
8400 9 73
8700 8 26
8700 42 59
8700 53 63
9000 14 48
9000 23 30
9000 24 48
9000 39 58
9000 45 58
9000 45 72
9000 58 72
9300 9 62
9300 29 53
9600 9 73
9600 29 53
9600 53 73
9900 28 69
9900 46 89
10200 29 53
10500 9 63
10500 28 70
10500 28 53
10500 37 65
10500 53 70
10500 61 62
10800 14 24
10800 18 47
11100 8 26
11100 14 44
11400 40 56
11700 22 64
11700 24 48
11700 44 51
11700 77 82
12000 7 58
12300 34 86
12600 9 62
12600 14 24
12600 19 58
12600 21 69
12600 25 79
12600 39 51
12600 51 65
12600 58 72
12600 65 72
12600 66 70
12900 4 41
12900 27 57
12900 28 69
13200 9 62
13500 9 62
13500 35 75
13800 9 62
14100 15 33
14100 50 86
14100 60 81
14100 76 88
14400 7 25
14400 9 72
14400 22 64
14400 35 52
14700 8 83
14700 29 53
14700 44 51
15000 2 39
15000 5 48
15000 12 48
15000 12 14
15000 12 20
15000 14 20
15000 14 58
15000 14 78
15000 20 58
15000 20 78
15000 24 87
15000 29 39
15000 31 58
15000 58 78
15300 5 72
15300 49 55
15300 49 86
15300 55 86
15600 2 28
15600 5 22
15600 22 85
15900 14 22
15900 14 39
15900 21 84
15900 30 90
15900 59 78
16200 7 59
16200 8 90
16200 24 48
16200 79 86
16500 28 84
16500 39 51
16800 22 64
16800 28 57
16800 37 58
17100 5 39
17100 8 84
17100 9 31
17100 24 48
17100 29 53
17100 46 84
17400 5 18
17400 29 90
17400 44 51
17400 45 64
17400 81 88
17700 29 53
18000 9 53
18000 29 53
18000 37 58
18000 50 86
18000 53 73
18300 11 26
18300 35 75
18600 17 18
18600 29 61
18600 44 51
18900 11 48
18900 22 32
18900 58 65
19200 0 24
19200 20 84
19200 35 52
19200 35 84
19200 55 79
19200 56 87
19200 56 84
19500 9 23
19500 9 73
19500 14 24
19800 3 14
19800 4 86
19800 7 12
19800 9 28
20100 8 26
20100 9 62
20100 9 28
20100 28 73
20100 28 62
20100 50 52
20100 50 86
20400 7 25
20400 7 16
20400 30 66
20400 61 69
20700 7 25
20700 19 79
20700 21 79
20700 21 61
20700 24 48
20700 24 45
20700 28 69
20700 61 66
20700 79 87
21000 14 72
21000 28 53
21300 17 68
21300 18 34
21300 35 75
21300 35 36
21300 36 75
21600 14 24
21900 14 22
22200 14 24
22200 21 69
22200 29 53
22200 85 91
22500 5 22
22500 23 61
22800 9 73
22800 49 73
22800 50 86
22800 57 60
23100 21 69
23100 29 53
23100 75 79
23400 22 32
23400 53 70
23700 28 62
23700 28 29
23700 29 53
24000 3 44
24000 5 72
24000 7 58
24000 9 23
24300 58 65
24300 76 78
24300 76 81
24300 78 81
24600 29 53
24600 52 86
24900 4 52
24900 8 26
24900 28 29
24900 29 70
24900 37 77
24900 38 39
25200 9 62
25200 17 68
25200 18 68
25500 49 84
25800 21 84
26100 22 64
26100 24 48
26100 77 82
26400 5 37
26400 5 34
26400 7 27
26400 7 88
26400 27 88
26400 34 37
26700 14 24
27000 32 38
27300 29 53
27300 51 65
27600 9 63
27600 37 77
27900 15 33
27900 23 30
27900 53 63
28200 9 29
28200 14 48
28200 53 66
28500 8 26
28500 9 62
28500 9 73
28500 69 73
28800 11 23
28800 17 18
28800 23 69
28800 35 74
28800 62 73
29100 14 58
29100 21 61
29400 21 69
29400 29 63
29700 8 26
29700 42 43
29700 53 63
30000 9 73
30000 35 50
30000 50 86
30000 50 84
30300 9 62
30300 29 69
30300 50 74
30300 53 69
30300 55 79
30600 22 64
30600 24 48
30600 44 51
30600 52 87
30600 77 82
30900 7 78
30900 7 59
30900 20 52
30900 20 35
30900 25 35
30900 28 40
30900 28 73
30900 35 52
30900 35 84
30900 35 87
30900 40 84
30900 42 79
30900 52 84
30900 56 87
30900 56 84
31200 15 33
31500 7 58
31500 9 73
31500 24 35
31500 29 53
31500 35 48
31500 42 55
31500 49 52
31800 29 53
32100 14 50
32100 22 64
32100 30 66
32100 44 86
32400 8 39
32400 8 85
32400 9 62
32400 38 45
32700 1 16
32700 2 6
32700 2 10
32700 6 40
32700 6 27
32700 6 10
32700 10 16
32700 10 40
32700 12 77
32700 12 44
32700 16 33
32700 17 18
32700 24 48
32700 27 40
32700 27 46
32700 27 65
32700 27 57
32700 39 65
32700 46 56
32700 46 57
33000 11 84
33000 12 84
33000 16 33
33000 29 53
33000 42 43
33000 49 84
33000 49 58
33000 49 64
33000 58 84
33000 64 77
33000 79 88
33300 14 58
33300 25 79
33600 3 43
33600 29 53
33900 1 33
33900 1 2
33900 1 6
33900 2 6
33900 6 84
33900 6 33
33900 10 84
33900 12 44
33900 33 44
33900 39 51
33900 51 58
33900 51 65
33900 56 84
33900 58 65
33900 67 84
34200 16 78
34200 28 73
34200 53 63
34200 70 73
34200 75 79
34500 29 53
34800 28 73
34800 62 73
34800 67 84
34800 67 76
35100 4 52
35100 9 73
35100 9 69
35100 9 62
35100 29 53
35100 52 55
35100 55 79
35100 67 76
35400 42 43
35400 42 72
35400 42 58
35400 58 72
35700 4 50
35700 9 62
35700 23 30
35700 30 44
35700 35 52
35700 46 49
35700 49 86
35700 53 70
36000 1 59
36000 29 53
36000 75 79
36300 24 48
36300 42 43
36300 44 45
36300 48 49
36300 53 70
36300 79 88
36600 7 33
36600 58 72
36600 64 77
36900 7 58
36900 15 33
36900 44 52
37200 21 84
37200 22 85
37500 17 18
37500 18 68
37500 24 48
37500 32 58
37800 5 18
37800 5 11
37800 62 73
38100 63 70
38400 28 69
38400 65 91
38700 9 62
38700 22 85
38700 29 53
38700 29 30
38700 50 86
39000 8 30
39000 8 90
39000 9 73
39000 15 67
39000 52 75
39000 53 73
39300 22 80
39300 28 69
39300 53 70
39600 11 48
39600 49 84
39600 50 74
39600 75 88
39600 79 88
39900 28 84
39900 39 51
40200 11 24
40500 29 53
40500 37 58
40500 44 51
40500 67 76
40800 52 86
40800 63 70
41100 7 58
41100 29 53
41100 35 48
41100 55 79
41400 16 25
41400 52 87
41700 29 53
41700 52 87
42000 11 16
42000 35 51
42000 35 84
42000 40 57
42000 44 51
42000 44 45
42000 45 51
42000 53 70
42000 56 88
42000 57 88
42300 0 24
42300 4 84
42300 35 52
42300 55 79
42600 0 14
42900 8 26
42900 44 51
43200 9 63
43200 28 70
43200 35 75
43500 7 27
43500 27 60
43500 27 57
43500 28 61
43500 29 53
43500 49 74
43500 57 60
43800 5 72
43800 5 37
43800 22 26
43800 22 37
43800 22 72
43800 26 37
43800 26 72
43800 29 53
43800 37 72
43800 53 63
44100 29 53
44100 37 58
44400 5 14
44400 9 62
44400 37 58
44400 44 45
44700 24 48
44700 31 32
45000 21 69
45000 24 45
45300 29 70
45300 29 69
45300 29 53
45300 53 63
45300 59 78
45300 85 91
45600 12 88
45600 17 18
45600 55 74
45900 11 24
45900 24 48
46200 5 39
46200 35 87
46200 35 86
46200 35 52
46500 29 63
46500 50 84
46500 58 65
46500 59 76
46500 76 81
46800 35 75
46800 50 86
47100 0 24
47100 0 14
47100 14 24
47100 14 48
47100 22 77
47100 24 48
47100 45 48
47400 8 26
47400 53 63
47700 14 48
47700 14 24
47700 24 48
47700 53 63
48000 7 50
48300 9 73
48300 9 19
48300 33 88
48300 50 75
48600 0 48
48600 8 90
48600 9 80
48600 9 30
48600 15 67
48600 24 48
48600 30 53
48600 53 73
48600 53 62
48900 7 84
48900 16 84
48900 25 84
48900 64 77
49200 55 79
49500 22 77
49500 22 64
49800 17 68
49800 28 45
49800 44 45
50100 24 48
50100 24 45
50100 29 63
50100 29 70
50100 39 45
50100 42 50
50100 42 65
50100 45 72
50100 45 48
50400 3 8
50400 14 85
50400 19 79
50400 24 48
50400 45 65
50700 17 18
50700 22 32
50700 79 87
51000 0 48
51000 9 77
51000 9 62
51000 28 73
51000 44 51
51300 28 70
51600 50 86
51900 1 33
51900 1 7
51900 5 72
51900 24 45
51900 37 58
51900 58 65
52200 35 52
52500 24 48
52500 31 91
52500 66 69
52800 29 53
53100 44 51
53100 58 65
53400 14 39
53400 14 58
53700 12 59
53700 50 86
53700 75 84
54000 18 90
54000 23 30
54000 35 75
54000 46 84
54000 50 86
54000 50 60
54000 57 88
54000 62 73
54300 34 84
54300 58 72
54300 80 85
54600 9 46
54600 55 84
54900 58 65
54900 76 84
55200 29 63
55500 12 77
55500 12 84
55500 26 32
55500 77 84
55800 3 11
55800 28 76
55800 57 76
56100 24 48
56100 52 84
56100 53 63
56400 32 85
56400 50 86
56700 9 73
56700 9 62
56700 17 18
56700 50 74
56700 53 69
57000 3 51
57000 3 23
57000 23 49
57000 28 69
57000 42 51
57000 52 75
57000 80 90
57300 5 75
57600 19 50
57600 19 75
57600 27 60
57600 35 50
57600 35 75
57600 50 75
57900 45 65
58200 1 40
58200 1 6
58200 6 60
58200 27 84
58200 44 65
58200 58 65
58500 29 69
58500 66 69
58800 8 58
58800 14 58
58800 19 27
58800 27 50
58800 27 84
58800 27 35
58800 27 52
58800 27 75
58800 35 75
58800 35 38
58800 45 58
58800 58 72
59100 53 70
59400 17 18
59400 45 65
59700 26 52
59700 29 53
60000 8 26
60000 53 63
60300 40 88
60300 55 74
60600 28 69
60900 39 58
60900 44 58
60900 49 58
60900 49 79
60900 49 88
60900 79 88
60900 79 84
61200 3 85
61200 22 85
61500 1 16
61500 35 84
61500 35 52
61800 7 84
61800 24 84
61800 27 84
61800 33 84
61800 51 58
62100 15 33
62100 25 86
62400 5 74
62400 5 37
62400 9 62
62400 9 73
62400 24 48
62400 24 77
62400 24 74
62700 15 33
63000 0 48
63000 4 86
63000 9 63
63000 21 84
63000 52 87
63300 1 76
63300 27 76
63300 35 79
63300 44 51
63300 77 82
63600 23 53
63600 28 69
63600 35 52
63600 46 50
63600 50 86
63600 53 70
63900 29 53
64200 14 72
64200 30 73
64200 30 69
64200 53 69
64500 9 62
64500 9 66
64500 14 48
64500 24 32
64500 50 75
64500 59 76
64800 9 66
64800 9 62
64800 30 66
64800 50 74
64800 58 72
65100 64 77
65400 17 18
65400 22 32
65400 79 87
65400 84 87
65700 53 62
65700 76 78
66000 12 58
66000 58 72
66000 59 78
66000 65 72
66300 7 27
66300 7 57
66300 27 77
66300 27 58
66300 58 77
66600 28 69
66600 37 82
66900 3 5
66900 9 62
66900 9 29
66900 11 24
66900 11 48
66900 18 37
66900 24 48
67200 7 12
67200 29 53
67200 45 83
67200 50 74
67500 29 63
67500 50 86
67800 7 84
67800 44 65
67800 58 65
68100 7 25
68100 28 69
68400 7 25
68400 22 64
68400 49 84
68400 50 84
68400 50 52
68400 52 84
68700 6 40
68700 24 45
68700 49 86
68700 57 60
69000 35 55
69000 50 74
69300 0 14
69300 41 79
69300 53 69
69300 77 82
69600 5 14
69900 7 58
69900 19 76
69900 21 69
69900 28 73
69900 59 76
70200 7 58
70200 12 15
70200 15 33
70500 9 73
70500 50 86
70800 14 72
70800 14 34
70800 14 85
70800 24 48
70800 27 75
70800 27 35
70800 35 75
71100 22 64
71100 45 85
71100 45 65
71100 65 85
71400 24 58
71400 32 80
71400 67 76
71700 5 72
71700 9 62
71700 49 86
72000 35 75
72000 45 65
72000 56 86
72000 56 84
72000 84 86
72300 7 25
72300 9 66
72300 22 64
72600 29 53
72900 22 64
72900 27 57
72900 44 51
72900 77 82
73200 42 51
73200 46 60
73200 53 70
73500 20 35
73500 39 45
73500 42 79
73800 15 67
73800 30 66
73800 37 58
73800 37 77
73800 52 75
73800 62 73
73800 64 82
73800 65 82
74100 1 6
74100 1 59
74100 1 88
74100 7 81
74100 29 53
74400 16 84
74400 28 69
74400 32 38
74400 35 50
74400 37 82
74400 37 77
74400 45 65
74700 12 59
74700 20 84
74700 37 58
74700 59 76
75000 2 84
75000 3 68
75000 9 62
75000 9 30
75000 24 48
75000 52 75
75000 62 73
75300 24 48
75600 11 38
75600 23 30
75600 29 53
75600 62 73
75600 84 88
75900 7 78
75900 8 26
75900 14 24
75900 14 64
75900 17 68
75900 29 53
76200 0 51
76200 17 18
76200 26 65
76200 29 53
76200 45 72
76500 7 88
76500 22 64
76500 59 67
76500 61 66
76800 22 38
76800 29 53
76800 29 30
76800 29 66
76800 30 53
77100 17 68
77100 29 53
77100 35 49
77100 57 60
77400 7 76
77400 12 16
77400 14 37
77400 27 81
77400 35 75
77700 0 14
77700 7 16
77700 8 90
77700 8 60
77700 9 69
77700 17 68
77700 17 18
78000 8 26
78000 50 74
78300 6 88
78300 18 37
78300 22 85
78300 23 69
78300 28 62
78600 29 53
78600 30 62
78600 49 52
78900 3 18
78900 9 62
78900 18 65
78900 29 53
79200 14 24
79200 28 84
79200 39 51
79500 52 79
79800 22 85
79800 29 53
79800 32 38
80100 1 7
80100 17 18
80100 55 79
80100 75 79
80400 8 26
80400 28 70
80700 29 53
80700 53 70
80700 59 76
81000 45 72
81300 28 43
81300 39 51
81600 29 63
81600 50 86
81900 12 58
81900 43 58
81900 44 45
81900 79 88
82200 58 59
82200 59 76
82200 59 78
82200 60 81
82200 76 88
82500 22 64
82500 40 88
82500 44 51
82500 67 78
82800 29 63
83100 22 85
83100 46 89
83400 8 90
83400 8 58
83400 45 58
83400 70 73
83700 6 40
83700 9 62
83700 35 49
83700 55 74
84000 1 59
84000 1 88
84000 1 84
84000 11 24
84000 12 88
84000 15 88
84000 23 69
84000 24 55
84300 8 26
84600 1 84
84600 1 59
84600 6 84
84600 9 73
84600 20 84
84600 28 69
84600 67 84
84600 84 88
84900 1 12
84900 9 73
84900 9 62
84900 51 71
85200 23 29
85200 55 74
85500 35 75
85500 76 84
85800 8 79
85800 14 24
85800 21 69
85800 29 53
85800 45 58
86100 25 88
86100 29 53
86100 38 51
86100 45 58
86100 51 72
86400 31 71
86400 44 51
86400 53 63
86700 14 37
86700 17 68
87000 9 63
87000 9 28
87300 7 46
87300 17 18
87300 17 68
87300 45 58
87600 17 68
87600 17 34
87600 34 68
87600 35 75
87600 36 75
87600 75 86
87900 7 78
87900 9 69
87900 9 29
87900 29 63
88200 2 28
88200 5 22
88200 23 61
88500 0 14
88500 7 78
88500 9 62
88500 21 84
88500 21 56
88500 29 53
88500 52 87
88800 7 88
88800 9 62
88800 52 75
89100 8 82
89100 9 19
89100 9 62
89100 22 39
89100 22 64
89100 37 58
89100 38 44
89400 56 84
89700 9 62
89700 23 53
89700 23 73
89700 28 53
89700 28 73
89700 29 53
89700 39 51
90000 1 27
90000 1 7
90000 6 27
90000 6 7
90000 27 33
90000 29 63
90000 37 58
90000 44 65
90300 9 73
90600 29 53
90600 50 74
90600 52 86
90900 25 49
90900 55 79
91200 5 85
91200 5 72
91200 55 86
91200 72 80
91200 80 85
91500 28 62
91500 29 53
91500 45 85
91500 45 65
91800 3 22
91800 28 66
91800 28 69
92100 9 73
92100 14 24
92100 59 76
92400 9 73
92700 18 37
92700 29 53
92700 35 55
92700 39 72
92700 80 85
93000 9 63
93300 9 28
93300 9 63
93600 3 14
93600 14 37
93600 16 84
93600 50 75
93900 4 79
93900 16 84
94200 4 86
94200 9 73
94200 9 62
94200 24 48
94500 45 58
94500 45 72
94500 63 70
94800 8 26
94800 9 62
94800 21 84
95100 3 53
95100 7 33
95100 11 56
95100 22 32
95100 22 45
95100 28 70
95100 44 51
95100 53 70
95100 53 61
95400 1 76
95400 37 58
95700 9 73
95700 29 69
95700 29 53
95700 37 58
95700 50 74
95700 53 69
96000 1 84
96000 5 18
96000 6 84
96000 7 84
96000 20 84
96000 28 30
96000 29 53
96000 32 38
96000 33 84
96000 67 84
96000 81 84
96000 84 88
96300 3 45
96600 0 65
96600 0 14
96600 22 64
96600 24 48
96600 44 51
96900 29 53
96900 59 76
97200 9 73
97200 9 62
97500 9 62
97500 39 51
97800 29 53
97800 37 58
98100 9 62
98100 11 44
98400 14 37
98400 35 87
98400 35 52
98400 44 51
98700 15 33
98700 49 50
99000 18 37
99000 23 30
99000 38 91
99300 3 72
99300 3 83
99300 14 44
99300 44 51
99600 14 44
99600 14 22
99900 1 16
99900 7 88
99900 9 62
99900 35 79
99900 35 52
99900 35 36
99900 36 79
99900 76 88
100200 15 33
100200 22 85
100200 22 32
100200 28 66
100200 53 63
100200 58 72
100500 29 53
100800 9 62
100800 22 32
100800 76 78
101100 2 10
101100 2 6
101100 3 14
101100 6 10
101100 11 14
101100 14 34
101100 27 46
101100 44 51
101400 9 62
101400 29 53
101400 57 88
101700 0 14
101700 9 62
101700 12 32
101700 17 51
101700 21 56
101700 24 45
101700 28 62
101700 56 60
102000 11 86
102000 12 86
102000 76 78
102300 1 76
102300 19 76
102300 22 64
102300 35 79
102300 77 82
102600 2 15
102600 9 73
102600 20 40
102600 40 75
102600 44 70
102900 24 48
102900 26 31
102900 35 75
102900 37 91
103200 5 72
103200 29 69
103200 29 53
103200 50 74
103200 53 69
103200 55 79
103500 2 10
103500 10 16
103500 10 33
103500 11 84
103500 12 44
103500 24 31
103500 39 51
103500 51 58
103500 58 65
103800 5 11
103800 18 37
103800 29 53
104100 5 44
104100 11 44
104100 28 69
104100 29 70
104100 44 51
104400 0 48
104400 8 90
104400 8 16
104400 29 53
104400 29 30
104400 62 73
104700 7 27
104700 8 17
104700 8 51
104700 8 39
104700 8 14
104700 14 51
104700 14 90
104700 19 51
104700 39 51
104700 51 90
105000 2 33
105000 24 87
105000 58 62
105300 22 50
105600 3 14
105600 3 44
105600 9 73
105600 9 19
105600 9 62
105600 11 44
105600 19 73
105600 29 63
105600 62 73
105600 62 66
105900 28 84
105900 35 75
105900 39 51
105900 55 75
106200 0 24
106200 17 18
106200 79 87
106200 84 87
106500 30 66
106500 32 91
106500 34 72
106500 53 63
106800 1 6
106800 1 33
106800 1 40
106800 1 10
106800 1 16
106800 2 10
106800 5 39
106800 6 40
106800 6 10
106800 10 40
106800 10 38
106800 10 16
106800 12 44
106800 12 77
106800 16 33
106800 24 48
106800 33 40
106800 38 45
106800 38 85
106800 45 85
107100 29 53
107100 50 86
107400 15 33
107700 62 73
108000 7 12
108000 22 91
108000 24 32
108000 33 84
108000 79 88
108000 85 91
108300 14 58
108300 14 37
108300 22 91
108300 23 30
108300 38 80
108300 85 91
108600 24 48
108600 26 31
108900 11 44
109200 1 78
109200 7 78
109200 21 76
109200 24 48
109200 77 82
109500 5 18
109500 12 77
109500 12 64
109500 24 48
109500 64 77
109800 7 58
109800 7 25
109800 21 69
109800 25 58
109800 27 76
109800 28 66
109800 75 79
109800 76 78
110100 8 26
110100 14 44
110100 52 79
110400 11 24
110400 19 59
110400 19 76
110400 37 72
110400 59 76
110400 70 73
110700 28 53
110700 44 51
111000 22 85
111000 76 78
111300 9 62
111300 24 31
111300 24 48
111300 31 48
111600 22 64
111600 28 73
111900 3 5
111900 29 63
112200 39 72
112500 14 85
112500 23 69
112500 23 31
112500 27 75
112500 31 69
112800 3 5
112800 3 22
112800 5 18
112800 11 24
112800 18 22
112800 22 64
112800 55 79
113100 9 19
113100 9 62
113100 9 73
113100 19 73
113100 45 65
113100 62 73
113400 6 40
113400 12 44
113400 18 68
113400 28 30
113400 64 77
113700 17 18
113700 35 75
113700 39 90
114000 24 28
114000 29 53
114300 17 18
114300 29 63
114600 8 37
114600 37 82
114600 37 58
114600 58 82
114900 19 62
114900 22 64
114900 77 82
115200 24 45
115200 29 53
115200 37 58
115200 44 51
115500 42 86
115500 55 86
115800 1 33
115800 11 72
115800 14 37
115800 64 77
116100 7 76
116100 9 63
116400 34 84
116400 35 75
116400 35 50
116400 37 84
116400 50 86
116400 75 86
116700 8 26
116700 23 30
116700 23 53
116700 29 53
116700 30 53
116700 39 58
117000 9 73
117000 9 62
117000 50 74
117300 5 24
117300 5 65
117300 9 66
117300 9 13
117300 24 32
117300 57 60
117600 7 12
117600 33 84
117600 72 85
117600 79 88
117900 9 62
118200 44 51
118200 77 82
118500 4 87
118500 9 62
118500 22 85
118500 29 53
118500 36 50
118500 84 89
118800 2 15
118800 9 73
118800 17 18
118800 35 75
119100 49 55
119100 49 86
119100 50 86
119100 52 55
119400 2 28
119400 2 39
119400 11 34
119400 28 38
119400 61 86
119400 77 86
119700 17 18
119700 42 43
119700 45 58
120000 35 75
120300 28 29
120300 29 53
120300 35 52
120600 52 79
120900 2 71
120900 14 58
120900 14 39
120900 14 24
120900 37 82
120900 39 58
120900 53 70
120900 58 82
121200 5 37
121200 35 75
121200 35 49
121200 46 57
121500 1 88
121500 9 73
121500 23 30
121500 29 63
121500 37 77
121500 62 73
121800 0 24
121800 21 42
121800 22 38
121800 24 45
121800 25 28
121800 27 57
121800 67 76
122100 3 24
122100 14 45
122100 24 29
122100 24 53
122100 24 28
122100 29 53
122100 44 51
122400 9 62
122400 27 88
122400 28 69
122400 29 53
122700 9 62
122700 36 55
122700 36 79
122700 55 79
123000 0 48
123000 8 90
123000 29 53
123300 30 57
123300 51 90
123300 52 75
123300 56 59
123300 58 65
123300 59 78
123600 29 53
123600 46 89
123600 69 70
123900 29 53
123900 57 88
124200 15 60
124500 5 14
124500 29 70
124500 44 51
124800 3 14
124800 19 24
124800 24 48
124800 53 70
125100 16 84
125100 28 73
125100 44 51
125400 29 53
125400 39 51
125400 53 63
125400 53 69
125400 66 69
125700 11 44
125700 24 63
125700 37 82
125700 86 91
126000 0 14
126000 16 59
126000 53 69
126300 24 28
126300 29 53
126300 55 74
126300 76 81
126600 7 56
126600 9 62
126900 7 12
126900 23 29
127200 7 16
127200 29 53
127200 49 52
127500 23 30
127500 24 48
127800 11 24
127800 23 30
127800 50 86
127800 84 88
128100 37 84
128100 49 86
128100 50 74
128100 58 84
128400 3 58
128700 12 88
128700 22 85
128700 55 74
129000 2 15
129000 5 11
129000 14 19
129000 17 18
129000 19 79
129000 42 79
129300 0 48
129300 9 73
129300 15 67
129300 52 75
129600 9 63
129600 9 73
129600 9 28
129600 9 69
129600 24 48
129600 28 70
129600 37 65
129600 53 70
129600 61 62
129900 7 12
129900 22 32
130200 2 88
130200 7 58
130500 11 58
130500 27 64
130500 28 53
130500 53 70
130500 85 90
130800 1 16
130800 2 15
130800 31 71
130800 33 40
131100 11 44
131100 11 30
131100 24 48
131400 55 79
131700 7 46
131700 17 34
131700 17 18
131700 17 46
131700 32 85
131700 32 38
131700 35 75
131700 64 77
132000 0 24
132300 23 30
132300 49 74
132300 49 55
132300 55 74
132300 69 73
132600 28 69
132600 30 53
132600 53 70
132900 0 24
132900 17 68
133200 67 84
133500 14 24
133500 76 78
133800 49 55
133800 50 86
134100 29 53
134400 8 26
134400 29 53
134400 50 74
134400 53 69
134700 52 79
135000 7 78
135000 16 25
135000 27 60
135300 17 68
135300 45 58
135300 63 70
135300 64 77
135600 3 37
135600 8 26
135600 22 37
135600 23 30
135600 29 63
135600 37 90
135900 9 73
135900 28 84
135900 28 76
135900 76 84
136200 52 79
136500 12 44
136500 12 58
136500 12 77
136500 24 48
136500 58 65
136800 5 14
136800 6 88
136800 14 24
136800 28 30
137100 29 70
137100 44 72
137100 53 70
137400 62 73
137400 71 83
137700 0 24
138000 3 18
138000 7 58
138000 15 33
138300 35 52
138600 50 86
138600 52 84
138600 52 75
138600 59 76
138600 75 84
138900 18 47
138900 18 37
138900 58 65
139200 8 26
139200 26 80
139200 31 58
139200 39 85
139200 80 91
139500 5 18
139500 7 88
139500 8 26
139500 53 63
139800 5 18
140100 26 32
140100 57 60
140400 14 24
140400 50 55
140700 17 18
140700 22 58
140700 22 32
140700 32 58
141000 7 78
141000 29 53
141300 14 58
141300 21 76
141600 15 33
141600 22 85
141600 28 66
141600 44 51
141600 53 63
141900 2 10
141900 2 6
141900 6 10
142200 14 58
142200 21 40
142200 47 58
142500 22 85
142500 61 69
142800 45 83
142800 55 79
142800 58 72
142800 58 85
142800 80 85
143100 9 73
143100 24 28
143100 29 53
143400 4 36
143400 14 24
143400 27 56
143400 27 60
143400 28 53
143400 29 70
143400 29 53
143400 45 65
143400 65 72
143700 7 25
143700 35 84
143700 52 84
144000 58 65
144300 34 84
144300 35 75
144300 55 74
144300 67 84
144600 29 53
144900 21 56
144900 24 48
145200 9 62
145200 53 63
145500 24 48
145500 35 52
145500 39 45
145500 57 62
145800 12 60
145800 19 75
145800 35 75
145800 35 50
145800 50 75
145800 50 52
145800 52 75
146100 44 51
146100 57 62
146400 24 48
146700 6 12
146700 6 26
146700 9 62
146700 9 26
146700 12 46
146700 14 24
147000 21 69
147000 21 61
147000 61 69
147300 17 68
147300 28 69
147300 29 53
147300 37 82
147300 44 51
147600 11 44
147600 25 75
147900 22 64
148200 1 88
148200 5 51
148200 7 81
148200 7 88
148200 29 53
148200 39 51
148200 49 67
148200 55 86
148500 14 71
148500 44 51
148500 50 86
148800 7 58
148800 24 35
148800 29 53
148800 49 52
148800 55 79
149100 9 62
149100 16 76
149100 17 68
149100 21 61
149100 24 37
149100 35 75
149100 42 75
149100 45 90
149100 55 79
149100 59 76
149400 28 69
149700 25 36
149700 53 63
150000 4 86
150000 52 86
150300 3 83
150300 50 74
150600 2 10
150600 6 10
150600 6 12
150600 11 58
150600 16 53
150600 16 70
150600 39 65
150600 44 51
150600 51 58
150600 51 65
150600 53 70
150600 58 65
150600 67 84
150600 79 84
150600 84 86
150900 2 15
150900 17 18
150900 35 75
150900 79 87
151200 16 61
151200 23 53
151200 28 69
151200 30 53
151500 3 19
151500 3 14
151500 9 14
151500 19 42
151500 29 63
151800 24 45
151800 55 79
151800 69 73
152100 25 87
152400 17 18
152400 21 56
152400 21 59
152400 24 48
152400 32 58
152700 7 21
152700 7 78
152700 17 68
152700 21 78
152700 29 53
152700 36 50
153000 14 32
153300 9 62
153300 16 84
153300 24 48
153600 4 86
153600 7 12
153600 9 28
153600 9 63
153600 37 58
153600 52 87
153900 8 26
153900 26 32
153900 38 90
153900 38 85
153900 58 90
153900 58 85
153900 85 90
154200 21 27
154200 21 59
154200 34 45
154200 54 71
154500 9 62
154500 16 88
154500 23 53
154500 28 73
154500 29 73
154500 35 52
154500 53 73
154800 7 16
154800 7 25
154800 16 25
154800 17 18
154800 30 66
155100 17 18
155100 45 65
155100 49 52
155100 52 86
155400 12 42
155700 8 26
155700 21 61
155700 22 64
156000 28 53
156000 44 51
156300 17 34
156600 21 69
156600 29 63
156900 28 69
157200 35 75
157200 35 52
157500 35 75
157500 62 73
157800 17 68
157800 42 50
158100 35 75
158100 44 51
158400 37 58
158400 44 51
158700 38 58
158700 59 78
158700 76 78
159000 14 18
159000 25 58
159000 29 53
159000 35 75
159000 50 75
159000 53 63
159000 56 60
159300 49 55
159600 1 7
159600 7 40
159600 33 59
159900 9 62
159900 38 58
159900 38 45
159900 45 58
160200 19 86
160500 8 26
160500 9 62
160500 52 84
160800 24 58
160800 28 84
160800 28 62
161100 4 79
161100 9 29
161100 27 81
161400 11 44
161700 23 30
161700 29 53
161700 29 30
161700 35 52
161700 37 84
161700 43 45
161700 44 51
162000 28 29
162000 49 86
162300 36 50
162600 8 16
162600 28 69
162900 23 69
162900 23 30
162900 29 53
162900 30 63
162900 30 53
163200 7 58
163200 24 48
163200 29 53
163200 49 52
163500 21 56
163500 22 64
163500 24 48
163500 35 79
163500 77 82
163800 0 14
163800 14 37
163800 17 18
163800 28 30
163800 64 77
164100 7 16
164100 9 29
164100 22 32
164100 52 55
164100 55 74
164400 12 44
164400 12 72
164400 12 58
164400 17 34
164400 35 50
164400 43 58
164400 44 58
164400 44 56
164400 50 75
164400 53 70
164400 56 58
164400 56 65
164700 4 48
164700 8 34
164700 8 90
164700 8 58
164700 11 24
164700 27 76
164700 27 81
164700 45 58
165000 9 73
165000 11 23
165000 17 18
165000 22 85
165300 9 62
165300 18 34
165300 21 66
165300 29 69
165300 45 83
165300 50 74
165300 55 79
165300 57 60
165600 9 62
165600 29 73
165600 29 63
165900 9 73
165900 28 53
165900 50 74
166200 1 7
166200 1 27
166200 7 27
166200 14 37
166200 29 53
166500 9 62
166500 38 58
166500 38 45
166500 59 78
166500 76 78
166800 1 78
166800 9 19
166800 19 42
166800 19 50
166800 33 88
166800 58 72
166800 62 73
167100 21 69
167100 58 85
167400 5 11
167400 5 72
167400 9 62
167700 24 69
167700 28 69
168000 21 84
168000 30 66
168000 55 86
168300 9 73
168300 63 70
168600 5 37
168600 5 13
168600 5 74
168600 9 62
168600 74 81
168900 9 62
168900 18 90
168900 23 30
168900 50 60
168900 50 57
168900 57 88
169200 18 37
169200 53 70
169500 5 11
169500 14 48
169500 28 73
169500 29 53
169500 39 51
169500 61 71
169500 70 73
169800 12 58
169800 39 58
169800 79 88
170100 5 34
170100 5 37
170100 7 27
170100 23 30
170100 30 34
170400 2 88
170400 7 88
170400 40 88
170400 40 84
170400 84 88
170700 3 5
170700 29 73
170700 50 86
171000 0 14
171000 8 54
171000 8 32
171000 8 26
171000 22 91
171000 25 39
171000 39 51
171300 53 63
171600 5 21
171600 21 84
171900 1 84
171900 5 18
171900 15 88
171900 15 40
171900 15 84
171900 18 32
171900 22 32
171900 23 69
171900 28 30
171900 29 53
171900 59 88
171900 59 84
171900 62 75
171900 81 84
171900 84 88
172200 7 78
172200 20 35
172200 29 73
172200 35 52
172200 56 87
172200 56 84
172200 63 70
172200 84 87
172500 7 76
172800 5 72
172800 5 37
172800 5 22
172800 18 72
172800 22 37
172800 22 72
172800 22 26
172800 26 72
172800 26 37
172800 26 71
172800 28 73
172800 37 72
173100 29 53
173400 0 24
173400 5 34
173400 23 29
173400 29 30
173700 19 59
173700 19 76
173700 21 61
173700 24 45
173700 25 47
173700 27 57
173700 28 69
173700 44 51
173700 53 66
174000 1 59
174000 6 88
174000 32 38
174300 29 53
174600 7 27
174600 27 57
174600 57 60
174900 9 73
174900 16 88
174900 21 69
174900 22 64
174900 53 70
175200 5 80
175200 5 18
175200 18 80
175500 7 25
175500 16 25
175500 30 66
175500 50 86
175800 2 6
175800 5 51
175800 5 39
175800 6 10
175800 7 16
175800 9 62
175800 14 82
176100 28 69
176100 29 53
176100 37 82
176100 44 51
176400 79 86
176700 24 48
176700 37 58
177000 6 40
177000 9 30
177000 9 29
177000 28 29
177000 28 53
177000 29 53
177300 3 14
177300 7 88
177300 9 63
177300 9 28
177600 5 39
177600 14 58
177600 40 88
177600 49 55
177900 8 26
177900 44 51
178200 22 64
178200 24 48
178500 9 23
178500 9 62
178800 17 68
178800 36 50
179100 9 62
179100 77 82
179400 11 24
179400 11 51
179400 17 68
179400 22 64
179400 27 51
179400 27 68
179700 52 79
180000 0 48
180000 9 63
180000 32 71
180300 24 48
180600 17 18
180900 27 73
180900 29 53
180900 37 84
180900 49 86
180900 49 50
181200 23 29
181500 20 31
181500 24 31
181500 24 48
181500 31 48
181500 71 83
181800 28 70
182100 7 58
182100 21 84
182100 24 45
182100 56 60
182400 8 26
182400 22 71
182400 38 85
182400 38 90
182400 39 65
182400 58 85
182400 72 90
182700 12 44
182700 58 65
183000 6 58
183000 6 7
183000 7 58
183000 8 14
183000 9 62
183000 14 37
183000 35 75
183300 11 23
183300 23 69
183300 53 63
183600 0 24
183600 45 58
183600 50 86
183600 55 74
183900 17 84
183900 24 28
183900 29 53
184200 3 68
184200 29 63
184500 7 25
184500 16 25
184500 30 66
184800 3 22
184800 11 24
184800 42 79
184800 52 79
184800 55 79
185100 9 73
185400 7 12
185400 38 69
185700 69 70
186000 39 58
186000 79 84
186000 79 88
186300 0 24
186300 5 24
186300 39 58
186300 79 88
186600 0 24
186600 32 91
186600 57 60
186900 21 69
186900 21 61
186900 24 45
186900 30 66
186900 69 73
187200 24 44
187200 29 63
187500 29 53
187500 29 63
187500 45 65
187500 45 85
187500 58 65
187800 8 26
187800 22 91
187800 24 48
187800 29 91
187800 39 58
187800 42 43
188100 6 40
188400 53 66
188700 29 53
188700 35 75
188700 42 50
189000 0 48
189000 4 50
189000 9 62
189000 9 73
189000 15 67
189000 52 75
189300 21 76
189600 7 16
189600 7 84
189600 7 25
189600 16 84
189600 16 25
189600 25 84
189600 50 84
189900 15 33
189900 23 61
190200 11 23
190200 23 69
190200 45 58
190500 9 73
190500 45 70
190500 52 84
190500 53 70
190800 20 40
190800 29 53
191100 22 38
191100 25 28
191100 25 53
191100 28 53
191100 53 69
191400 50 84
191700 3 5
191700 29 63
191700 29 73
191700 50 88
192000 1 88
192000 9 62
192000 9 69
192000 9 66
192000 27 88
192000 28 69
192000 29 30
192000 30 66
192300 24 45
192300 25 47
192300 27 57
192300 53 70
192600 5 37
192600 5 18
192600 14 77
192600 18 37
192600 64 77
192900 24 48
192900 28 69
193200 7 76
193500 7 84
193500 35 86
193500 35 50
193500 37 80
193500 37 50
193500 38 86
193500 50 75
193500 50 80
193800 0 48
193800 9 69
193800 9 43
193800 9 73
193800 15 67
193800 23 69
193800 30 66
193800 44 51
193800 52 75
193800 62 73
193800 69 73
194100 11 57
194100 22 64
194100 29 30
194100 30 63
194100 47 58
194100 56 57
194400 9 69
194400 9 63
194400 24 48
194400 28 70
194400 53 70
194400 61 62
194700 9 69
194700 9 66
194700 9 62
194700 12 57
194700 27 75
194700 50 74
194700 62 69
194700 80 85
195000 23 30
195000 29 53
195000 52 86
195000 57 60
195000 74 86
195300 15 33
195300 46 76
195300 60 81
195600 4 50
195600 5 24
195600 7 57
195600 8 26
195600 9 62
195600 13 50
195600 14 90
195600 14 37
195600 32 80
195600 37 90
195900 5 85
195900 5 80
195900 21 84
195900 28 69
196200 17 34
196200 28 70
196500 37 58
196500 44 52
196800 1 65
196800 8 39
196800 8 85
196800 9 62
196800 14 45
196800 29 63
196800 38 45
196800 41 86
196800 50 75
196800 53 70
196800 75 79
197100 29 63
197400 11 84
197400 14 71
197400 37 58
197400 50 86
197700 0 24
197700 19 42
197700 19 50
197700 20 35
197700 22 32
197700 55 79
197700 84 87
198000 28 70
198000 39 72
198000 72 90
198300 28 69
198300 30 66
198300 52 75
198600 19 78
198600 21 63
198600 29 53
198900 28 84
199200 44 51
199200 88 89
199500 24 58
199800 28 70
199800 38 39
200100 3 37
200100 9 30
200100 32 88
200400 3 5
200400 29 63
200700 37 84
201000 9 60
201000 15 33
201000 35 75
201300 24 48
201300 29 53
201300 35 75
201600 0 14
201600 12 88
201600 31 51
201600 51 71
201900 12 56
201900 56 58
202200 55 79
202200 75 79
202500 11 77
202500 12 27
202500 17 34
202500 22 48
202500 27 81
202500 27 48
202500 27 77
202500 48 64
202500 64 77
202800 2 15
202800 23 30
203100 19 62
203100 21 56
203100 22 64
203100 77 82
203400 11 44
203400 24 48
203700 8 26
203700 49 74
204000 1 78
204000 3 5
204000 29 63
204300 9 62
204300 29 53
204600 28 66
204900 19 73
204900 52 75
205200 24 31
205200 31 48
205200 81 88
205500 22 64
205500 24 48
205500 77 82
205800 29 63
205800 37 77
205800 55 86
206100 3 5
206100 9 29
206100 11 48
206100 11 24
206100 24 48
206100 57 88
206100 74 86
206400 9 28
206400 9 69
206400 9 63
206400 17 68
206400 28 73
206400 28 70
206400 28 30
206400 28 69
206400 30 62
206400 35 75
206400 53 62
206400 53 70
206400 61 62
206700 25 86
206700 30 53
206700 53 77
207000 4 50
207000 4 52
207000 14 24
207000 21 69
207000 29 53
207300 19 73
207300 29 63
207300 56 84
207600 0 24
207600 50 86
207600 56 84
207900 7 16
207900 7 58
208200 8 85
208200 8 37
208200 9 62
208200 21 61
208200 59 76
208500 29 53
208500 37 58
208500 50 86
208500 51 65
208800 9 62
208800 9 19
208800 12 58
208800 14 37
208800 19 44
208800 21 61
208800 22 64
208800 29 53
208800 44 45
208800 44 58
208800 44 60
208800 53 63
209100 27 60
209100 29 63
209100 37 58
209100 50 75
209400 51 54
209400 63 89
209700 14 24
209700 29 63
209700 35 75
209700 59 76
210000 23 30
210000 42 76
210000 49 55
210300 11 48
210300 12 49
210300 49 67
210300 58 65
210300 60 89
210600 17 18
210900 5 37
210900 24 48
210900 24 31
210900 31 48
211200 8 50
211200 9 62
211200 38 58
211200 38 45
211200 50 75
211500 16 46
211500 35 84
211500 44 51
211500 57 88
211800 9 30
211800 12 76
211800 21 56
211800 22 64
211800 38 45
211800 56 76
212100 35 75
212100 55 86
212400 7 84
212400 8 26
212400 21 84
212400 31 71
212700 7 16
212700 7 25
212700 16 25
213000 2 15
213000 2 33
213000 9 73
213000 9 62
213000 15 72
213000 29 63
213000 50 75
213000 58 86
213000 58 78
213000 58 59
213000 59 78
213000 72 86
213000 72 78
213000 72 75
213000 75 86
213300 17 68
213300 22 85
213300 26 37
213300 28 70
213300 37 72
213300 55 86
213600 12 16
213600 27 81
213600 39 57
213600 50 86
213900 0 24
213900 42 79
213900 42 44
213900 56 84
214200 37 58
214500 28 53
214800 3 72
214800 22 38
214800 22 32
215100 3 44
215100 22 64
215100 44 51
215100 45 58
215400 3 65
215400 9 73
215400 17 51
215400 51 68
215700 21 56
215700 36 50
216000 11 23
216300 29 53
216300 37 58
216300 62 69
216600 17 80
216600 21 84
216600 24 48
216600 35 75
216600 46 84
216900 6 40
216900 15 33
216900 38 45
216900 44 52
217200 17 68
217500 11 69
217500 11 23
217500 23 69
217500 53 63
217800 22 38
218100 21 84
218100 23 29
218100 51 65
218400 3 80
218400 28 53
218400 49 55
218700 12 78
219000 0 48
219000 4 50
219000 9 73
219000 9 62
219000 15 67
219000 52 75
219000 53 66
219300 0 45
219300 7 78
219300 7 21
219300 14 24
219600 29 53
219900 7 12
219900 29 53
220200 29 53
220200 35 49
220200 37 84
220200 58 84
220500 21 56
220500 24 48
220800 9 62
220800 29 53
220800 37 58
220800 50 74
220800 57 88
221100 25 87
221400 18 22
221400 22 85
221400 28 66
221400 80 85
221700 29 53
222000 2 15
222000 7 16
222000 7 12
222000 12 16
222300 4 79
222300 37 58
222300 75 79
222600 14 37
222600 37 58
222600 44 51
222900 4 49
222900 29 53
222900 57 88
223200 59 76
223500 5 34
223500 29 63
223800 13 88
223800 21 88
223800 29 53
223800 29 69
223800 45 83
223800 50 74
223800 55 79
224100 1 15
224100 29 63
224100 55 79
224100 56 87
224100 75 79
224400 6 40
224400 9 73
224400 9 61
224400 50 86
224700 9 62
225000 1 16
225000 8 26
225300 5 84
225300 22 77
225300 24 48
225600 9 66
225600 9 62
225600 9 73
225600 11 84
225600 62 73
225900 53 69
225900 61 69
226200 7 78
226200 28 69
226200 28 66
226200 42 51
226200 46 60
226500 9 62
226500 29 53
226500 50 74
226500 58 72
226800 35 75
226800 39 58
226800 65 84
226800 79 88
227100 29 53
227100 29 63
227400 35 52
227400 44 77
227400 56 84
227700 5 85
227700 76 78
228000 29 53
228000 69 70
228300 42 84
228300 52 84
228300 53 63
228600 0 45
228600 4 86
228600 29 91
228600 29 53
228600 53 63
228900 22 64
228900 35 52
228900 44 51
228900 46 89
229200 21 59
229500 45 65
229500 50 86
229500 55 74
229800 22 72
229800 28 69
230100 11 44
230100 44 53
230100 53 70
230400 25 86
230400 29 53
230400 50 86
230700 4 55
231000 29 53
231300 3 68
231300 9 62
231300 28 69
231300 37 77
231300 52 75
231300 62 73
231600 9 73
231600 29 63
231900 9 63
231900 9 28
231900 61 62
232200 17 18
232200 29 53
232200 36 79
232500 5 18
232500 11 24
232500 79 84
232800 0 14
232800 3 14
232800 8 90
232800 9 69
232800 16 84
232800 30 53
232800 65 82
233100 2 15
233100 9 73
233100 9 30
233100 29 63
233100 61 63
233400 3 80
233700 1 78
233700 29 70
233700 45 65
234000 17 68
234000 50 86
234300 23 69
234600 11 23
234600 21 30
234600 23 69
234600 37 58
234600 74 86
234900 7 88
235200 9 62
235200 15 33
235200 44 52
235200 62 73
235500 23 29
235500 29 63
235500 31 71
235500 52 79
235800 24 45
235800 29 53
235800 44 51
236100 3 58
236100 29 63
236100 37 58
236100 50 75
236400 29 53
236700 26 32
237000 0 14
237000 14 37
237000 17 18
237000 37 82
237300 9 28
237300 15 60
237300 16 76
237300 28 62
237300 35 50
237300 38 90
237300 39 65
237300 50 75
237300 85 90
237600 16 76
237600 32 38
237900 12 44
237900 17 56
238200 24 59
238200 29 53
238200 45 90
238200 53 63
238500 29 53
238500 37 77
238800 2 15
238800 2 3
238800 2 48
238800 15 48
238800 24 48
238800 24 49
238800 35 75
238800 48 49
239100 0 48
239100 0 14
239100 9 62
239100 18 68
239100 28 29
239400 9 62
239400 9 53
239400 12 58
239400 12 44
239400 12 77
239400 39 65
239400 39 58
239400 44 65
239400 53 70
239400 58 65
239700 0 14
239700 9 62
239700 29 53
239700 37 58
240000 5 22
240000 5 72
240000 5 37
240000 22 37
240000 22 72
240000 22 26
240000 26 37
240000 29 53
240000 37 72
240000 37 90
240300 44 86
240300 58 65
240600 31 71
240900 49 74
241200 4 74
241200 24 48
241200 35 75
241500 6 40
241500 7 16
241800 29 70
242100 67 84
242400 9 62
242400 50 86
242700 24 32
243000 12 78
243000 58 65
243000 84 89
243300 28 69
243300 46 60
243300 49 86
243300 49 55
243300 55 86
243600 0 24
243600 4 86
243600 9 63
243600 9 69
243600 24 48
243600 61 62
243900 0 14
243900 0 3
243900 3 14
243900 7 78
244200 22 32
244500 0 14
244500 7 16
244500 8 60
244500 8 90
244500 9 62
244500 53 66
244800 9 30
244800 29 53
244800 30 62
244800 37 77
244800 49 52
244800 52 84
245100 22 64
245100 35 79
245100 77 82
245400 37 58
245400 50 86
245700 30 53
245700 58 72
246000 5 18
246000 35 50
246000 42 50
246000 50 86
246300 7 58
246300 21 69
246300 36 50
246600 0 14
246900 3 72
246900 22 32
246900 52 79
246900 62 73
246900 79 86
247200 11 24
247200 49 55
247500 2 10
247500 2 40
247500 6 10
247500 21 88
247500 44 51
247500 57 88
247800 7 86
248100 24 48
248100 46 84
248100 79 86
248400 14 24
248400 14 58
248400 24 58
248700 0 45
248700 29 53
248700 37 58
248700 37 47
249000 15 33
249000 60 81
249000 76 88
249300 21 28
249300 29 53
249300 67 78
249600 50 74
249900 5 51
249900 5 35
249900 14 39
249900 17 51
249900 27 65
249900 27 72
249900 27 35
249900 27 75
249900 35 37
249900 35 45
249900 35 75
249900 45 58
249900 45 72
249900 51 68
249900 58 72
250200 7 16
250200 29 53
250200 45 58
250500 3 24
250500 15 33
250500 28 29
250500 44 51
250500 53 63
250800 9 29
250800 11 48
250800 27 81
250800 57 88
251100 1 7
251100 9 73
251100 9 62
251100 14 51
251100 23 29
251100 28 29
251100 29 53
251100 49 55
251400 29 63
251700 28 70
252000 9 29
252000 29 62
252000 29 63
252000 62 73
252000 63 66
252300 21 46
252300 21 26
252300 24 48
252300 26 31
252300 49 79
252300 75 79
252600 17 18
252600 32 38
252900 1 40
252900 2 12
252900 7 40
252900 12 72
252900 58 72
253200 17 18
253500 4 86
253500 23 29
253500 29 53
253800 24 48
253800 46 84
253800 74 79
254100 5 47
254100 9 28
254100 9 63
254100 9 69
254100 9 73
254100 9 62
254100 24 48
254100 28 73
254400 17 18
254700 9 28
254700 12 84
254700 55 87
255000 50 86
255300 25 84
255300 64 77
255300 75 79
255600 9 62
255600 15 33
255600 35 75
255600 52 55
255600 60 81
255900 14 58
255900 22 38
256200 28 84
256500 9 62
256500 9 17
256500 24 48
256500 76 88
256800 7 88
256800 9 62
256800 29 53
257100 0 24
257100 0 48
257100 9 62
257100 15 67
257100 23 30
257400 29 53
257700 11 44
257700 63 70
258000 21 84
258000 24 48
258000 35 75
258000 55 79
258300 2 60
258300 28 53
258300 39 58
258300 58 65
258600 29 53
258600 37 58
258900 11 44
258900 19 28
258900 25 86
258900 35 75
258900 35 52
258900 45 65
258900 52 75
259200 23 30
259200 45 72
259200 45 65
259200 49 74
259200 50 86
259200 52 84
259200 65 72
259500 9 62
259500 9 19
259500 22 64
259500 24 48
259500 38 44
259800 9 66
259800 16 59
259800 50 59
259800 59 76
260100 9 30
260100 9 28
260100 9 53
260100 17 18
260100 28 30
260100 28 73
260100 29 53
260100 44 51
260100 50 75
260400 5 54
260400 7 59
260400 9 62
260400 62 69
260700 5 18
260700 12 77
260700 12 44
260700 12 64
260700 24 48
260700 39 65
260700 44 65
261000 9 62
261000 12 16
261000 35 75
261000 57 60
261000 57 88
261000 58 90
261300 5 18
261300 7 88
261300 16 88
261300 28 73
261300 29 53
261300 39 51
261300 49 86
261300 49 55
261300 55 86
261600 9 28
261600 9 63
261600 28 69
261600 37 77
261900 4 50
261900 15 67
261900 28 69
261900 30 66
261900 44 51
261900 52 75
261900 55 86
262200 0 24
262200 9 66
262200 23 29
262500 14 47
262500 32 38
262800 53 70
263100 7 27
263400 0 14
263400 7 16
263400 8 60
263400 15 67
263700 14 58
263700 21 61
264000 0 14
264000 53 70
264000 60 79
264300 21 46
264300 24 48
264300 26 31
264300 75 79
264600 8 26
264600 9 28
264600 9 62
264600 22 64
264600 28 73
264900 7 88
264900 17 51
264900 29 53
264900 29 63
264900 39 51
265200 22 64
265500 9 62
265500 17 18
265500 50 86
265500 79 87
265800 12 64
265800 12 45
265800 12 58
265800 17 18
265800 18 68
265800 34 58
265800 64 77
266100 9 62
266100 9 73
266100 17 18
266100 50 74
266100 53 69
266100 55 79
266400 7 81
266400 14 45
266400 57 60
266700 5 14
266700 37 58
267000 28 69
267000 29 70
267000 44 51
267300 24 48
267300 29 30
267300 30 63
267300 47 58
267600 9 73
267600 29 63
267900 11 23
268200 14 58
268200 21 61
268500 0 45
268500 3 5
268500 9 29
268500 9 30
268500 9 70
268500 9 28
268800 35 75
268800 45 58
269100 5 11
269100 8 85
269100 9 62
269100 12 29
269100 22 51
269100 29 53
269100 38 45
269100 40 41
269100 50 75
269100 61 90
269400 9 51
269400 9 39
269400 39 51
269700 15 60
269700 21 60
269700 85 90
270000 1 16
270000 1 59
270000 15 16
270000 16 59
270000 49 55
270000 55 79
270300 24 48
270300 57 76
270600 23 49
270600 25 49
270600 28 69
270600 37 77
270600 52 75
270600 53 61
270900 15 27
270900 23 30
270900 29 71
270900 37 58
271200 3 85
271200 50 86
271500 28 69
271500 29 53
271500 44 51
271800 9 66
271800 14 24
271800 24 58
271800 28 84
272100 0 48
272100 8 90
272100 16 84
272100 29 53
272400 5 24
272400 7 16
272400 8 26
272400 14 90
272400 18 37
272700 14 47
272700 45 72
273000 8 26
273000 29 53
273000 36 79
273000 36 55
273000 55 79
273300 29 63
273600 12 43
273900 21 76
273900 21 69
273900 22 85
274200 0 14
274200 18 45
274200 35 52
274500 29 53
274800 29 63
275100 1 12
275100 5 45
275100 9 73
275100 9 62
275400 27 60
275400 29 63
275700 28 30
276000 37 58
276000 53 66
276000 53 61
276000 53 70
276000 62 73
276300 24 48
276300 66 69
276600 3 14
276600 21 84
276600 28 73
276600 29 70
276600 45 65
276900 20 35
276900 29 61
276900 39 45
276900 42 79
276900 52 84
276900 56 84
276900 84 87
277200 1 88
277200 1 59
277200 22 32
277500 1 2
277500 2 10
277500 5 39
277500 6 10
277500 21 56
277500 45 58
277800 28 29
277800 29 70
278100 24 48
278100 26 71
278100 29 53
278100 35 75
278400 24 48
278400 52 75
278400 69 70
