0 5 18
0 11 24
0 79 84
300 59 76
600 0 45
600 29 53
600 37 58
600 37 47
900 3 14
900 3 44
900 9 73
900 9 19
900 9 62
900 11 44
900 19 73
900 29 63
900 62 73
900 62 66
1200 8 26
1200 29 53
1200 36 79
1200 36 55
1200 55 79
1500 30 57
1500 51 90
1500 52 75
1500 56 59
1500 58 65
1500 59 78
1800 9 73
1800 11 23
1800 17 18
1800 22 85
2100 52 79
2400 9 73
2400 9 19
2400 33 88
2400 50 75
2700 12 77
2700 12 84
2700 26 32
2700 77 84
3000 8 90
3000 8 58
3000 45 58
3000 70 73
3300 14 71
3300 44 51
3300 50 86
3600 0 48
3600 4 86
3600 9 63
3600 21 84
3600 52 87
3900 9 73
3900 16 88
3900 21 69
3900 22 64
3900 53 70
4200 24 48
4200 46 84
4200 79 86
4500 29 70
4800 67 84
5100 7 88
5100 17 51
5100 29 53
5100 29 63
5100 39 51
5400 11 44
5400 19 28
5400 25 86
5400 35 75
5400 35 52
5400 45 65
5400 52 75
5700 35 75
5700 45 58
6000 9 62
6300 19 62
6300 21 56
6300 22 64
6300 77 82
6600 12 58
6600 58 72
6600 59 78
6600 65 72
6900 17 80
6900 21 84
6900 24 48
6900 35 75
6900 46 84
7200 5 85
7200 5 72
7200 55 86
7200 72 80
7200 80 85
7500 69 70
7800 4 86
7800 9 73
7800 9 62
7800 24 48
8100 17 18
8100 42 43
8100 45 58
8400 11 16
8400 35 51
8400 35 84
8400 40 57
8400 44 51
8400 44 45
8400 45 51
8400 53 70
8400 56 88
8400 57 88
8700 28 53
8700 44 51
9000 9 62
9000 24 31
9000 24 48
9000 31 48
9300 8 26
9300 53 63
9600 24 45
9600 55 79
9600 69 73
9900 12 56
9900 56 58
10200 7 58
10200 29 53
10200 35 48
10200 55 79
10500 21 69
10500 21 61
10500 24 45
10500 30 66
10500 69 73
10800 2 15
10800 9 73
10800 9 30
10800 29 63
10800 61 63
11100 29 63
11400 22 64
11400 42 52
11700 23 49
11700 25 49
11700 28 69
11700 37 77
11700 52 75
11700 53 61
12000 0 45
12000 4 86
12000 29 91
12000 29 53
12000 53 63
12300 9 62
12300 16 84
12300 24 48
12600 22 64
12600 24 48
12600 44 51
12600 52 87
12600 77 82
12900 9 63
12900 28 70
12900 35 75
13200 14 58
13200 14 37
13200 22 91
13200 23 30
13200 38 80
13200 85 91
13500 24 45
13500 29 53
13500 37 58
13500 44 51
13800 7 76
14100 0 14
14100 16 59
14100 53 69
14400 21 59
14700 30 53
14700 58 72
15000 5 18
15000 29 90
15000 44 51
15000 45 64
15000 81 88
15300 22 50
15600 5 11
15600 8 85
15600 9 62
15600 12 29
15600 22 51
15600 29 53
15600 38 45
15600 40 41
15600 50 75
15600 61 90
15900 14 58
15900 25 79
16200 1 33
16200 1 7
16200 5 72
16200 24 45
16200 37 58
16200 58 65
16500 19 78
16500 21 63
16500 29 53
16800 9 62
16800 12 16
16800 35 75
16800 57 60
16800 57 88
16800 58 90
17100 29 53
17100 39 51
17100 53 63
17100 53 69
17100 66 69
17400 7 78
17400 29 53
17700 12 88
17700 22 85
17700 55 74
18000 12 58
18000 39 58
18000 79 88
18300 12 44
18600 8 16
18600 28 69
18900 4 79
18900 37 58
18900 75 79
19200 0 24
19200 0 14
19200 14 24
19200 14 48
19200 22 77
19200 24 48
19200 45 48
19500 7 58
19500 15 33
19500 44 52
19800 5 51
19800 5 35
19800 14 39
19800 17 51
19800 27 65
19800 27 72
19800 27 35
19800 27 75
19800 35 37
19800 35 45
19800 35 75
19800 45 58
19800 45 72
19800 51 68
19800 58 72
20100 9 19
20100 9 62
20100 9 73
20100 19 73
20100 45 65
20100 62 73
20400 1 76
20400 19 76
20400 22 64
20400 35 79
20400 77 82
20700 9 63
20700 9 73
21000 9 73
21000 50 86
21300 15 27
21300 23 30
21300 29 71
21300 37 58
21600 12 59
21600 20 84
21600 37 58
21600 59 76
21900 2 15
21900 9 73
21900 17 18
21900 35 75
22200 12 78
22200 58 65
22200 84 89
22500 17 18
22500 29 63
22800 24 48
22800 26 31
23100 9 66
23100 9 62
23100 9 73
23100 11 84
23100 62 73
23400 7 27
23400 7 57
23400 27 77
23400 27 58
23400 58 77
23700 5 37
23700 24 48
23700 24 31
23700 31 48
24000 0 14
24000 7 16
24000 8 90
24000 8 60
24000 9 69
24000 17 68
24000 17 18
24300 5 11
24300 5 72
24300 9 62
24600 22 64
24600 27 57
24600 44 51
24600 77 82
24900 11 58
24900 27 64
24900 28 53
24900 53 70
24900 85 90
25200 17 18
25200 35 75
25200 39 90
25500 16 76
25500 32 38
25800 7 78
25800 8 26
25800 14 24
25800 14 64
25800 17 68
25800 29 53
26100 28 69
26100 46 60
26100 49 86
26100 49 55
26100 55 86
26400 0 24
26400 50 86
26400 56 84
26700 9 62
26700 39 51
27000 7 58
27000 24 35
27000 29 53
27000 49 52
27000 55 79
27300 35 52
27300 44 77
27300 56 84
27600 29 70
27600 44 72
27600 53 70
27900 17 18
27900 22 32
27900 79 87
27900 84 87
28200 29 69
28200 66 69
28500 23 29
28500 29 63
28500 31 71
28500 52 79
28800 1 65
28800 8 39
28800 8 85
28800 9 62
28800 14 45
28800 29 63
28800 38 45
28800 41 86
28800 50 75
28800 53 70
28800 75 79
29100 58 65
29400 11 48
29400 12 49
29400 49 67
29400 58 65
29400 60 89
29700 24 48
29700 29 30
29700 30 63
29700 47 58
30000 28 70
30300 17 68
30300 45 58
30300 63 70
30300 64 77
30600 7 16
30600 29 53
30600 45 58
30900 3 11
30900 28 76
30900 57 76
31200 22 85
31200 61 69
31500 9 62
31500 9 19
31500 12 58
31500 14 37
31500 19 44
31500 21 61
31500 22 64
31500 29 53
31500 44 45
31500 44 58
31500 44 60
31500 53 63
31800 21 27
31800 21 59
31800 34 45
31800 54 71
32100 24 48
32100 57 76
32400 19 73
32400 52 75
32700 53 62
32700 76 78
33000 17 18
33000 45 65
33300 5 22
33300 23 61
33600 0 24
33600 4 84
33600 35 52
33600 55 79
33900 29 53
33900 37 58
34200 25 49
34200 55 79
34500 4 87
34500 9 62
34500 22 85
34500 29 53
34500 36 50
34500 84 89
34800 29 53
34800 69 70
35100 17 18
35400 5 18
35400 5 11
35400 62 73
35700 49 74
36000 8 26
36000 22 71
36000 38 85
36000 38 90
36000 39 65
36000 58 85
36000 72 90
36300 45 58
36300 45 72
36300 63 70
36600 56 84
36900 14 72
36900 30 73
36900 30 69
36900 53 69
37200 24 48
37200 31 91
37200 66 69
37500 24 48
37500 28 69
37800 0 48
37800 9 62
37800 15 67
37800 16 59
37800 24 48
37800 28 30
37800 28 69
37800 44 51
37800 52 75
37800 62 73
38100 4 52
38100 9 73
38100 9 69
38100 9 62
38100 29 53
38100 52 55
38100 55 79
38100 67 76
38400 7 88
38400 9 62
38400 29 53
38700 7 12
38700 38 69
39000 9 63
39000 9 28
39300 0 24
39300 32 91
39300 57 60
39600 29 70
39600 29 69
39600 29 53
39600 53 63
39600 59 78
39600 85 91
39900 9 73
40200 7 25
40200 28 69
40500 11 38
40500 23 30
40500 29 53
40500 62 73
40500 84 88
40800 53 63
41100 11 57
41100 22 64
41100 29 30
41100 30 63
41100 47 58
41100 56 57
41400 0 14
41400 3 14
41400 8 90
41400 9 69
41400 16 84
41400 30 53
41400 65 82
41700 1 59
41700 6 88
41700 32 38
42000 35 52
42300 14 47
42300 45 72
42600 9 28
42600 9 69
42600 9 63
42600 17 68
42600 28 73
42600 28 70
42600 28 30
42600 28 69
42600 30 62
42600 35 75
42600 53 62
42600 53 70
42600 61 62
42900 12 43
43200 21 84
43500 15 33
43800 6 40
43800 9 30
43800 9 29
43800 28 29
43800 28 53
43800 29 53
44100 20 31
44100 24 31
44100 24 48
44100 31 48
44100 71 83
44400 3 51
44400 3 23
44400 23 49
44400 28 69
44400 42 51
44400 52 75
44400 80 90
44700 7 27
44700 8 17
44700 8 51
44700 8 39
44700 8 14
44700 14 51
44700 14 90
44700 19 51
44700 39 51
44700 51 90
45000 17 18
45000 29 53
45000 36 79
45300 6 40
45300 24 45
45300 49 86
45300 57 60
45600 7 59
45600 8 90
45600 24 48
45600 79 86
45900 28 84
46200 29 53
46500 17 18
46800 8 83
46800 29 53
46800 44 51
47100 7 58
47100 9 73
47100 24 35
47100 29 53
47100 35 48
47100 42 55
47100 49 52
47400 15 33
47400 23 61
47700 21 69
47700 29 53
47700 75 79
48000 14 24
48000 14 58
48000 24 58
48300 5 11
48300 14 48
48300 28 73
48300 29 53
48300 39 51
48300 61 71
48300 70 73
48600 9 62
48600 9 73
48600 17 18
48600 50 74
48600 53 69
48600 55 79
48900 7 84
48900 16 84
48900 25 84
48900 64 77
49200 0 24
49200 17 18
49200 79 87
49200 84 87
49500 17 68
49500 50 86
49800 29 63
50100 0 14
50100 9 62
50100 29 53
50100 37 58
50400 7 81
50400 14 45
50400 57 60
50700 6 40
50700 12 44
50700 18 68
50700 28 30
50700 64 77
51000 9 29
51000 11 48
51000 27 81
51000 57 88
51300 25 86
51300 29 53
51300 50 86
51600 3 5
51600 3 22
51600 5 18
51600 11 24
51600 18 22
51600 22 64
51600 55 79
51900 14 37
51900 17 68
52200 25 88
52200 29 53
52200 38 51
52200 45 58
52200 51 72
52500 35 75
52500 44 51
52800 8 26
52800 44 51
53100 9 66
53100 16 59
53100 50 59
53100 59 76
53400 20 35
53400 29 61
53400 39 45
53400 42 79
53400 52 84
53400 56 84
53400 84 87
53700 7 78
53700 9 69
53700 9 29
53700 29 63
54000 8 39
54000 8 85
54000 9 62
54000 38 45
54300 14 24
54600 42 84
54600 52 84
54600 53 63
54900 50 74
55200 3 37
55200 9 30
55200 32 88
55500 24 48
55500 29 53
55500 35 75
55800 9 29
55800 14 48
55800 53 66
56100 1 84
56100 1 59
56100 6 84
56100 9 73
56100 20 84
56100 28 69
56100 67 84
56100 84 88
56400 9 73
56400 29 63
56700 24 45
56700 29 53
56700 44 51
57000 9 46
57000 55 84
57300 15 60
57600 7 86
57900 9 29
57900 29 62
57900 29 63
57900 62 73
57900 63 66
58200 14 18
58200 25 58
58200 29 53
58200 35 75
58200 50 75
58200 53 63
58200 56 60
58500 7 25
58500 9 72
58500 22 64
58500 35 52
58800 14 58
58800 21 61
59100 7 16
59100 7 84
59100 7 25
59100 16 84
59100 16 25
59100 25 84
59100 50 84
59400 28 43
59400 39 51
59700 23 30
59700 29 53
59700 52 86
59700 57 60
59700 74 86
60000 44 51
60000 55 79
60300 11 44
60300 24 48
60600 0 24
60600 20 84
60600 35 52
60600 35 84
60600 55 79
60600 56 87
60600 56 84
60900 9 62
60900 17 68
60900 18 68
61200 30 66
61200 32 91
61200 34 72
61200 53 63
61500 29 63
61800 12 88
61800 17 18
61800 55 74
62100 22 38
62100 25 28
62100 25 53
62100 28 53
62100 53 69
62400 17 68
62400 42 50
62700 17 18
62700 29 61
62700 44 51
63000 4 50
63000 4 52
63000 14 24
63000 21 69
63000 29 53
63300 29 53
63600 29 53
63600 50 74
63600 52 86
63900 14 85
63900 23 69
63900 23 31
63900 27 75
63900 31 69
64200 2 28
64200 5 22
64200 22 85
64500 11 23
64500 21 30
64500 23 69
64500 37 58
64500 74 86
64800 15 33
64800 49 50
65100 9 28
65100 9 63
65100 9 69
65100 28 69
65100 28 70
65400 3 80
65400 28 53
65400 49 55
65700 29 53
65700 37 58
65700 44 51
65700 67 76
66000 0 24
66000 21 42
66000 22 38
66000 24 45
66000 25 28
66000 27 57
66000 67 76
66300 16 78
66300 28 73
66300 53 63
66300 70 73
66300 75 79
66600 14 58
66600 53 66
66900 50 86
67200 34 84
67200 35 75
67200 55 74
67200 67 84
67500 24 28
67500 29 53
67800 1 12
67800 9 73
67800 9 62
67800 51 71
68100 17 18
68100 18 68
68100 24 48
68100 32 58
68400 9 66
68400 9 62
68400 30 66
68400 50 74
68400 58 72
68700 22 64
68700 35 52
68700 44 51
68700 46 89
69000 3 22
69000 28 66
69000 28 69
69300 0 24
69300 4 86
69300 9 63
69300 9 69
69300 24 48
69300 61 62
69600 28 30
69900 55 79
69900 75 79
70200 7 78
70200 28 69
70200 28 66
70200 42 51
70200 46 60
70500 8 82
70500 9 19
70500 9 62
70500 22 39
70500 22 64
70500 37 58
70500 38 44
70800 1 78
70800 9 19
70800 19 42
70800 19 50
70800 33 88
70800 58 72
70800 62 73
71100 20 40
71100 29 53
71400 3 5
71400 9 62
71400 9 29
71400 11 24
71400 11 48
71400 18 37
71400 24 48
71700 9 62
72000 7 76
72000 9 63
72300 24 58
72600 8 58
72600 14 58
72600 19 27
72600 27 50
72600 27 84
72600 27 35
72600 27 52
72600 27 75
72600 35 75
72600 35 38
72600 45 58
72600 58 72
72900 1 16
72900 35 84
72900 35 52
73200 3 14
73200 9 62
73200 9 28
73200 9 44
73200 34 44
73200 44 45
73500 2 88
73500 7 58
73800 22 85
74100 52 79
74400 44 86
74400 58 65
74700 1 7
74700 7 40
74700 33 59
75000 8 26
75000 14 44
75000 52 79
75300 29 53
75300 37 77
75600 29 53
75900 4 50
75900 9 62
75900 23 30
75900 30 44
75900 35 52
75900 46 49
75900 49 86
75900 53 70
76200 0 48
76200 8 90
76200 9 80
76200 9 30
76200 15 67
76200 24 48
76200 30 53
76200 53 73
76200 53 62
76500 22 64
76500 24 48
76500 77 82
76800 1 33
76800 1 2
76800 1 6
76800 2 6
76800 6 84
76800 6 33
76800 10 84
76800 12 44
76800 33 44
76800 39 51
76800 51 58
76800 51 65
76800 56 84
76800 58 65
76800 67 84
77100 1 84
77100 5 18
77100 15 88
77100 15 40
77100 15 84
77100 18 32
77100 22 32
77100 23 69
77100 28 30
77100 29 53
77100 59 88
77100 59 84
77100 62 75
77100 81 84
77100 84 88
77400 8 26
77400 26 32
77400 38 90
77400 38 85
77400 58 90
77400 58 85
77400 85 90
77700 11 77
77700 12 27
77700 17 34
77700 22 48
77700 27 81
77700 27 48
77700 27 77
77700 48 64
77700 64 77
78000 28 62
78000 28 29
78000 29 53
78300 9 62
78300 29 53
78300 50 74
78300 58 72
78600 27 60
78600 29 63
78900 3 53
78900 7 33
78900 11 56
78900 22 32
78900 22 45
78900 28 70
78900 44 51
78900 53 70
78900 53 61
79200 12 58
79200 43 58
79200 44 45
79200 79 88
79500 34 84
79500 35 75
79500 35 50
79500 37 84
79500 50 86
79500 75 86
79800 31 71
79800 44 51
79800 53 63
80100 17 34
80100 28 70
80400 28 69
80700 29 53
81000 6 40
81300 7 12
81300 23 29
81600 15 60
81600 21 60
81600 85 90
81900 0 45
81900 7 78
81900 7 21
81900 14 24
82200 9 73
82200 29 63
82500 1 16
82500 1 59
82500 15 16
82500 16 59
82500 49 55
82500 55 79
82800 7 84
82800 8 26
82800 21 84
82800 31 71
83100 8 26
83100 28 70
83400 0 24
83400 0 48
83400 9 62
83400 15 67
83400 23 30
83700 1 16
83700 7 88
83700 9 62
83700 35 79
83700 35 52
83700 35 36
83700 36 79
83700 76 88
84000 21 76
84300 21 69
84300 24 45
84600 4 86
84600 23 29
84600 29 53
84900 28 69
84900 46 89
85200 44 51
85200 58 65
85500 17 68
85500 29 53
85500 35 49
85500 57 60
85800 2 15
85800 3 14
85800 7 50
85800 9 62
85800 9 73
86100 17 84
86100 24 28
86100 29 53
86400 12 64
86400 12 45
86400 12 58
86400 17 18
86400 18 68
86400 34 58
86400 64 77
86700 8 26
86700 21 61
86700 22 64
87000 7 21
87000 7 78
87000 17 68
87000 21 78
87000 29 53
87000 36 50
87300 28 29
87300 29 70
87600 5 80
87600 5 18
87600 18 80
87900 14 24
87900 21 69
87900 29 53
87900 85 91
88200 12 59
88200 50 86
88200 75 84
88500 5 22
88500 5 72
88500 5 37
88500 22 37
88500 22 72
88500 22 26
88500 26 37
88500 29 53
88500 37 72
88500 37 90
88800 7 27
89100 29 63
89100 50 86
89400 17 18
89400 21 56
89400 21 59
89400 24 48
89400 32 58
89700 9 63
89700 28 70
89700 28 53
89700 37 65
89700 53 70
89700 61 62
90000 37 84
90300 3 72
90300 22 38
90300 22 32
90600 2 15
90600 23 30
90900 28 84
90900 39 51
91200 24 48
91200 35 52
91200 39 45
91200 57 62
91500 18 22
91500 22 85
91500 28 66
91500 80 85
91800 32 80
91800 50 74
92100 29 53
92100 53 70
92100 59 76
92400 29 53
92700 1 88
92700 9 73
92700 23 30
92700 29 63
92700 37 77
92700 62 73
93000 0 14
93000 14 37
93000 17 18
93000 37 82
93300 0 14
93600 9 28
93600 15 60
93600 16 76
93600 28 62
93600 35 50
93600 38 90
93600 39 65
93600 50 75
93600 85 90
93900 17 18
93900 45 65
93900 49 52
93900 52 86
94200 52 79
94500 8 26
94500 9 28
94500 9 62
94500 22 64
94500 28 73
94800 35 52
95100 9 30
95100 12 76
95100 21 56
95100 22 64
95100 38 45
95100 56 76
95400 5 24
95400 7 16
95400 8 26
95400 14 90
95400 18 37
95700 29 53
96000 1 84
96000 5 18
96000 6 84
96000 7 84
96000 20 84
96000 28 30
96000 29 53
96000 32 38
96000 33 84
96000 67 84
96000 81 84
96000 84 88
96300 7 27
96300 27 57
96300 57 60
96600 22 64
96900 4 55
97200 21 76
97200 21 69
97200 22 85
97500 5 14
97500 6 88
97500 14 24
97500 28 30
97800 23 53
97800 28 69
97800 35 52
97800 46 50
97800 50 86
97800 53 70
98100 39 72
98400 0 51
98400 17 18
98400 26 65
98400 29 53
98400 45 72
98700 11 24
98700 23 30
98700 50 86
98700 84 88
99000 15 33
99300 24 48
99300 26 71
99300 29 53
99300 35 75
99600 1 15
99600 29 63
99600 55 79
99600 56 87
99600 75 79
99900 36 50
100200 28 66
100500 11 24
100500 24 48
100800 7 50
101100 9 30
101100 29 53
101100 30 62
101100 37 77
101100 49 52
101100 52 84
101400 2 10
101400 2 6
101400 3 14
101400 6 10
101400 11 14
101400 14 34
101400 27 46
101400 44 51
101700 62 73
102000 17 18
102000 32 38
102300 0 48
102300 9 63
102300 32 71
102600 11 24
102600 11 51
102600 17 68
102600 22 64
102600 27 51
102600 27 68
102900 11 44
102900 11 30
102900 24 48
103200 4 52
103200 8 26
103200 28 29
103200 29 70
103200 37 77
103200 38 39
103500 39 58
103500 79 84
103500 79 88
103800 14 47
103800 32 38
104100 29 53
104100 37 58
104100 50 86
104100 51 65
104400 14 37
104400 37 58
104400 44 51
104700 0 14
104700 12 88
104700 31 51
104700 51 71
105000 9 62
105000 29 53
105300 29 53
105600 4 50
105600 5 24
105600 7 57
105600 8 26
105600 9 62
105600 13 50
105600 14 90
105600 14 37
105600 32 80
105600 37 90
105900 15 33
105900 25 86
106200 0 14
106200 7 78
106200 9 62
106200 21 84
106200 21 56
106200 29 53
106200 52 87
106500 11 26
106500 35 75
106800 8 79
106800 14 24
106800 21 69
106800 29 53
106800 45 58
107100 4 74
107100 24 48
107100 35 75
107400 0 48
107400 4 50
107400 9 73
107400 9 62
107400 15 67
107400 52 75
107400 53 66
107700 0 24
107700 45 58
107700 50 86
107700 55 74
108000 16 25
108000 52 87
108300 9 62
108300 35 75
108600 31 71
108900 18 47
108900 18 37
108900 58 65
109200 9 62
109200 9 66
109200 14 48
109200 24 32
109200 50 75
109200 59 76
109500 1 16
109500 2 15
109500 31 71
109500 33 40
109800 21 46
109800 24 48
109800 26 31
109800 75 79
110100 8 26
110100 29 53
110100 50 74
110100 53 69
110400 14 44
110400 14 22
110700 24 48
110700 52 84
110700 53 63
111000 44 51
111000 88 89
111300 7 88
111300 22 64
111300 59 67
111300 61 66
111600 9 69
111600 9 66
111600 9 62
111600 12 57
111600 27 75
111600 50 74
111600 62 69
111600 80 85
111900 8 26
111900 22 91
111900 24 48
111900 29 91
111900 39 58
111900 42 43
112200 29 53
112200 30 62
112200 49 52
112500 29 53
112500 59 76
112800 9 62
112800 17 18
112800 50 86
112800 79 87
113100 12 78
113400 14 24
113400 50 55
113700 19 62
113700 22 64
113700 77 82
114000 15 67
114000 30 66
114000 37 58
114000 37 77
114000 52 75
114000 62 73
114000 64 82
114000 65 82
114300 9 28
114300 9 63
114300 28 69
114300 37 77
114600 7 58
114600 21 84
114600 24 45
114600 56 60
114900 25 87
115200 6 12
115200 6 26
115200 9 62
115200 9 26
115200 12 46
115200 14 24
115500 21 61
115500 22 64
115500 57 88
115800 8 26
115800 23 30
115800 23 53
115800 29 53
115800 30 53
115800 39 58
116100 29 53
116100 52 87
116400 14 24
116400 28 84
116400 39 51
116700 5 18
116700 12 77
116700 12 44
116700 12 64
116700 24 48
116700 39 65
116700 44 65
117000 23 69
117300 0 65
117300 14 65
117300 39 45
117600 29 63
117600 50 86
117900 11 24
117900 19 59
117900 19 76
117900 37 72
117900 59 76
117900 70 73
118200 5 37
118200 5 18
118200 14 77
118200 18 37
118200 64 77
118500 17 68
118500 17 34
118500 34 68
118500 35 75
118500 36 75
118500 75 86
118800 8 26
118800 53 63
119100 23 30
119100 42 76
119100 49 55
119400 8 85
119400 8 37
119400 9 62
119400 21 61
119400 59 76
119700 35 75
119700 35 52
119700 52 75
120000 7 27
120000 27 60
120000 27 57
120000 28 61
120000 29 53
120000 49 74
120000 57 60
120300 9 62
120300 9 45
120300 12 57
120300 13 50
120300 14 85
120300 14 24
120300 27 75
120300 45 61
120300 45 83
120300 50 74
120600 3 24
120600 14 45
120600 24 29
120600 24 53
120600 24 28
120600 29 53
120600 44 51
120900 9 62
120900 22 85
120900 29 53
120900 29 30
120900 50 86
121200 21 69
121200 29 63
121500 49 55
121500 49 86
121500 50 86
121500 52 55
121800 6 58
121800 6 7
121800 7 58
121800 8 14
121800 9 62
121800 14 37
121800 35 75
122100 29 63
122400 9 73
122400 35 50
122400 50 86
122400 50 84
122700 9 62
122700 23 53
122700 23 73
122700 28 53
122700 28 73
122700 29 53
122700 39 51
123000 7 58
123300 16 46
123300 35 84
123300 44 51
123300 57 88
123600 1 16
123600 2 6
123600 2 10
123600 6 40
123600 6 27
123600 6 10
123600 10 16
123600 10 40
123600 12 77
123600 12 44
123600 16 33
123600 17 18
123600 24 48
123600 27 40
123600 27 46
123600 27 65
123600 27 57
123600 39 65
123600 46 56
123600 46 57
123900 4 86
123900 7 12
123900 9 28
123900 9 63
123900 37 58
123900 52 87
124200 9 62
124200 9 19
124200 22 64
124200 24 48
124200 38 44
124500 40 88
124500 55 74
124800 6 88
124800 18 37
124800 22 85
124800 23 69
124800 28 62
125100 2 15
125100 17 18
125100 35 75
125100 79 87
125400 1 27
125400 1 7
125400 6 27
125400 6 7
125400 27 33
125400 29 63
125400 37 58
125400 44 65
125700 14 32
126000 28 69
126000 37 82
126300 9 73
126600 7 12
126600 29 53
126900 1 59
126900 29 53
126900 75 79
127200 7 46
127200 17 34
127200 17 18
127200 17 46
127200 32 85
127200 32 38
127200 35 75
127200 64 77
127500 15 33
127500 60 81
127500 76 88
127800 14 58
127800 21 76
128100 21 46
128100 21 26
128100 24 48
128100 26 31
128100 49 79
128100 75 79
128400 17 68
128400 36 50
128700 29 53
129000 25 86
129000 30 53
129000 53 77
129300 3 14
129300 21 84
129300 28 73
129300 29 70
129300 45 65
129600 9 62
129900 28 69
130200 7 58
130200 19 76
130200 21 69
130200 28 73
130200 59 76
130500 29 53
130500 35 49
130500 37 84
130500 58 84
130800 19 73
130800 29 63
130800 56 84
131100 29 63
131100 50 84
131100 58 65
131100 59 76
131100 76 81
131400 0 14
131700 21 56
131700 24 48
132000 52 79
132300 24 48
132300 26 31
132300 35 75
132300 37 91
132600 28 29
132600 29 53
132600 35 52
132900 8 26
132900 44 51
133200 22 80
133200 28 69
133200 53 70
133500 3 68
133500 29 63
133800 9 23
133800 9 62
134100 4 86
134100 52 86
134400 29 53
134400 57 88
134700 5 34
134700 5 37
134700 7 27
134700 23 30
134700 30 34
135000 1 6
135000 1 33
135000 1 40
135000 1 10
135000 1 16
135000 2 10
135000 5 39
135000 6 40
135000 6 10
135000 10 40
135000 10 38
135000 10 16
135000 12 44
135000 12 77
135000 16 33
135000 24 48
135000 33 40
135000 38 45
135000 38 85
135000 45 85
135300 14 72
135300 14 34
135300 14 85
135300 24 48
135300 27 75
135300 27 35
135300 35 75
135600 50 86
135900 24 48
136200 11 44
136200 24 63
136200 37 82
136200 86 91
136500 29 53
136800 8 26
137100 2 39
137100 5 48
137100 12 48
137100 12 14
137100 12 20
137100 14 20
137100 14 58
137100 14 78
137100 20 58
137100 20 78
137100 24 87
137100 29 39
137100 31 58
137100 58 78
137400 44 51
137400 57 62
137700 21 84
137700 22 85
138000 4 79
138000 9 29
138000 27 81
138300 7 58
138300 21 69
138300 36 50
138600 8 26
138600 26 80
138600 31 58
138600 39 85
138600 80 91
138900 7 58
138900 12 15
138900 15 33
139200 17 68
139200 28 69
139200 29 53
139200 37 82
139200 44 51
139500 1 78
139500 3 5
139500 29 63
139800 24 48
139800 66 69
140100 26 52
140100 29 53
140400 28 84
140400 35 75
140400 39 51
140400 55 75
140700 9 53
140700 29 53
140700 37 58
140700 50 86
140700 53 73
141000 3 5
141000 29 63
141300 25 84
141300 64 77
141300 75 79
141600 12 42
141900 3 80
142200 15 33
142200 25 55
142200 56 60
142500 45 83
142500 55 79
142500 58 72
142500 58 85
142500 80 85
142800 0 14
142800 18 45
142800 35 52
143100 6 40
143100 7 16
143400 22 64
143400 35 79
143400 77 82
143700 5 72
143700 29 69
143700 29 53
143700 50 74
143700 53 69
143700 55 79
144000 14 24
144000 76 78
144300 23 69
144300 23 30
144300 29 53
144300 30 63
144300 30 53
144600 1 7
144600 17 18
144600 55 79
144600 75 79
144900 7 46
144900 17 18
144900 17 68
144900 45 58
145200 6 40
145200 15 33
145200 38 45
145200 44 52
145500 42 43
145500 42 72
145500 42 58
145500 58 72
145800 17 18
146100 19 50
146100 19 75
146100 27 60
146100 35 50
146100 35 75
146100 50 75
146400 9 62
146700 9 73
146700 28 84
146700 28 76
146700 76 84
147000 1 7
147000 9 73
147000 9 62
147000 14 51
147000 23 29
147000 28 29
147000 29 53
147000 49 55
147300 22 64
147300 35 79
147300 77 82
147600 49 84
147900 0 14
147900 14 37
147900 17 18
147900 28 30
147900 64 77
148200 9 62
148200 77 82
148500 24 48
148500 42 43
148500 44 45
148500 48 49
148500 53 70
148500 79 88
148800 11 44
148800 25 75
149100 0 48
149100 9 73
149100 15 67
149100 52 75
149400 2 15
149400 2 33
149400 9 73
149400 9 62
149400 15 72
149400 29 63
149400 50 75
149400 58 86
149400 58 78
149400 58 59
149400 59 78
149400 72 86
149400 72 78
149400 72 75
149400 75 86
149700 5 84
149700 22 77
149700 24 48
150000 0 14
150000 0 3
150000 3 14
150000 7 78
150300 5 72
150300 5 37
150300 5 22
150300 18 72
150300 22 37
150300 22 72
150300 22 26
150300 26 72
150300 26 37
150300 26 71
150300 28 73
150300 37 72
150600 11 23
150600 23 69
150600 53 63
150900 14 50
150900 22 64
150900 30 66
150900 44 86
151200 29 53
151500 7 12
151500 33 84
151500 72 85
151500 79 88
151800 7 58
151800 24 48
151800 29 53
151800 49 52
152100 8 26
152100 9 62
152100 9 28
152100 28 73
152100 28 62
152100 50 52
152100 50 86
152400 51 54
152400 63 89
152700 55 79
153000 7 56
153000 9 62
153300 5 54
153300 7 59
153300 9 62
153300 62 69
153600 3 44
153600 5 72
153600 7 58
153600 9 23
153900 42 51
153900 46 60
153900 53 70
154200 19 86
154500 21 56
154500 22 64
154500 24 48
154500 35 79
154500 77 82
154800 35 75
154800 45 65
154800 56 86
154800 56 84
154800 84 86
155100 11 23
155400 5 39
155400 35 87
155400 35 86
155400 35 52
155700 3 14
155700 14 37
155700 16 84
155700 50 75
156000 3 85
156000 50 86
156300 9 62
156300 11 44
156600 9 62
156600 18 90
156600 23 30
156600 50 60
156600 50 57
156600 57 88
156900 3 85
156900 22 85
157200 7 84
157200 24 84
157200 27 84
157200 33 84
157200 51 58
157500 24 48
157500 37 58
157800 28 53
157800 44 51
158100 17 68
158100 18 34
158100 35 75
158100 35 36
158100 36 75
158400 25 87
158700 7 16
158700 7 25
158700 16 25
158700 17 18
158700 30 66
159000 8 26
159000 14 44
159300 5 39
159300 8 84
159300 9 31
159300 24 48
159300 29 53
159300 46 84
159600 20 35
159600 39 45
159600 42 79
159900 11 84
159900 12 84
159900 16 33
159900 29 53
159900 42 43
159900 49 84
159900 49 58
159900 49 64
159900 58 84
159900 64 77
159900 79 88
160200 28 70
160200 38 39
160500 22 64
160500 24 48
160500 44 51
160500 77 82
160800 14 48
160800 23 30
160800 24 48
160800 39 58
160800 45 58
160800 45 72
160800 58 72
161100 0 24
161100 19 42
161100 19 50
161100 20 35
161100 22 32
161100 55 79
161100 84 87
161400 9 62
161400 27 88
161400 28 69
161400 29 53
161700 28 53
162000 0 45
162000 3 5
162000 9 29
162000 9 30
162000 9 70
162000 9 28
162300 1 16
162300 8 26
162600 3 5
162600 29 63
162900 53 69
162900 61 69
163200 37 58
163200 44 52
163500 24 44
163500 29 63
163800 8 26
163800 42 59
163800 53 63
164100 16 84
164100 28 69
164100 32 38
164100 35 50
164100 37 82
164100 37 77
164100 45 65
164400 22 38
164400 29 53
164400 29 30
164400 29 66
164400 30 53
164700 8 26
164700 9 62
164700 21 84
165000 0 48
165000 0 14
165000 9 62
165000 18 68
165000 28 29
165300 9 62
165600 23 30
165600 29 53
165600 29 30
165600 35 52
165600 37 84
165600 43 45
165600 44 51
165900 1 78
165900 7 78
165900 21 76
165900 24 48
165900 77 82
166200 5 18
166200 35 50
166200 42 50
166200 50 86
166500 50 86
166500 52 84
166500 52 75
166500 59 76
166500 75 84
166800 3 45
167100 5 34
167100 29 63
167400 28 70
167400 39 72
167400 72 90
167700 37 84
167700 49 86
167700 50 74
167700 58 84
168000 37 58
168000 53 66
168000 53 61
168000 53 70
168000 62 73
168300 45 65
168300 50 86
168300 55 74
168600 2 71
168600 14 58
168600 14 39
168600 14 24
168600 37 82
168600 39 58
168600 53 70
168600 58 82
168900 0 14
168900 5 22
168900 5 37
168900 16 45
168900 22 37
168900 22 26
168900 22 34
168900 26 37
168900 26 72
168900 34 37
168900 37 72
168900 40 84
168900 40 78
168900 60 81
168900 60 88
168900 81 88
169200 7 12
169200 29 53
169200 45 83
169200 50 74
169500 8 26
169500 9 62
169500 9 73
169500 69 73
169800 17 68
170100 1 7
170100 1 27
170100 7 27
170100 14 37
170100 29 53
170400 29 63
170700 11 44
170700 44 53
170700 53 70
171000 7 25
171000 9 66
171000 22 64
171300 0 48
171300 9 69
171300 9 43
171300 9 73
171300 15 67
171300 23 69
171300 30 66
171300 44 51
171300 52 75
171300 62 73
171300 69 73
171600 8 26
171600 9 62
171600 52 84
171900 22 64
172200 53 70
172500 24 31
172500 31 48
172500 81 88
172800 0 65
172800 0 14
172800 22 64
172800 24 48
172800 44 51
173100 9 62
173100 29 69
173100 50 74
173100 53 69
173100 55 79
173400 0 14
173400 7 16
173400 8 60
173400 15 67
173700 1 76
173700 37 58
174000 58 59
174000 59 76
174000 59 78
174000 60 81
174000 76 88
174300 7 12
174300 22 32
174600 12 60
174600 19 75
174600 35 75
174600 35 50
174600 50 75
174600 50 52
174600 52 75
174900 7 58
174900 7 25
174900 21 69
174900 25 58
174900 27 76
174900 28 66
174900 75 79
174900 76 78
175200 4 49
175200 29 53
175200 57 88
175500 5 39
175500 14 58
175500 40 88
175500 49 55
175800 9 62
175800 15 33
175800 35 75
175800 52 55
175800 60 81
176100 63 70
176400 17 18
176700 35 75
176700 76 84
177000 28 62
177000 29 53
177000 45 85
177000 45 65
177300 24 45
177300 25 47
177300 27 57
177300 53 70
177600 0 24
177600 17 68
177900 28 70
178200 24 48
178200 46 84
178200 74 79
178500 53 66
178800 18 37
178800 23 30
178800 38 91
179100 7 76
179400 3 18
179400 7 58
179400 15 33
179700 29 53
179700 50 86
180000 14 58
180000 21 61
180300 0 14
180300 41 79
180300 53 69
180300 77 82
180600 9 62
180600 18 34
180600 21 66
180600 29 69
180600 45 83
180600 50 74
180600 55 79
180600 57 60
180900 2 6
180900 5 51
180900 5 39
180900 6 10
180900 7 16
180900 9 62
180900 14 82
181200 11 48
181200 22 32
181200 58 65
181500 3 72
181500 22 32
181500 52 79
181500 62 73
181500 79 86
181800 22 85
181800 46 89
182100 6 40
182100 9 62
182100 35 49
182100 55 74
182400 3 22
182400 11 24
182400 42 79
182400 52 79
182400 55 79
182700 3 14
182700 19 24
182700 24 48
182700 53 70
183000 5 72
183000 9 62
183000 49 86
183300 50 84
183600 3 43
183600 29 53
183900 7 25
183900 7 16
183900 30 66
183900 61 69
184200 5 18
184200 12 77
184200 12 64
184200 24 48
184200 64 77
184500 7 76
184500 12 16
184500 14 37
184500 27 81
184500 35 75
184800 32 38
185100 2 15
185100 2 3
185100 2 48
185100 15 48
185100 24 48
185100 24 49
185100 35 75
185100 48 49
185400 22 64
185400 28 73
185700 9 30
185700 9 28
185700 9 53
185700 17 18
185700 28 30
185700 28 73
185700 29 53
185700 44 51
185700 50 75
186000 7 25
186000 16 25
186000 30 66
186000 50 86
186300 17 18
186300 22 58
186300 22 32
186300 32 58
186600 39 58
186600 44 58
186600 49 58
186600 49 79
186600 49 88
186600 79 88
186600 79 84
186900 2 10
186900 6 10
186900 6 12
186900 11 58
186900 16 53
186900 16 70
186900 39 65
186900 44 51
186900 51 58
186900 51 65
186900 53 70
186900 58 65
186900 67 84
186900 79 84
186900 84 86
187200 14 58
187200 21 61
187500 9 62
187500 29 53
187800 29 53
187800 35 75
187800 42 50
188100 11 23
188100 17 18
188100 23 69
188100 35 74
188100 62 73
188400 1 6
188400 1 59
188400 1 88
188400 7 81
188400 29 53
188700 79 86
189000 4 41
189000 27 57
189000 28 69
189300 2 15
189300 9 73
189300 20 40
189300 40 75
189300 44 70
189600 5 18
189900 9 73
190200 9 73
190200 9 62
190200 50 74
190500 2 15
190500 5 11
190500 14 19
190500 17 18
190500 19 79
190500 42 79
190800 9 63
190800 37 77
191100 21 56
191100 36 50
191400 22 64
191400 28 57
191400 37 58
191700 2 88
191700 7 88
191700 40 88
191700 40 84
191700 84 88
192000 29 53
192000 37 58
192300 1 12
192300 5 45
192300 9 73
192300 9 62
192600 28 69
192600 29 70
192600 44 51
192900 28 70
193200 42 86
193200 55 86
193500 28 69
193500 29 53
193500 44 51
193800 13 88
193800 21 88
193800 29 53
193800 29 69
193800 45 83
193800 50 74
193800 55 79
194100 5 14
194100 29 70
194100 44 51
194400 9 62
194400 38 58
194400 38 45
194400 45 58
194700 29 53
195000 7 84
195000 35 86
195000 35 50
195000 37 80
195000 37 50
195000 38 86
195000 50 75
195000 50 80
195300 9 73
195300 9 62
195300 17 18
195300 50 74
195300 53 69
195600 29 63
195600 37 77
195600 55 86
195900 9 62
195900 29 53
195900 37 58
195900 50 74
195900 57 88
196200 15 33
196200 23 30
196200 53 63
196500 9 63
196500 9 28
196500 61 62
196800 9 73
196800 9 62
197100 11 86
197100 12 86
197100 76 78
197400 22 64
197400 24 48
197700 7 88
198000 35 75
198000 62 73
198300 9 60
198300 15 33
198300 35 75
198600 9 62
198600 9 53
198600 12 58
198600 12 44
198600 12 77
198600 39 65
198600 39 58
198600 44 65
198600 53 70
198600 58 65
198900 12 44
198900 12 72
198900 12 58
198900 17 34
198900 35 50
198900 43 58
198900 44 58
198900 44 56
198900 50 75
198900 53 70
198900 56 58
198900 56 65
199200 0 14
199200 53 70
199200 60 79
199500 6 40
199500 9 73
199500 9 61
199500 50 86
199800 7 88
199800 9 62
199800 52 75
200100 24 48
200100 24 45
200100 29 63
200100 29 70
200100 39 45
200100 42 50
200100 42 65
200100 45 72
200100 45 48
200400 18 37
200400 53 70
200700 12 44
200700 12 58
200700 12 77
200700 24 48
200700 58 65
201000 14 24
201300 5 11
201300 18 37
201300 29 53
201600 8 50
201600 9 62
201600 38 58
201600 38 45
201600 50 75
201900 23 30
201900 49 74
201900 49 55
201900 55 74
201900 69 73
202200 29 53
202500 28 84
202800 21 28
202800 29 53
202800 67 78
203100 7 78
203100 16 25
203100 27 60
203400 24 48
203400 52 75
203400 69 70
203700 8 26
203700 49 74
204000 29 53
204000 51 65
204300 0 48
204300 9 77
204300 9 62
204300 28 73
204300 44 51
204600 8 26
204600 50 74
204900 64 77
205200 53 70
205500 1 2
205500 2 10
205500 5 39
205500 6 10
205500 21 56
205500 45 58
205800 14 24
205800 29 63
205800 35 75
205800 59 76
206100 29 53
206100 29 63
206100 45 65
206100 45 85
206100 58 65
206400 21 69
206400 21 61
206400 61 69
206700 3 19
206700 3 14
206700 9 14
206700 19 42
206700 29 63
207000 28 70
207300 1 76
207300 27 76
207300 35 79
207300 44 51
207300 77 82
207600 22 38
207900 22 77
207900 22 64
208200 35 75
208200 50 86
208500 0 24
208500 42 79
208500 42 44
208500 56 84
208800 5 72
208800 5 37
208800 22 26
208800 22 37
208800 22 72
208800 26 37
208800 26 72
208800 29 53
208800 37 72
208800 53 63
209100 11 24
209400 23 29
209700 28 84
209700 39 51
210000 1 78
210000 29 70
210000 45 65
210300 11 23
210600 23 30
210600 45 72
210600 45 65
210600 49 74
210600 50 86
210600 52 84
210600 65 72
210900 9 73
210900 14 24
210900 59 76
211200 1 33
211200 11 72
211200 14 37
211200 64 77
211500 24 69
211500 28 69
211800 37 58
211800 44 51
212100 3 58
212100 29 63
212100 37 58
212100 50 75
212400 0 48
212400 8 90
212400 29 53
212700 67 84
213000 5 14
213000 37 58
213300 29 53
213300 37 58
213300 62 69
213600 28 29
213600 49 86
213900 3 5
213900 29 73
213900 50 86
214200 49 55
214200 50 86
214500 35 75
214500 55 86
214800 14 48
214800 14 24
214800 24 48
214800 53 63
215100 26 32
215100 57 60
215400 3 18
215400 9 62
215400 18 65
215400 29 53
215700 3 44
215700 22 64
215700 44 51
215700 45 58
216000 26 32
216300 3 14
216300 4 86
216300 7 12
216300 9 28
216600 2 33
216600 24 87
216600 58 62
216900 50 74
216900 53 69
217200 29 53
217200 52 86
217500 3 24
217500 15 33
217500 28 29
217500 44 51
217500 53 63
217800 0 14
217800 7 16
217800 8 60
217800 8 90
217800 9 62
217800 53 66
218100 24 48
218400 9 62
218400 14 24
218400 19 58
218400 21 69
218400 25 79
218400 39 51
218400 51 65
218400 58 72
218400 65 72
218400 66 70
218700 3 37
218700 8 26
218700 22 37
218700 23 30
218700 29 63
218700 37 90
219000 5 37
219000 5 13
219000 5 74
219000 9 62
219000 74 81
219300 4 48
219300 8 34
219300 8 90
219300 8 58
219300 11 24
219300 27 76
219300 27 81
219300 45 58
219600 9 73
219600 45 70
219600 52 84
219600 53 70
219900 58 65
219900 76 78
219900 76 81
219900 78 81
220200 29 53
220200 46 89
220200 69 70
220500 12 44
220500 58 65
220800 7 16
220800 9 29
220800 22 32
220800 52 55
220800 55 74
221100 27 60
221100 29 63
221100 37 58
221100 50 75
221400 11 48
221400 49 84
221400 50 74
221400 75 88
221400 79 88
221700 5 37
221700 5 34
221700 7 27
221700 7 88
221700 27 88
221700 34 37
222000 12 44
222000 17 56
222300 5 14
222600 17 18
222600 22 32
222600 79 87
222900 40 56
223200 4 79
223200 16 84
223500 25 36
223500 53 63
223800 11 44
224100 49 55
224400 7 84
224400 44 65
224400 58 65
224700 5 44
224700 11 44
224700 28 69
224700 29 70
224700 44 51
225000 5 47
225000 9 28
225000 9 63
225000 9 69
225000 9 73
225000 9 62
225000 24 48
225000 28 73
225300 35 75
225600 15 33
225600 22 85
225600 22 32
225600 28 66
225600 53 63
225600 58 72
225900 29 53
225900 37 58
226200 21 84
226200 30 66
226200 55 86
226500 3 8
226500 14 85
226500 19 79
226500 24 48
226500 45 65
226800 0 48
226800 8 90
226800 16 84
226800 29 53
227100 21 84
227100 24 48
227100 35 75
227100 55 79
227400 9 62
227400 50 86
227700 2 60
227700 28 53
227700 39 58
227700 58 65
228000 2 10
228000 2 6
228000 6 10
228300 3 58
228600 44 51
228600 77 82
228900 28 69
229200 3 83
229200 50 74
229500 5 18
229500 7 88
229500 8 26
229500 53 63
229800 17 68
229800 22 85
229800 26 37
229800 28 70
229800 37 72
229800 55 86
230100 11 26
230100 35 75
230400 14 58
230400 21 40
230400 47 58
230700 0 24
230700 9 66
230700 23 29
231000 0 14
231000 9 62
231000 12 32
231000 17 51
231000 21 56
231000 24 45
231000 28 62
231000 56 60
231300 11 84
231300 14 71
231300 37 58
231300 50 86
231600 22 72
231600 28 69
231900 23 30
231900 24 48
232200 23 29
232200 55 74
232500 9 62
232500 9 17
232500 24 48
232500 76 88
232800 9 28
232800 12 84
232800 55 87
233100 5 85
233100 76 78
233400 7 25
233400 22 64
233400 49 84
233400 50 84
233400 50 52
233400 52 84
233700 38 58
233700 59 78
233700 76 78
234000 24 58
234000 28 84
234000 28 62
234300 34 84
234300 58 72
234300 80 85
234600 5 85
234600 5 80
234600 21 84
234600 28 69
234900 2 10
234900 2 40
234900 6 10
234900 21 88
234900 44 51
234900 57 88
235200 55 79
235500 16 84
235500 28 73
235500 44 51
235800 34 86
236100 15 33
236400 19 59
236400 19 76
236400 21 61
236400 24 45
236400 25 47
236400 27 57
236400 28 69
236400 44 51
236400 53 66
236700 0 24
237000 22 85
237000 76 78
237300 45 65
237600 16 61
237600 23 53
237600 28 69
237600 30 53
237900 5 14
237900 9 62
237900 37 58
237900 44 45
238200 24 32
238500 9 62
238500 16 76
238500 17 68
238500 21 61
238500 24 37
238500 35 75
238500 42 75
238500 45 90
238500 55 79
238500 59 76
238800 9 62
238800 38 58
238800 38 45
238800 59 78
238800 76 78
239100 21 69
239100 58 85
239400 14 65
239400 14 45
239400 22 64
239400 29 53
239400 39 58
239400 39 85
239400 46 89
239400 58 85
239400 58 65
239700 17 34
240000 3 14
240000 7 88
240000 9 63
240000 9 28
240300 1 40
240300 1 6
240300 6 60
240300 27 84
240300 44 65
240300 58 65
240600 14 24
240600 22 77
240900 29 63
241200 58 65
241200 76 84
241500 28 69
241500 30 66
241500 52 75
241800 1 59
241800 1 88
241800 1 84
241800 11 24
241800 12 88
241800 15 88
241800 23 69
241800 24 55
242100 29 53
242400 9 62
242400 16 88
242400 23 53
242400 28 73
242400 29 73
242400 35 52
242400 53 73
242700 29 53
242700 29 63
243000 0 24
243300 9 62
243300 29 53
243300 57 88
243600 37 58
243600 50 86
243900 5 74
243900 5 37
243900 9 62
243900 9 73
243900 24 48
243900 24 77
243900 24 74
244200 22 85
244200 29 53
244200 32 38
244500 9 73
244500 24 28
244500 29 53
244800 18 90
244800 23 30
244800 35 75
244800 46 84
244800 50 86
244800 50 60
244800 57 88
244800 62 73
245100 2 10
245100 10 16
245100 10 33
245100 11 84
245100 12 44
245100 24 31
245100 39 51
245100 51 58
245100 58 65
245400 52 86
245400 63 70
245700 24 48
245700 31 32
246000 9 62
246000 53 63
246300 28 69
246300 29 53
246300 37 82
246300 44 51
246600 3 68
246600 9 62
246600 28 69
246600 37 77
246600 52 75
246600 62 73
246900 7 25
246900 16 25
246900 30 66
247200 28 69
247200 65 91
247500 5 21
247500 21 84
247800 14 22
247800 14 39
247800 21 84
247800 30 90
247800 59 78
248100 0 24
248100 5 24
248100 39 58
248100 79 88
248400 0 48
248400 8 90
248400 8 16
248400 29 53
248400 29 30
248400 62 73
248700 29 53
249000 24 48
249300 28 73
249300 62 73
249300 67 84
249300 67 76
249600 14 37
249600 35 87
249600 35 52
249600 44 51
249900 4 50
249900 15 67
249900 28 69
249900 30 66
249900 44 51
249900 52 75
249900 55 86
250200 15 33
250200 50 86
250200 60 81
250200 76 88
250500 9 73
250500 28 53
250500 50 74
250800 21 69
250800 29 63
251100 3 5
251100 9 29
251100 11 48
251100 11 24
251100 24 48
251100 57 88
251100 74 86
251400 24 59
251400 29 53
251400 45 90
251400 53 63
251700 1 40
251700 2 12
251700 7 40
251700 12 72
251700 58 72
252000 0 14
252000 8 54
252000 8 32
252000 8 26
252000 22 91
252000 25 39
252000 39 51
252300 11 24
252300 49 55
252600 9 73
252600 29 53
252600 53 73
252900 9 62
252900 36 55
252900 36 79
252900 55 79
253200 15 33
253500 7 16
253500 7 25
253500 16 25
253800 14 24
253800 18 47
254100 22 64
254100 24 48
254100 77 82
254400 32 85
254400 50 86
254700 22 64
254700 40 88
254700 44 51
254700 67 78
255000 7 16
255000 7 58
255300 9 23
255300 9 73
255300 14 24
255600 5 24
255600 5 65
255600 9 66
255600 9 13
255600 24 32
255600 57 60
255900 27 73
255900 29 53
255900 37 84
255900 49 86
255900 49 50
256200 15 33
256200 46 76
256200 60 81
256500 5 18
256500 7 88
256500 16 88
256500 28 73
256500 29 53
256500 39 51
256500 49 86
256500 49 55
256500 55 86
256800 21 56
256800 24 48
257100 29 53
257400 1 88
257400 9 62
257400 9 69
257400 9 66
257400 27 88
257400 28 69
257400 29 30
257400 30 66
257700 14 58
257700 22 38
258000 7 12
258000 22 91
258000 24 32
258000 33 84
258000 79 88
258000 85 91
258300 11 44
258300 63 70
258600 9 62
258600 29 73
258600 29 63
258900 4 36
258900 14 24
258900 27 56
258900 27 60
258900 28 53
258900 29 70
258900 29 53
258900 45 65
258900 65 72
259200 2 28
259200 2 39
259200 11 34
259200 28 38
259200 61 86
259200 77 86
259500 62 73
259500 71 83
259800 7 16
259800 29 53
259800 49 52
260100 5 72
260100 49 55
260100 49 86
260100 55 86
260400 5 37
260400 35 75
260400 35 49
260400 46 57
260700 9 73
260700 29 69
260700 29 53
260700 37 58
260700 50 74
260700 53 69
261000 22 32
261300 45 72
261600 1 88
261600 5 51
261600 7 81
261600 7 88
261600 29 53
261600 39 51
261600 49 67
261600 55 86
261900 9 63
262200 17 68
262200 28 45
262200 44 45
262500 2 15
262500 7 16
262500 7 12
262500 12 16
262800 7 25
262800 35 84
262800 52 84
263100 8 37
263100 37 82
263100 37 58
263100 58 82
263400 24 58
263400 32 80
263400 67 76
263700 15 33
263700 22 85
263700 28 66
263700 44 51
263700 53 63
264000 22 64
264000 45 85
264000 45 65
264000 65 85
264300 35 75
264300 39 58
264300 65 84
264300 79 88
264600 9 28
264600 9 63
264900 3 65
264900 9 73
264900 17 51
264900 51 68
265200 7 25
265200 19 79
265200 21 79
265200 21 61
265200 24 48
265200 24 45
265200 28 69
265200 61 66
265200 79 87
265500 9 62
265500 15 33
265500 44 52
265500 62 73
265800 11 23
265800 23 69
265800 45 58
266100 2 84
266100 3 68
266100 9 62
266100 9 30
266100 24 48
266100 52 75
266100 62 73
266400 29 53
266700 8 26
266700 42 43
266700 53 63
267000 14 39
267000 14 58
267300 9 62
267300 22 32
267300 76 78
267600 12 16
267600 27 81
267600 39 57
267600 50 86
267900 35 55
267900 50 74
268200 1 88
268200 1 59
268200 22 32
268500 28 69
268500 30 53
268500 53 70
268800 11 69
268800 11 23
268800 23 69
268800 53 63
269100 9 69
269100 9 63
269100 24 48
269100 28 70
269100 53 70
269100 61 62
269400 9 63
269400 9 73
269400 9 28
269400 9 69
269400 24 48
269400 28 70
269400 37 65
269400 53 70
269400 61 62
269700 35 75
269700 35 52
270000 11 44
270300 7 78
270300 7 59
270300 20 52
270300 20 35
270300 25 35
270300 28 40
270300 28 73
270300 35 52
270300 35 84
270300 35 87
270300 40 84
270300 42 79
270300 52 84
270300 56 87
270300 56 84
270600 9 73
270600 63 70
270900 9 51
270900 9 39
270900 39 51
271200 18 37
271200 29 53
271200 35 55
271200 39 72
271200 80 85
271500 29 53
271800 24 28
271800 29 53
271800 55 74
271800 76 81
272100 7 76
272100 8 26
272100 15 33
272100 23 29
272100 29 53
272100 53 63
272400 37 58
272700 2 28
272700 5 22
272700 23 61
273000 15 33
273300 29 63
273600 5 75
273900 0 24
273900 5 34
273900 23 29
273900 29 30
274200 29 70
274500 29 53
274800 52 79
275100 7 78
275100 20 35
275100 29 73
275100 35 52
275100 56 87
275100 56 84
275100 63 70
275100 84 87
275400 22 32
275400 53 70
275700 3 72
275700 3 83
275700 14 44
275700 44 51
276000 9 66
276000 14 24
276000 24 58
276000 28 84
276300 9 73
276300 49 73
276300 50 86
276300 57 60
276600 7 33
276600 58 72
276600 64 77
276900 8 30
276900 8 90
276900 9 73
276900 15 67
276900 52 75
276900 53 73
277200 14 72
277200 28 53
277500 0 48
277500 4 50
277500 9 62
277500 9 73
277500 15 67
277500 52 75
277800 14 22
278100 3 5
278100 29 63
278100 29 73
278100 50 88
278400 21 84
278400 23 29
278400 51 65
