0 17 18
0 29 53
0 36 79
300 29 53
600 29 53
600 29 63
900 20 31
900 24 31
900 24 48
900 31 48
900 71 83
1200 14 24
1200 76 78
1500 9 62
1500 29 53
1500 57 88
1800 21 46
1800 24 48
1800 26 31
1800 75 79
2100 11 23
2100 23 69
2100 45 58
2400 28 69
2400 46 60
2400 49 86
2400 49 55
2400 55 86
2700 9 62
3000 14 48
3000 23 30
3000 24 48
3000 39 58
3000 45 58
3000 45 72
3000 58 72
3300 8 26
3300 21 61
3300 22 64
3600 11 24
3900 29 53
3900 37 58
3900 62 69
4200 9 30
4200 9 28
4200 9 53
4200 17 18
4200 28 30
4200 28 73
4200 29 53
4200 44 51
4200 50 75
4500 18 37
4500 29 53
4500 35 55
4500 39 72
4500 80 85
4800 14 47
4800 32 38
5100 35 75
5100 39 58
5100 65 84
5100 79 88
5400 23 30
5400 42 76
5400 49 55
5700 7 78
5700 28 69
5700 28 66
5700 42 51
5700 46 60
6000 1 88
6000 9 62
6000 9 69
6000 9 66
6000 27 88
6000 28 69
6000 29 30
6000 30 66
6300 53 69
6300 61 69
6600 11 44
6600 44 53
6600 53 70
6900 2 33
6900 24 87
6900 58 62
7200 4 48
7200 8 34
7200 8 90
7200 8 58
7200 11 24
7200 27 76
7200 27 81
7200 45 58
7500 28 70
7800 29 53
7800 30 62
7800 49 52
8100 0 14
8400 25 87
8700 45 72
9000 24 48
9000 28 69
9300 11 86
9300 12 86
9300 76 78
9600 28 29
9600 29 70
9900 0 48
9900 9 73
9900 15 67
9900 52 75
10200 8 26
10200 9 28
10200 9 62
10200 22 64
10200 28 73
10500 0 24
10500 5 24
10500 39 58
10500 79 88
10800 5 18
10800 5 11
10800 62 73
11100 0 14
11100 12 88
11100 31 51
11100 51 71
11400 23 30
11400 45 72
11400 45 65
11400 49 74
11400 50 86
11400 52 84
11400 65 72
11700 6 40
12000 0 24
12000 42 79
12000 42 44
12000 56 84
12300 0 48
12300 9 77
12300 9 62
12300 28 73
12300 44 51
12600 19 86
12900 4 86
12900 23 29
12900 29 53
13200 11 26
13200 35 75
13500 9 73
13500 28 84
13500 28 76
13500 76 84
13800 1 7
13800 17 18
13800 55 79
13800 75 79
14100 14 18
14100 25 58
14100 29 53
14100 35 75
14100 50 75
14100 53 63
14100 56 60
14400 11 48
14400 22 32
14400 58 65
14700 7 84
14700 35 86
14700 35 50
14700 37 80
14700 37 50
14700 38 86
14700 50 75
14700 50 80
15000 44 51
15000 57 62
15300 9 62
15300 29 73
15300 29 63
15600 52 79
15900 9 73
15900 50 86
16200 22 64
16200 28 73
16500 0 48
16500 8 90
16500 29 53
16800 9 69
16800 9 66
16800 9 62
16800 12 57
16800 27 75
16800 50 74
16800 62 69
16800 80 85
17100 1 76
17100 37 58
17400 6 40
17400 12 44
17400 18 68
17400 28 30
17400 64 77
17700 1 84
17700 1 59
17700 6 84
17700 9 73
17700 20 84
17700 28 69
17700 67 84
17700 84 88
18000 22 50
18300 29 53
18600 9 62
18600 23 53
18600 23 73
18600 28 53
18600 28 73
18600 29 53
18600 39 51
18900 12 16
18900 27 81
18900 39 57
18900 50 86
19200 28 69
19200 37 82
19500 15 33
19500 50 86
19500 60 81
19500 76 88
19800 14 39
19800 14 58
20100 17 84
20100 24 28
20100 29 53
20400 5 18
20400 12 77
20400 12 64
20400 24 48
20400 64 77
20700 9 62
21000 7 88
21000 17 51
21000 29 53
21000 29 63
21000 39 51
21300 21 46
21300 21 26
21300 24 48
21300 26 31
21300 49 79
21300 75 79
21600 22 77
21600 22 64
21900 9 73
22200 56 84
22500 36 50
22800 23 49
22800 25 49
22800 28 69
22800 37 77
22800 52 75
22800 53 61
23100 28 69
23100 46 89
23400 15 67
23400 30 66
23400 37 58
23400 37 77
23400 52 75
23400 62 73
23400 64 82
23400 65 82
23700 9 62
23700 18 34
23700 21 66
23700 29 69
23700 45 83
23700 50 74
23700 55 79
23700 57 60
24000 4 74
24000 24 48
24000 35 75
24300 15 33
24300 23 61
24600 7 16
24600 7 25
24600 16 25
24900 16 84
24900 28 73
24900 44 51
25200 2 15
25200 2 3
25200 2 48
25200 15 48
25200 24 48
25200 24 49
25200 35 75
25200 48 49
25500 0 48
25500 8 90
25500 16 84
25500 29 53
25800 8 26
25800 29 53
25800 36 79
25800 36 55
25800 55 79
26100 22 85
26100 46 89
26400 24 48
26400 29 53
26400 35 75
26700 49 84
27000 3 58
27300 27 73
27300 29 53
27300 37 84
27300 49 86
27300 49 50
27600 0 48
27600 4 50
27600 9 73
27600 9 62
27600 15 67
27600 52 75
27600 53 66
27900 14 58
27900 21 76
28200 16 76
28200 32 38
28500 14 58
28500 21 61
28800 29 63
29100 53 70
29400 0 14
29400 7 16
29400 8 60
29400 8 90
29400 9 62
29400 53 66
29700 23 29
29700 55 74
30000 7 12
30000 38 69
30300 1 7
30300 7 40
30300 33 59
30600 29 53
30900 4 87
30900 9 62
30900 22 85
30900 29 53
30900 36 50
30900 84 89
31200 9 62
31200 27 88
31200 28 69
31200 29 53
31500 11 23
31500 23 69
31500 53 63
31800 31 71
32100 20 35
32100 29 61
32100 39 45
32100 42 79
32100 52 84
32100 56 84
32100 84 87
32400 14 85
32400 23 69
32400 23 31
32400 27 75
32400 31 69
32700 7 16
32700 7 58
33000 4 86
33000 7 12
33000 9 28
33000 9 63
33000 37 58
33000 52 87
33300 24 48
33300 24 45
33300 29 63
33300 29 70
33300 39 45
33300 42 50
33300 42 65
33300 45 72
33300 45 48
33600 8 26
33600 44 51
33900 1 78
33900 3 5
33900 29 63
34200 15 33
34200 23 30
34200 53 63
34500 0 24
34500 0 48
34500 9 62
34500 15 67
34500 23 30
34800 7 76
34800 12 16
34800 14 37
34800 27 81
34800 35 75
35100 1 16
35100 8 26
35400 21 59
35700 22 64
35700 28 57
35700 37 58
36000 5 37
36000 35 75
36000 35 49
36000 46 57
36300 44 51
36300 58 65
36600 11 44
36600 24 48
36900 7 78
36900 20 35
36900 29 73
36900 35 52
36900 56 87
36900 56 84
36900 63 70
36900 84 87
37200 17 68
37200 42 50
37500 1 33
37500 11 72
37500 14 37
37500 64 77
37800 3 51
37800 3 23
37800 23 49
37800 28 69
37800 42 51
37800 52 75
37800 80 90
38100 9 19
38100 9 62
38100 9 73
38100 19 73
38100 45 65
38100 62 73
38400 28 53
38700 1 27
38700 1 7
38700 6 27
38700 6 7
38700 27 33
38700 29 63
38700 37 58
38700 44 65
39000 0 48
39000 9 62
39000 15 67
39000 16 59
39000 24 48
39000 28 30
39000 28 69
39000 44 51
39000 52 75
39000 62 73
39300 7 16
39300 7 84
39300 7 25
39300 16 84
39300 16 25
39300 25 84
39300 50 84
39600 17 68
39900 3 14
39900 19 24
39900 24 48
39900 53 70
40200 28 70
40500 2 15
40500 9 73
40500 17 18
40500 35 75
40800 9 62
40800 16 76
40800 17 68
40800 21 61
40800 24 37
40800 35 75
40800 42 75
40800 45 90
40800 55 79
40800 59 76
41100 24 31
41100 31 48
41100 81 88
41400 35 75
41400 45 65
41400 56 86
41400 56 84
41400 84 86
41700 1 6
41700 1 59
41700 1 88
41700 7 81
41700 29 53
42000 0 45
42000 7 78
42000 7 21
42000 14 24
42300 7 76
42300 8 26
42300 15 33
42300 23 29
42300 29 53
42300 53 63
42600 37 84
42900 7 46
42900 17 34
42900 17 18
42900 17 46
42900 32 85
42900 32 38
42900 35 75
42900 64 77
43200 62 73
43500 7 12
43500 22 32
43800 1 59
43800 1 88
43800 1 84
43800 11 24
43800 12 88
43800 15 88
43800 23 69
43800 24 55
44100 9 62
44100 18 90
44100 23 30
44100 50 60
44100 50 57
44100 57 88
44400 15 33
44400 46 76
44400 60 81
44700 2 15
44700 17 18
44700 35 75
44700 79 87
45000 29 53
45300 17 68
45300 36 50
45600 24 48
45600 57 76
45900 11 23
45900 21 30
45900 23 69
45900 37 58
45900 74 86
46200 35 75
46200 44 51
46500 5 11
46500 18 37
46500 29 53
46800 58 65
46800 76 78
46800 76 81
46800 78 81
47100 8 26
47100 29 53
47100 50 74
47100 53 69
47400 9 29
47400 29 62
47400 29 63
47400 62 73
47400 63 66
47700 17 18
47700 42 43
47700 45 58
48000 11 44
48000 63 70
48300 29 53
48300 29 63
48300 45 65
48300 45 85
48300 58 65
48600 55 79
48900 28 73
48900 62 73
48900 67 84
48900 67 76
49200 17 18
49200 29 63
49500 15 33
49800 29 53
50100 4 52
50100 9 73
50100 9 69
50100 9 62
50100 29 53
50100 52 55
50100 55 79
50100 67 76
50400 8 26
50400 26 80
50400 31 58
50400 39 85
50400 80 91
50700 5 72
50700 5 37
50700 5 22
50700 18 72
50700 22 37
50700 22 72
50700 22 26
50700 26 72
50700 26 37
50700 26 71
50700 28 73
50700 37 72
51000 0 14
51000 18 45
51000 35 52
51300 35 75
51300 55 86
51600 45 58
51600 45 72
51600 63 70
51900 4 50
51900 9 62
51900 23 30
51900 30 44
51900 35 52
51900 46 49
51900 49 86
51900 53 70
52200 9 62
52200 9 45
52200 12 57
52200 13 50
52200 14 85
52200 14 24
52200 27 75
52200 45 61
52200 45 83
52200 50 74
52500 29 53
52500 46 89
52500 69 70
52800 3 80
52800 28 53
52800 49 55
53100 7 27
53100 27 57
53100 57 60
53400 15 33
53700 23 53
53700 28 69
53700 35 52
53700 46 50
53700 50 86
53700 53 70
54000 8 83
54000 29 53
54000 44 51
54300 12 64
54300 12 45
54300 12 58
54300 17 18
54300 18 68
54300 34 58
54300 64 77
54600 9 73
54600 35 50
54600 50 86
54600 50 84
54900 29 53
55200 0 14
55200 5 22
55200 5 37
55200 16 45
55200 22 37
55200 22 26
55200 22 34
55200 26 37
55200 26 72
55200 34 37
55200 37 72
55200 40 84
55200 40 78
55200 60 81
55200 60 88
55200 81 88
55500 8 26
55500 9 62
55500 21 84
55800 29 63
56100 1 78
56100 29 70
56100 45 65
56400 9 73
56700 9 73
56700 29 69
56700 29 53
56700 37 58
56700 50 74
56700 53 69
57000 12 44
57300 9 62
57300 53 63
57600 9 62
57600 29 53
57900 5 34
57900 29 63
58200 29 53
58200 35 49
58200 37 84
58200 58 84
58500 17 68
58500 45 58
58500 63 70
58500 64 77
58800 3 14
58800 4 86
58800 7 12
58800 9 28
59100 29 53
59100 37 58
59400 29 53
59400 37 58
59400 44 51
59400 67 76
59700 11 23
59700 17 18
59700 23 69
59700 35 74
59700 62 73
60000 64 77
60300 17 34
60300 28 70
60600 3 72
60600 22 32
60600 52 79
60600 62 73
60600 79 86
60900 2 15
60900 9 73
60900 9 30
60900 29 63
60900 61 63
61200 17 68
61200 18 34
61200 35 75
61200 35 36
61200 36 75
61500 22 85
61500 76 78
61800 0 24
62100 9 73
62100 29 63
62400 4 79
62400 37 58
62400 75 79
62700 5 11
62700 8 85
62700 9 62
62700 12 29
62700 22 51
62700 29 53
62700 38 45
62700 40 41
62700 50 75
62700 61 90
63000 29 53
63000 35 75
63000 42 50
63300 0 14
63300 14 37
63300 17 18
63300 28 30
63300 64 77
63600 8 26
63600 22 71
63600 38 85
63600 38 90
63600 39 65
63600 58 85
63600 72 90
63900 38 58
63900 59 78
63900 76 78
64200 16 61
64200 23 53
64200 28 69
64200 30 53
64500 12 42
64800 50 86
64800 52 84
64800 52 75
64800 59 76
64800 75 84
65100 37 58
65100 44 51
65400 29 53
65700 3 22
65700 28 66
65700 28 69
66000 32 85
66000 50 86
66300 1 2
66300 2 10
66300 5 39
66300 6 10
66300 21 56
66300 45 58
66600 5 85
66600 5 72
66600 55 86
66600 72 80
66600 80 85
66900 53 63
67200 7 88
67200 22 64
67200 59 67
67200 61 66
67500 24 48
67500 66 69
67800 14 58
67800 14 37
67800 22 91
67800 23 30
67800 38 80
67800 85 91
68100 29 63
68400 7 16
68400 29 53
68400 49 52
68700 0 24
68700 17 18
68700 79 87
68700 84 87
69000 9 73
69000 29 63
69300 28 84
69600 1 40
69600 1 6
69600 6 60
69600 27 84
69600 44 65
69600 58 65
69900 14 24
70200 3 68
70200 29 63
70500 28 43
70500 39 51
70800 11 48
70800 12 49
70800 49 67
70800 58 65
70800 60 89
71100 9 62
71100 9 17
71100 24 48
71100 76 88
71400 1 33
71400 1 2
71400 1 6
71400 2 6
71400 6 84
71400 6 33
71400 10 84
71400 12 44
71400 33 44
71400 39 51
71400 51 58
71400 51 65
71400 56 84
71400 58 65
71400 67 84
71700 9 62
71700 38 58
71700 38 45
71700 59 78
71700 76 78
72000 4 52
72000 8 26
72000 28 29
72000 29 70
72000 37 77
72000 38 39
72300 7 12
72300 22 91
72300 24 32
72300 33 84
72300 79 88
72300 85 91
72600 0 24
72600 20 84
72600 35 52
72600 35 84
72600 55 79
72600 56 87
72600 56 84
72900 23 29
73200 28 66
73500 9 62
73500 29 53
73800 58 65
73800 76 84
74100 2 28
74100 5 22
74100 22 85
74400 1 7
74400 1 27
74400 7 27
74400 14 37
74400 29 53
74700 0 65
74700 14 65
74700 39 45
75000 21 69
75000 21 61
75000 24 45
75000 30 66
75000 69 73
75300 9 62
75300 36 55
75300 36 79
75300 55 79
75600 24 45
75600 25 47
75600 27 57
75600 53 70
75900 29 70
75900 29 69
75900 29 53
75900 53 63
75900 59 78
75900 85 91
76200 5 18
76500 9 62
76500 38 58
76500 38 45
76500 45 58
76800 22 64
76800 35 52
76800 44 51
76800 46 89
77100 7 78
77100 8 26
77100 14 24
77100 14 64
77100 17 68
77100 29 53
77400 0 65
77400 0 14
77400 22 64
77400 24 48
77400 44 51
77700 55 79
77700 75 79
78000 14 58
78000 25 79
78300 0 14
78300 14 37
78300 17 18
78300 37 82
78600 0 14
78900 9 63
78900 37 77
79200 44 86
79200 58 65
79500 29 53
79500 37 58
79800 9 73
79800 45 70
79800 52 84
79800 53 70
80100 7 58
80100 21 84
80100 24 45
80100 56 60
80400 12 88
80400 17 18
80400 55 74
80700 19 62
80700 21 56
80700 22 64
80700 77 82
81000 1 84
81000 5 18
81000 15 88
81000 15 40
81000 15 84
81000 18 32
81000 22 32
81000 23 69
81000 28 30
81000 29 53
81000 59 88
81000 59 84
81000 62 75
81000 81 84
81000 84 88
81300 17 18
81300 29 61
81300 44 51
81600 7 84
81600 44 65
81600 58 65
81900 9 62
81900 14 24
81900 19 58
81900 21 69
81900 25 79
81900 39 51
81900 51 65
81900 58 72
81900 65 72
81900 66 70
82200 5 85
82200 76 78
82500 35 75
82500 35 52
82500 52 75
82800 29 53
83100 24 48
83100 52 84
83100 53 63
83400 17 18
83400 22 58
83400 22 32
83400 32 58
83700 4 86
83700 52 86
84000 3 58
84000 29 63
84000 37 58
84000 50 75
84300 8 26
84300 14 44
84300 52 79
84600 2 84
84600 3 68
84600 9 62
84600 9 30
84600 24 48
84600 52 75
84600 62 73
84900 11 24
84900 19 59
84900 19 76
84900 37 72
84900 59 76
84900 70 73
85200 9 62
85500 5 39
85500 35 87
85500 35 86
85500 35 52
85800 5 47
85800 9 28
85800 9 63
85800 9 69
85800 9 73
85800 9 62
85800 24 48
85800 28 73
86100 22 64
86100 35 79
86100 77 82
86400 7 25
86400 9 66
86400 22 64
86700 16 78
86700 28 73
86700 53 63
86700 70 73
86700 75 79
87000 24 48
87000 26 31
87300 17 18
87300 22 32
87300 79 87
87600 22 64
87600 42 52
87900 5 21
87900 21 84
88200 34 84
88200 35 75
88200 55 74
88200 67 84
88500 29 53
88500 57 88
88800 1 88
88800 5 51
88800 7 81
88800 7 88
88800 29 53
88800 39 51
88800 49 67
88800 55 86
89100 5 72
89100 5 37
89100 22 26
89100 22 37
89100 22 72
89100 26 37
89100 26 72
89100 29 53
89100 37 72
89100 53 63
89400 19 73
89400 52 75
89700 5 18
89700 29 90
89700 44 51
89700 45 64
89700 81 88
90000 8 26
90000 53 63
90300 1 15
90300 29 63
90300 55 79
90300 56 87
90300 75 79
90600 7 86
90900 0 45
90900 3 5
90900 9 29
90900 9 30
90900 9 70
90900 9 28
91200 17 18
91200 45 65
91500 5 14
91500 9 62
91500 37 58
91500 44 45
91800 8 39
91800 8 85
91800 9 62
91800 38 45
92100 17 68
92100 28 69
92100 29 53
92100 37 82
92100 44 51
92400 24 59
92400 29 53
92400 45 90
92400 53 63
92700 6 40
92700 15 33
92700 38 45
92700 44 52
93000 5 72
93000 49 55
93000 49 86
93000 55 86
93300 7 59
93300 8 90
93300 24 48
93300 79 86
93600 0 24
93600 9 66
93600 23 29
93900 6 58
93900 6 7
93900 7 58
93900 8 14
93900 9 62
93900 14 37
93900 35 75
94200 17 18
94200 18 68
94200 24 48
94200 32 58
94500 5 24
94500 5 65
94500 9 66
94500 9 13
94500 24 32
94500 57 60
94800 8 79
94800 14 24
94800 21 69
94800 29 53
94800 45 58
95100 1 16
95100 7 88
95100 9 62
95100 35 79
95100 35 52
95100 35 36
95100 36 79
95100 76 88
95400 35 52
95400 44 77
95400 56 84
95700 0 14
95700 16 59
95700 53 69
96000 22 64
96000 24 48
96000 77 82
96300 18 47
96300 18 37
96300 58 65
96600 9 62
96600 24 31
96600 24 48
96600 31 48
96900 2 15
96900 9 73
96900 20 40
96900 40 75
96900 44 70
97200 21 76
97200 21 69
97200 22 85
97500 11 44
97500 25 75
97800 21 84
97800 23 29
97800 51 65
98100 11 16
98100 35 51
98100 35 84
98100 40 57
98100 44 51
98100 44 45
98100 45 51
98100 53 70
98100 56 88
98100 57 88
98400 28 69
98700 7 78
98700 29 53
99000 15 33
99300 24 48
99300 52 75
99300 69 70
99600 29 53
99600 53 70
99600 59 76
99900 0 24
99900 45 58
99900 50 86
99900 55 74
100200 25 87
100500 1 59
100500 29 53
100500 75 79
100800 28 69
100800 30 53
100800 53 70
101100 7 88
101100 9 62
101100 52 75
101400 50 74
101400 53 69
101700 17 18
101700 32 38
102000 0 24
102000 19 42
102000 19 50
102000 20 35
102000 22 32
102000 55 79
102000 84 87
102300 2 15
102300 2 33
102300 9 73
102300 9 62
102300 15 72
102300 29 63
102300 50 75
102300 58 86
102300 58 78
102300 58 59
102300 59 78
102300 72 86
102300 72 78
102300 72 75
102300 75 86
102600 9 62
102600 17 68
102600 18 68
102900 35 75
102900 62 73
103200 15 33
103200 25 86
103500 1 76
103500 27 76
103500 35 79
103500 44 51
103500 77 82
103800 8 26
103800 22 91
103800 24 48
103800 29 91
103800 39 58
103800 42 43
104100 28 84
104100 39 51
104400 9 53
104400 29 53
104400 37 58
104400 50 86
104400 53 73
104700 28 69
104700 65 91
105000 21 84
105000 30 66
105000 55 86
105300 9 62
105300 12 16
105300 35 75
105300 57 60
105300 57 88
105300 58 90
105600 29 53
105900 22 64
105900 35 79
105900 77 82
106200 3 5
106200 9 29
106200 11 48
106200 11 24
106200 24 48
106200 57 88
106200 74 86
106500 14 58
106500 53 66
106800 25 36
106800 53 63
107100 7 27
107100 27 60
107100 27 57
107100 28 61
107100 29 53
107100 49 74
107100 57 60
107400 5 14
107400 6 88
107400 14 24
107400 28 30
107700 17 68
107700 29 53
107700 35 49
107700 57 60
108000 4 55
108300 17 68
108300 50 86
108600 45 65
108600 50 86
108600 55 74
108900 0 24
108900 50 86
108900 56 84
109200 3 65
109200 9 73
109200 17 51
109200 51 68
109500 53 62
109500 76 78
109800 34 84
109800 58 72
109800 80 85
110100 1 65
110100 8 39
110100 8 85
110100 9 62
110100 14 45
110100 29 63
110100 38 45
110100 41 86
110100 50 75
110100 53 70
110100 75 79
110400 6 40
110400 9 73
110400 9 61
110400 50 86
110700 9 30
110700 29 53
110700 30 62
110700 37 77
110700 49 52
110700 52 84
111000 15 60
111300 35 75
111300 76 84
111600 22 64
111900 22 85
111900 61 69
112200 4 50
112200 4 52
112200 14 24
112200 21 69
112200 29 53
112500 25 49
112500 55 79
112800 5 37
112800 5 18
112800 14 77
112800 18 37
112800 64 77
113100 1 7
113100 9 73
113100 9 62
113100 14 51
113100 23 29
113100 28 29
113100 29 53
113100 49 55
113400 9 62
113400 9 53
113400 12 58
113400 12 44
113400 12 77
113400 39 65
113400 39 58
113400 44 65
113400 53 70
113400 58 65
113700 22 85
113700 29 53
113700 32 38
114000 22 64
114000 40 88
114000 44 51
114000 67 78
114300 2 88
114300 7 88
114300 40 88
114300 40 84
114300 84 88
114600 3 5
114600 29 63
114900 21 56
114900 22 64
114900 24 48
114900 35 79
114900 77 82
115200 21 69
115200 29 53
115200 75 79
115500 8 26
115500 53 63
115800 16 84
115800 28 69
115800 32 38
115800 35 50
115800 37 82
115800 37 77
115800 45 65
116100 79 86
116400 9 62
116400 39 51
116700 52 79
117000 6 40
117000 24 45
117000 49 86
117000 57 60
117300 37 84
117300 49 86
117300 50 74
117300 58 84
117600 24 58
117600 28 84
117600 28 62
117900 5 44
117900 11 44
117900 28 69
117900 29 70
117900 44 51
118200 69 70
118500 15 33
118500 22 85
118500 28 66
118500 44 51
118500 53 63
118800 1 12
118800 9 73
118800 9 62
118800 51 71
119100 3 80
119400 14 65
119400 14 45
119400 22 64
119400 29 53
119400 39 58
119400 39 85
119400 46 89
119400 58 85
119400 58 65
119700 17 18
119700 35 75
119700 39 90
120000 29 53
120000 59 76
120300 32 80
120300 50 74
120600 52 79
120900 29 53
121200 8 26
121200 23 30
121200 23 53
121200 29 53
121200 30 53
121200 39 58
121500 35 75
121500 50 86
121800 1 12
121800 5 45
121800 9 73
121800 9 62
122100 22 64
122100 24 48
122100 44 51
122100 77 82
122400 22 80
122400 28 69
122400 53 70
122700 8 30
122700 8 90
122700 9 73
122700 15 67
122700 52 75
122700 53 73
123000 7 25
123000 35 84
123000 52 84
123300 14 72
123300 14 34
123300 14 85
123300 24 48
123300 27 75
123300 27 35
123300 35 75
123600 13 88
123600 21 88
123600 29 53
123600 29 69
123600 45 83
123600 50 74
123600 55 79
123900 8 26
123900 28 70
124200 5 84
124200 22 77
124200 24 48
124500 50 74
124800 9 66
124800 16 59
124800 50 59
124800 59 76
125100 9 63
125400 50 86
125700 39 58
125700 44 58
125700 49 58
125700 49 79
125700 49 88
125700 79 88
125700 79 84
126000 62 73
126000 71 83
126300 3 43
126300 29 53
126600 29 53
126900 14 72
126900 28 53
127200 29 53
127200 39 51
127200 53 63
127200 53 69
127200 66 69
127500 5 18
127500 7 88
127500 8 26
127500 53 63
127800 3 53
127800 7 33
127800 11 56
127800 22 32
127800 22 45
127800 28 70
127800 44 51
127800 53 70
127800 53 61
128100 3 83
128100 50 74
128400 7 58
128400 7 25
128400 21 69
128400 25 58
128400 27 76
128400 28 66
128400 75 79
128400 76 78
128700 8 85
128700 8 37
128700 9 62
128700 21 61
128700 59 76
129000 17 18
129300 14 71
129300 44 51
129300 50 86
129600 9 62
129900 49 55
129900 49 86
129900 50 86
129900 52 55
130200 23 69
130200 23 30
130200 29 53
130200 30 63
130200 30 53
130500 3 14
130500 21 84
130500 28 73
130500 29 70
130500 45 65
130800 12 78
131100 9 73
131100 14 24
131100 59 76
131400 35 75
131700 0 14
131700 7 16
131700 8 90
131700 8 60
131700 9 69
131700 17 68
131700 17 18
132000 3 22
132000 11 24
132000 42 79
132000 52 79
132000 55 79
132300 45 65
132600 7 25
132600 19 79
132600 21 79
132600 21 61
132600 24 48
132600 24 45
132600 28 69
132600 61 66
132600 79 87
132900 7 58
132900 9 73
132900 24 35
132900 29 53
132900 35 48
132900 42 55
132900 49 52
133200 24 58
133500 14 37
133500 35 87
133500 35 52
133500 44 51
133800 12 44
133800 12 72
133800 12 58
133800 17 34
133800 35 50
133800 43 58
133800 44 58
133800 44 56
133800 50 75
133800 53 70
133800 56 58
133800 56 65
134100 27 60
134100 29 63
134400 12 59
134400 20 84
134400 37 58
134400 59 76
134700 2 6
134700 5 51
134700 5 39
134700 6 10
134700 7 16
134700 9 62
134700 14 82
135000 42 86
135000 55 86
135300 29 53
135300 50 74
135300 52 86
135600 37 58
135600 53 66
135600 53 61
135600 53 70
135600 62 73
135900 26 32
135900 57 60
136200 7 88
136500 7 16
136500 29 53
136500 45 58
136800 9 28
136800 9 63
136800 9 69
136800 28 69
136800 28 70
137100 11 24
137100 24 48
137400 25 84
137400 64 77
137400 75 79
137700 0 24
137700 4 86
137700 9 63
137700 9 69
137700 24 48
137700 61 62
138000 3 18
138000 7 58
138000 15 33
138300 9 23
138300 9 73
138300 14 24
138600 29 63
138600 50 86
138900 5 72
138900 29 69
138900 29 53
138900 50 74
138900 53 69
138900 55 79
139200 9 62
139200 29 53
139200 37 58
139200 50 74
139200 57 88
139500 9 62
139500 22 85
139500 29 53
139500 29 30
139500 50 86
139800 15 33
139800 60 81
139800 76 88
140100 3 37
140100 8 26
140100 22 37
140100 23 30
140100 29 63
140100 37 90
140400 3 14
140400 9 62
140400 9 28
140400 9 44
140400 34 44
140400 44 45
140700 7 16
140700 9 29
140700 22 32
140700 52 55
140700 55 74
141000 29 53
141300 28 70
141600 29 63
141900 17 18
142200 20 35
142200 39 45
142200 42 79
142500 29 53
142500 37 58
142500 50 86
142500 51 65
142800 28 69
142800 29 70
142800 44 51
143100 28 70
143100 38 39
143400 11 24
143400 49 55
143700 24 45
143700 29 53
143700 44 51
144000 22 38
144000 25 28
144000 25 53
144000 28 53
144000 53 69
144300 7 58
144300 24 35
144300 29 53
144300 49 52
144300 55 79
144600 44 51
144600 55 79
144900 24 48
144900 46 84
144900 74 79
145200 0 48
145200 9 69
145200 9 43
145200 9 73
145200 15 67
145200 23 69
145200 30 66
145200 44 51
145200 52 75
145200 62 73
145200 69 73
145500 21 84
145500 24 48
145500 35 75
145500 55 79
145800 9 73
145800 28 53
145800 50 74
146100 9 73
146100 11 23
146100 17 18
146100 22 85
146400 49 55
146700 23 30
146700 29 53
146700 29 30
146700 35 52
146700 37 84
146700 43 45
146700 44 51
147000 7 88
147000 9 62
147000 29 53
147300 2 60
147300 28 53
147300 39 58
147300 58 65
147600 3 19
147600 3 14
147600 9 14
147600 19 42
147600 29 63
147900 18 90
147900 23 30
147900 35 75
147900 46 84
147900 50 86
147900 50 60
147900 57 88
147900 62 73
148200 9 62
148200 50 86
148500 14 58
148500 22 38
148800 24 48
148800 35 52
148800 39 45
148800 57 62
149100 9 28
149100 9 63
149100 28 69
149100 37 77
149400 0 48
149400 8 90
149400 8 16
149400 29 53
149400 29 30
149400 62 73
149700 6 40
149700 9 30
149700 9 29
149700 28 29
149700 28 53
149700 29 53
150000 7 84
150000 24 84
150000 27 84
150000 33 84
150000 51 58
150300 24 48
150600 14 24
150600 28 84
150600 39 51
150900 24 28
150900 29 53
151200 2 39
151200 5 48
151200 12 48
151200 12 14
151200 12 20
151200 14 20
151200 14 58
151200 14 78
151200 20 58
151200 20 78
151200 24 87
151200 29 39
151200 31 58
151200 58 78
151500 29 53
151500 37 58
151800 7 27
151800 7 57
151800 27 77
151800 27 58
151800 58 77
152100 14 72
152100 30 73
152100 30 69
152100 53 69
152400 11 58
152400 27 64
152400 28 53
152400 53 70
152400 85 90
152700 21 56
152700 24 48
153000 15 33
153000 22 85
153000 22 32
153000 28 66
153000 53 63
153000 58 72
153300 0 24
153300 4 84
153300 35 52
153300 55 79
153600 15 33
153600 25 55
153600 56 60
153900 5 18
153900 12 77
153900 12 44
153900 12 64
153900 24 48
153900 39 65
153900 44 65
154200 7 76
154200 9 63
154500 9 63
154500 9 28
154800 11 69
154800 11 23
154800 23 69
154800 53 63
155100 24 48
155400 8 26
155400 9 62
155400 9 28
155400 28 73
155400 28 62
155400 50 52
155400 50 86
155700 40 88
155700 55 74
156000 0 14
156000 41 79
156000 53 69
156000 77 82
156300 14 32
156600 7 33
156600 58 72
156600 64 77
156900 0 24
157200 17 68
157200 22 85
157200 26 37
157200 28 70
157200 37 72
157200 55 86
157500 11 23
157800 24 28
157800 29 53
157800 55 74
157800 76 81
158100 17 68
158100 17 34
158100 34 68
158100 35 75
158100 36 75
158100 75 86
158400 17 18
158700 5 18
158700 7 88
158700 16 88
158700 28 73
158700 29 53
158700 39 51
158700 49 86
158700 49 55
158700 55 86
159000 5 11
159000 5 72
159000 9 62
159300 45 83
159300 55 79
159300 58 72
159300 58 85
159300 80 85
159600 29 53
159900 0 14
159900 0 3
159900 3 14
159900 7 78
160200 5 37
160200 24 48
160200 24 31
160200 31 48
160500 29 63
160800 9 66
160800 9 62
160800 30 66
160800 50 74
160800 58 72
161100 22 64
161100 45 85
161100 45 65
161100 65 85
161400 30 53
161400 58 72
161700 18 22
161700 22 85
161700 28 66
161700 80 85
162000 28 69
162300 7 58
162600 7 25
162600 7 16
162600 30 66
162600 61 69
162900 6 12
162900 6 26
162900 9 62
162900 9 26
162900 12 46
162900 14 24
163200 50 86
163500 15 33
163500 49 50
163800 24 48
163800 42 43
163800 44 45
163800 48 49
163800 53 70
163800 79 88
164100 7 12
164100 29 53
164400 8 26
164400 14 44
164700 24 48
164700 26 71
164700 29 53
164700 35 75
165000 11 24
165000 23 30
165000 50 86
165000 84 88
165300 22 64
165300 24 48
165600 11 44
165900 6 88
165900 18 37
165900 22 85
165900 23 69
165900 28 62
166200 29 70
166200 44 72
166200 53 70
166500 1 6
166500 1 33
166500 1 40
166500 1 10
166500 1 16
166500 2 10
166500 5 39
166500 6 40
166500 6 10
166500 10 40
166500 10 38
166500 10 16
166500 12 44
166500 12 77
166500 16 33
166500 24 48
166500 33 40
166500 38 45
166500 38 85
166500 45 85
166800 21 56
166800 24 48
167100 0 14
167100 9 62
167100 12 32
167100 17 51
167100 21 56
167100 24 45
167100 28 62
167100 56 60
167400 28 84
167400 39 51
167700 14 48
167700 14 24
167700 24 48
167700 53 63
168000 9 73
168300 3 14
168300 14 37
168300 16 84
168300 50 75
168600 0 51
168600 17 18
168600 26 65
168600 29 53
168600 45 72
168900 12 44
168900 58 65
169200 2 15
169200 23 30
169500 1 16
169500 2 6
169500 2 10
169500 6 40
169500 6 27
169500 6 10
169500 10 16
169500 10 40
169500 12 77
169500 12 44
169500 16 33
169500 17 18
169500 24 48
169500 27 40
169500 27 46
169500 27 65
169500 27 57
169500 39 65
169500 46 56
169500 46 57
169800 0 24
169800 32 91
169800 57 60
170100 3 5
170100 29 63
170100 29 73
170100 50 88
170400 4 79
170400 9 29
170400 27 81
170700 5 22
170700 23 61
171000 29 53
171300 49 74
171600 35 52
171900 1 88
171900 9 73
171900 23 30
171900 29 63
171900 37 77
171900 62 73
172200 39 72
172500 14 24
172500 29 63
172500 35 75
172500 59 76
172800 28 53
172800 44 51
173100 7 76
173400 12 88
173400 22 85
173400 55 74
173700 14 47
173700 45 72
174000 22 64
174000 24 48
174000 77 82
174300 29 53
174300 50 86
174600 28 29
174600 49 86
174900 9 63
174900 28 70
174900 35 75
175200 5 75
175500 26 32
175800 5 14
175800 29 70
175800 44 51
176100 4 50
176100 15 67
176100 28 69
176100 30 66
176100 44 51
176100 52 75
176100 55 86
176400 67 84
176700 4 41
176700 27 57
176700 28 69
177000 24 48
177000 37 58
177300 7 27
177600 67 84
177900 14 37
177900 37 58
177900 44 51
178200 7 27
178200 8 17
178200 8 51
178200 8 39
178200 8 14
178200 14 51
178200 14 90
178200 19 51
178200 39 51
178200 51 90
178500 8 26
178500 9 62
178500 9 73
178500 69 73
178800 9 73
178800 49 73
178800 50 86
178800 57 60
179100 9 28
179100 9 63
179400 2 28
179400 5 22
179400 23 61
179700 29 53
179700 52 86
180000 3 85
180000 22 85
180300 63 70
180600 22 38
180600 29 53
180600 29 30
180600 29 66
180600 30 53
180900 9 29
180900 11 48
180900 27 81
180900 57 88
181200 9 73
181200 63 70
181500 28 62
181500 29 53
181500 45 85
181500 45 65
181800 9 73
181800 9 62
181800 17 18
181800 50 74
181800 53 69
182100 28 70
182100 39 72
182100 72 90
182400 29 63
182700 29 53
183000 0 24
183000 21 42
183000 22 38
183000 24 45
183000 25 28
183000 27 57
183000 67 76
183300 3 14
183300 3 44
183300 9 73
183300 9 19
183300 9 62
183300 11 44
183300 19 73
183300 29 63
183300 62 73
183300 62 66
183600 9 73
183600 24 28
183600 29 53
183900 28 62
183900 28 29
183900 29 53
184200 14 44
184200 14 22
184500 9 66
184500 14 24
184500 24 58
184500 28 84
184800 55 79
185100 1 84
185100 5 18
185100 6 84
185100 7 84
185100 20 84
185100 28 30
185100 29 53
185100 32 38
185100 33 84
185100 67 84
185100 81 84
185100 84 88
185400 28 69
185400 30 66
185400 52 75
185700 39 58
185700 79 84
185700 79 88
186000 9 62
186000 77 82
186300 22 32
186600 21 27
186600 21 59
186600 34 45
186600 54 71
186900 23 30
186900 29 53
186900 52 86
186900 57 60
186900 74 86
187200 9 62
187200 9 19
187200 12 58
187200 14 37
187200 19 44
187200 21 61
187200 22 64
187200 29 53
187200 44 45
187200 44 58
187200 44 60
187200 53 63
187500 5 37
187500 5 13
187500 5 74
187500 9 62
187500 74 81
187800 9 62
187800 9 66
187800 14 48
187800 24 32
187800 50 75
187800 59 76
188100 0 14
188100 3 14
188100 8 90
188100 9 69
188100 16 84
188100 30 53
188100 65 82
188400 3 44
188400 22 64
188400 44 51
188400 45 58
188700 7 25
188700 22 64
188700 49 84
188700 50 84
188700 50 52
188700 52 84
189000 9 62
189000 35 75
189300 1 16
189300 35 84
189300 35 52
189600 22 32
189600 53 70
189900 3 5
189900 9 62
189900 9 29
189900 11 24
189900 11 48
189900 18 37
189900 24 48
190200 29 53
190200 37 77
190500 26 52
190500 29 53
190800 28 30
191100 7 81
191100 14 45
191100 57 60
191400 21 56
191400 36 50
191700 3 18
191700 9 62
191700 18 65
191700 29 53
192000 12 60
192000 19 75
192000 35 75
192000 35 50
192000 50 75
192000 50 52
192000 52 75
192300 11 24
192300 11 51
192300 17 68
192300 22 64
192300 27 51
192300 27 68
192600 29 70
192900 8 26
192900 26 32
192900 38 90
192900 38 85
192900 58 90
192900 58 85
192900 85 90
193200 1 59
193200 6 88
193200 32 38
193500 9 28
193500 15 60
193500 16 76
193500 28 62
193500 35 50
193500 38 90
193500 39 65
193500 50 75
193500 85 90
193800 37 58
193800 50 86
194100 24 48
194100 31 32
194400 29 53
194700 3 11
194700 28 76
194700 57 76
195000 14 58
195000 21 40
195000 47 58
195300 0 24
195300 0 14
195300 14 24
195300 14 48
195300 22 77
195300 24 48
195300 45 48
195600 18 37
195600 53 70
195900 25 88
195900 29 53
195900 38 51
195900 45 58
195900 51 72
196200 24 69
196200 28 69
196500 8 26
196500 42 59
196500 53 63
196800 24 48
196800 26 31
196800 35 75
196800 37 91
197100 7 12
197100 23 29
197400 28 70
197700 12 44
197700 17 56
198000 58 65
198300 0 14
198300 7 78
198300 9 62
198300 21 84
198300 21 56
198300 29 53
198300 52 87
198600 4 36
198600 14 24
198600 27 56
198600 27 60
198600 28 53
198600 29 70
198600 29 53
198600 45 65
198600 65 72
198900 12 43
199200 14 22
199200 14 39
199200 21 84
199200 30 90
199200 59 78
199500 5 24
199500 7 16
199500 8 26
199500 14 90
199500 18 37
199800 3 37
199800 9 30
199800 32 88
200100 4 50
200100 5 24
200100 7 57
200100 8 26
200100 9 62
200100 13 50
200100 14 90
200100 14 37
200100 32 80
200100 37 90
200400 1 78
200400 7 78
200400 21 76
200400 24 48
200400 77 82
200700 27 60
200700 29 63
200700 37 58
200700 50 75
201000 8 58
201000 14 58
201000 19 27
201000 27 50
201000 27 84
201000 27 35
201000 27 52
201000 27 75
201000 35 75
201000 35 38
201000 45 58
201000 58 72
201300 9 63
201300 9 73
201300 9 28
201300 9 69
201300 24 48
201300 28 70
201300 37 65
201300 53 70
201300 61 62
201600 24 48
201600 46 84
201600 79 86
201900 9 73
201900 9 62
201900 50 74
202200 1 16
202200 1 59
202200 15 16
202200 16 59
202200 49 55
202200 55 79
202500 24 48
202800 22 85
203100 14 24
203100 18 47
203400 19 78
203400 21 63
203400 29 53
203700 3 44
203700 5 72
203700 7 58
203700 9 23
204000 2 10
204000 6 10
204000 6 12
204000 11 58
204000 16 53
204000 16 70
204000 39 65
204000 44 51
204000 51 58
204000 51 65
204000 53 70
204000 58 65
204000 67 84
204000 79 84
204000 84 86
204300 37 58
204300 44 52
204600 12 78
204600 58 65
204600 84 89
204900 14 24
204900 14 58
204900 24 58
205200 17 18
205500 9 62
205500 11 44
205800 28 69
205800 29 53
205800 44 51
206100 12 44
206100 12 58
206100 12 77
206100 24 48
206100 58 65
206400 9 62
206400 29 69
206400 50 74
206400 53 69
206400 55 79
206700 0 14
206700 53 70
206700 60 79
207000 11 44
207000 24 63
207000 37 82
207000 86 91
207300 5 22
207300 5 72
207300 5 37
207300 22 37
207300 22 72
207300 22 26
207300 26 37
207300 29 53
207300 37 72
207300 37 90
207600 17 80
207600 21 84
207600 24 48
207600 35 75
207600 46 84
207900 14 58
207900 21 61
208200 24 48
208200 31 91
208200 66 69
208500 5 85
208500 5 80
208500 21 84
208500 28 69
208800 7 58
208800 19 76
208800 21 69
208800 28 73
208800 59 76
209100 2 71
209100 14 58
209100 14 39
209100 14 24
209100 37 82
209100 39 58
209100 53 70
209100 58 82
209400 9 62
209400 22 32
209400 76 78
209700 4 86
209700 9 73
209700 9 62
209700 24 48
210000 9 46
210000 55 84
210300 9 62
210300 15 33
210300 35 75
210300 52 55
210300 60 81
210600 17 68
210600 28 45
210600 44 45
210900 2 10
210900 2 6
210900 6 10
211200 7 25
211200 28 69
211500 17 18
211500 22 32
211500 79 87
211500 84 87
211800 7 84
211800 16 84
211800 25 84
211800 64 77
212100 14 50
212100 22 64
212100 30 66
212100 44 86
212400 15 27
212400 23 30
212400 29 71
212400 37 58
212700 12 58
212700 58 72
212700 59 78
212700 65 72
213000 7 84
213000 8 26
213000 21 84
213000 31 71
213300 24 45
213300 29 53
213300 37 58
213300 44 51
213600 3 72
213600 22 38
213600 22 32
213900 25 86
213900 29 53
213900 50 86
214200 4 79
214200 16 84
214500 5 14
214800 9 63
214800 28 70
214800 28 53
214800 37 65
214800 53 70
214800 61 62
215100 23 30
215100 24 48
215400 7 78
215400 16 25
215400 27 60
215700 7 12
215700 33 84
215700 72 85
215700 79 88
216000 3 5
216000 29 73
216000 50 86
216300 23 69
216600 58 59
216600 59 76
216600 59 78
216600 60 81
216600 76 88
216900 7 58
216900 24 48
216900 29 53
216900 49 52
217200 6 40
217200 7 16
217500 7 25
217500 16 25
217500 30 66
217800 7 12
217800 29 53
217800 45 83
217800 50 74
218100 7 46
218100 17 18
218100 17 68
218100 45 58
218400 30 57
218400 51 90
218400 52 75
218400 56 59
218400 58 65
218400 59 78
218700 5 14
218700 37 58
219000 21 84
219300 12 58
219300 39 58
219300 79 88
219600 6 40
219600 9 62
219600 35 49
219600 55 74
219900 5 18
219900 11 24
219900 79 84
220200 14 24
220500 9 69
220500 9 63
220500 24 48
220500 28 70
220500 53 70
220500 61 62
220800 7 56
220800 9 62
221100 7 76
221400 8 26
221400 50 74
221700 35 75
221700 45 58
222000 12 59
222000 50 86
222000 75 84
222300 12 77
222300 12 84
222300 26 32
222300 77 84
222600 8 26
222600 42 43
222600 53 63
222900 0 14
222900 9 62
222900 29 53
222900 37 58
223200 0 48
223200 8 90
223200 9 80
223200 9 30
223200 15 67
223200 24 48
223200 30 53
223200 53 73
223200 53 62
223500 9 62
223500 9 19
223500 22 64
223500 24 48
223500 38 44
223800 7 25
223800 9 72
223800 22 64
223800 35 52
224100 2 15
224100 7 16
224100 7 12
224100 12 16
224400 21 69
224400 29 63
224700 2 10
224700 2 40
224700 6 10
224700 21 88
224700 44 51
224700 57 88
225000 44 51
225000 77 82
225300 19 59
225300 19 76
225300 21 61
225300 24 45
225300 25 47
225300 27 57
225300 28 69
225300 44 51
225300 53 66
225600 7 58
225600 21 69
225600 36 50
225900 19 73
225900 29 63
225900 56 84
226200 29 53
226200 51 65
226500 3 68
226500 9 62
226500 28 69
226500 37 77
226500 52 75
226500 62 73
226800 3 5
226800 3 22
226800 5 18
226800 11 24
226800 18 22
226800 22 64
226800 55 79
227100 9 66
227100 9 62
227100 9 73
227100 11 84
227100 62 73
227400 5 34
227400 5 37
227400 7 27
227400 23 30
227400 30 34
227700 3 8
227700 14 85
227700 19 79
227700 24 48
227700 45 65
228000 9 73
228000 9 62
228300 52 86
228300 63 70
228600 14 24
228600 21 69
228600 29 53
228600 85 91
228900 5 39
228900 8 84
228900 9 31
228900 24 48
228900 29 53
228900 46 84
229200 9 30
229200 12 76
229200 21 56
229200 22 64
229200 38 45
229200 56 76
229500 35 75
229500 35 52
229800 17 18
229800 45 65
229800 49 52
229800 52 86
230100 5 51
230100 5 35
230100 14 39
230100 17 51
230100 27 65
230100 27 72
230100 27 35
230100 27 75
230100 35 37
230100 35 45
230100 35 75
230100 45 58
230100 45 72
230100 51 68
230100 58 72
230400 32 38
230700 28 84
230700 35 75
230700 39 51
230700 55 75
231000 5 72
231000 9 62
231000 49 86
231300 21 69
231300 21 61
231300 61 69
231600 53 66
231900 42 51
231900 46 60
231900 53 70
232200 8 37
232200 37 82
232200 37 58
232200 58 82
232500 1 76
232500 19 76
232500 22 64
232500 35 79
232500 77 82
232800 17 18
232800 21 56
232800 21 59
232800 24 48
232800 32 58
233100 40 56
233400 9 62
233400 16 88
233400 23 53
233400 28 73
233400 29 73
233400 35 52
233400 53 73
233700 12 58
233700 43 58
233700 44 45
233700 79 88
234000 29 70
234300 5 80
234300 5 18
234300 18 80
234600 23 30
234600 49 74
234600 49 55
234600 55 74
234600 69 73
234900 9 62
234900 16 84
234900 24 48
235200 29 63
235500 29 53
235500 52 87
235800 9 60
235800 15 33
235800 35 75
236100 29 63
236100 50 84
236100 58 65
236100 59 76
236100 76 81
236400 8 50
236400 9 62
236400 38 58
236400 38 45
236400 50 75
236700 9 51
236700 9 39
236700 39 51
237000 11 77
237000 12 27
237000 17 34
237000 22 48
237000 27 81
237000 27 48
237000 27 77
237000 48 64
237000 64 77
237300 8 26
237300 44 51
237600 7 78
237600 9 69
237600 9 29
237600 29 63
237900 28 53
237900 44 51
238200 9 73
238200 29 53
238200 53 73
238500 3 85
238500 50 86
238800 42 84
238800 52 84
238800 53 63
239100 29 69
239100 66 69
239400 0 48
239400 4 86
239400 9 63
239400 21 84
239400 52 87
239700 9 29
239700 14 48
239700 53 66
240000 1 33
240000 1 7
240000 5 72
240000 24 45
240000 37 58
240000 58 65
240300 5 74
240300 5 37
240300 9 62
240300 9 73
240300 24 48
240300 24 77
240300 24 74
240600 0 24
240600 5 34
240600 23 29
240600 29 30
240900 52 79
241200 3 24
241200 15 33
241200 28 29
241200 44 51
241200 53 63
241500 34 84
241500 35 75
241500 35 50
241500 37 84
241500 50 86
241500 75 86
241800 9 73
241800 16 88
241800 21 69
241800 22 64
241800 53 70
242100 9 62
242400 9 62
242400 29 53
242400 50 74
242400 58 72
242700 3 45
243000 24 45
243000 55 79
243000 69 73
243300 29 53
243300 69 70
243600 21 61
243600 22 64
243600 57 88
243900 14 58
243900 21 61
244200 5 11
244200 14 48
244200 28 73
244200 29 53
244200 39 51
244200 61 71
244200 70 73
244500 8 82
244500 9 19
244500 9 62
244500 22 39
244500 22 64
244500 37 58
244500 38 44
244800 9 63
244800 9 28
244800 61 62
245100 11 23
245400 3 72
245400 3 83
245400 14 44
245400 44 51
245700 28 69
245700 29 53
245700 37 82
245700 44 51
246000 9 62
246000 9 73
246000 17 18
246000 50 74
246000 53 69
246000 55 79
246300 24 48
246300 29 30
246300 30 63
246300 47 58
246600 0 14
246600 8 54
246600 8 32
246600 8 26
246600 22 91
246600 25 39
246600 39 51
246900 9 62
246900 17 18
246900 50 86
246900 79 87
247200 44 51
247200 88 89
247500 0 48
247500 9 63
247500 32 71
247800 35 52
248100 0 48
248100 4 50
248100 9 62
248100 9 73
248100 15 67
248100 52 75
248400 14 24
248400 50 55
248700 7 16
248700 7 25
248700 16 25
248700 17 18
248700 30 66
249000 30 66
249000 32 91
249000 34 72
249000 53 63
249300 11 38
249300 23 30
249300 29 53
249300 62 73
249300 84 88
249600 3 14
249600 7 88
249600 9 63
249600 9 28
249900 11 84
249900 14 71
249900 37 58
249900 50 86
250200 29 53
250500 11 57
250500 22 64
250500 29 30
250500 30 63
250500 47 58
250500 56 57
250800 28 84
251100 8 90
251100 8 58
251100 45 58
251100 70 73
251400 21 76
251700 49 55
251700 50 86
252000 23 29
252000 29 63
252000 31 71
252000 52 79
252300 1 16
252300 2 15
252300 31 71
252300 33 40
252600 29 63
252600 37 77
252600 55 86
252900 0 24
252900 17 68
253200 2 88
253200 7 58
253500 8 16
253500 28 69
253800 7 58
253800 15 33
253800 44 52
254100 7 50
254400 5 18
254400 35 50
254400 42 50
254400 50 86
254700 15 33
255000 2 28
255000 2 39
255000 11 34
255000 28 38
255000 61 86
255000 77 86
255300 37 58
255600 22 64
255600 27 57
255600 44 51
255600 77 82
255900 14 24
255900 22 77
256200 22 38
256500 59 76
256800 7 25
256800 16 25
256800 30 66
256800 50 86
257100 9 23
257100 9 62
257400 2 10
257400 10 16
257400 10 33
257400 11 84
257400 12 44
257400 24 31
257400 39 51
257400 51 58
257400 58 65
257700 2 15
257700 5 11
257700 14 19
257700 17 18
257700 19 79
257700 42 79
258000 15 33
258300 7 58
258300 29 53
258300 35 48
258300 55 79
258600 11 44
258600 19 28
258600 25 86
258600 35 75
258600 35 52
258600 45 65
258600 52 75
258900 5 37
258900 5 34
258900 7 27
258900 7 88
258900 27 88
258900 34 37
259200 34 86
259500 19 62
259500 22 64
259500 77 82
259800 0 14
259800 7 16
259800 8 60
259800 15 67
260100 1 88
260100 1 59
260100 22 32
260400 20 40
260400 29 53
260700 4 49
260700 29 53
260700 57 88
261000 50 84
261300 7 21
261300 7 78
261300 17 68
261300 21 78
261300 29 53
261300 36 50
261600 25 86
261600 30 53
261600 53 77
261900 21 69
261900 24 45
262200 8 26
262200 49 74
262500 9 28
262500 12 84
262500 55 87
262800 11 44
263100 1 40
263100 2 12
263100 7 40
263100 12 72
263100 58 72
263400 21 69
263400 29 63
263700 24 32
264000 52 79
264300 22 72
264300 28 69
264600 3 5
264600 29 63
264900 12 56
264900 56 58
265200 15 60
265200 21 60
265200 85 90
265500 5 54
265500 7 59
265500 9 62
265500 62 69
265800 22 64
265800 24 48
265800 44 51
265800 52 87
265800 77 82
266100 11 84
266100 12 84
266100 16 33
266100 29 53
266100 42 43
266100 49 84
266100 49 58
266100 49 64
266100 58 84
266100 64 77
266100 79 88
266400 9 63
266400 9 73
266700 24 44
266700 29 63
267000 31 71
267000 44 51
267000 53 63
267300 2 10
267300 2 6
267300 3 14
267300 6 10
267300 11 14
267300 14 34
267300 27 46
267300 44 51
267600 22 64
267900 3 24
267900 14 45
267900 24 29
267900 24 53
267900 24 28
267900 29 53
267900 44 51
268200 9 62
268200 15 33
268200 44 52
268200 62 73
268500 21 69
268500 58 85
268800 9 73
268800 9 19
268800 33 88
268800 50 75
269100 2 15
269100 3 14
269100 7 50
269100 9 62
269100 9 73
269400 7 78
269400 7 59
269400 20 52
269400 20 35
269400 25 35
269400 28 40
269400 28 73
269400 35 52
269400 35 84
269400 35 87
269400 40 84
269400 42 79
269400 52 84
269400 56 87
269400 56 84
269700 8 26
269700 9 62
269700 52 84
270000 1 78
270000 9 19
270000 19 42
270000 19 50
270000 33 88
270000 58 72
270000 62 73
270300 0 45
270300 29 53
270300 37 58
270300 37 47
270600 5 39
270600 14 58
270600 40 88
270600 49 55
270900 14 37
270900 17 68
271200 9 28
271200 9 69
271200 9 63
271200 17 68
271200 28 73
271200 28 70
271200 28 30
271200 28 69
271200 30 62
271200 35 75
271200 53 62
271200 53 70
271200 61 62
271500 7 58
271500 12 15
271500 15 33
271800 35 55
271800 50 74
272100 18 37
272100 23 30
272100 38 91
272400 24 58
272400 32 80
272400 67 76
272700 21 84
272700 22 85
273000 11 48
273000 49 84
273000 50 74
273000 75 88
273000 79 88
273300 17 34
273600 29 63
273600 50 86
273900 16 25
273900 52 87
274200 28 69
274500 0 48
274500 0 14
274500 9 62
274500 18 68
274500 28 29
274800 19 50
274800 19 75
274800 27 60
274800 35 50
274800 35 75
274800 50 75
275100 51 54
275100 63 89
275400 0 45
275400 4 86
275400 29 91
275400 29 53
275400 53 63
275700 53 70
276000 16 46
276000 35 84
276000 44 51
276000 57 88
276300 11 26
276300 35 75
276600 8 26
276900 29 53
277200 21 28
277200 29 53
277200 67 78
277500 28 29
277500 29 53
277500 35 52
277800 14 22
278100 11 44
278100 11 30
278100 24 48
278400 42 43
278400 42 72
278400 42 58
278400 58 72
0 3 68
0 29 63
300 1 59
300 29 53
300 75 79
600 45 58
600 45 72
600 63 70
900 11 26
900 35 75
1200 7 50
1500 6 40
1500 9 73
1500 9 61
1500 50 86
1800 5 14
2100 11 23
2100 17 18
2100 23 69
2100 35 74
2100 62 73
2400 5 47
2400 9 28
2400 9 63
2400 9 69
2400 9 73
2400 9 62
2400 24 48
2400 28 73
2700 1 40
2700 1 6
2700 6 60
2700 27 84
2700 44 65
2700 58 65
3000 23 69
3000 23 30
3000 29 53
3000 30 63
3000 30 53
3300 5 72
3300 29 69
3300 29 53
3300 50 74
3300 53 69
3300 55 79
3600 8 26
3600 9 62
3600 9 73
3600 69 73
3900 11 44
4200 5 11
4200 18 37
4200 29 53
4500 2 33
4500 24 87
4500 58 62
4800 4 86
4800 23 29
4800 29 53
5100 3 5
5100 29 63
5400 5 37
5400 5 18
5400 14 77
5400 18 37
5400 64 77
5700 28 29
5700 29 53
5700 35 52
6000 28 53
6000 44 51
6300 17 84
6300 24 28
6300 29 53
6600 22 64
6600 35 52
6600 44 51
6600 46 89
6900 7 84
6900 35 86
6900 35 50
6900 37 80
6900 37 50
6900 38 86
6900 50 75
6900 50 80
7200 7 88
7500 11 44
7500 24 63
7500 37 82
7500 86 91
7800 21 84
8100 9 63
8400 17 18
8700 16 84
8700 28 69
8700 32 38
8700 35 50
8700 37 82
8700 37 77
8700 45 65
9000 29 53
9000 51 65
9300 15 33
9300 50 86
9300 60 81
9300 76 88
9600 0 45
9600 29 53
9600 37 58
9600 37 47
9900 24 69
9900 28 69
10200 28 73
10200 62 73
10200 67 84
10200 67 76
10500 14 24
10800 12 58
10800 39 58
10800 79 88
11100 0 14
11100 12 88
11100 31 51
11100 51 71
11400 7 84
11400 16 84
11400 25 84
11400 64 77
11700 14 24
12000 30 57
12000 51 90
12000 52 75
12000 56 59
12000 58 65
12000 59 78
12300 0 14
12600 14 39
12600 14 58
12900 28 69
12900 29 53
12900 37 82
12900 44 51
13200 2 15
13200 17 18
13200 35 75
13200 79 87
13500 35 75
13500 45 65
13500 56 86
13500 56 84
13500 84 86
13800 2 15
13800 2 3
13800 2 48
13800 15 48
13800 24 48
13800 24 49
13800 35 75
13800 48 49
14100 3 14
14100 19 24
14100 24 48
14100 53 70
14400 0 24
14400 17 68
14700 2 15
14700 9 73
14700 17 18
14700 35 75
15000 44 51
15000 55 79
15300 45 72
15600 9 73
15600 49 73
15600 50 86
15600 57 60
15900 55 79
15900 75 79
16200 9 62
16200 17 68
16200 18 68
16500 1 7
16500 7 40
16500 33 59
16800 3 22
16800 28 66
16800 28 69
17100 22 85
17100 76 78
17400 22 32
17400 53 70
17700 3 5
17700 29 73
17700 50 86
18000 9 62
18000 15 33
18000 35 75
18000 52 55
18000 60 81
18300 5 37
18300 5 13
18300 5 74
18300 9 62
18300 74 81
18600 31 71
18600 44 51
18600 53 63
18900 12 44
18900 17 56
19200 24 48
19200 37 58
19500 37 84
19500 49 86
19500 50 74
19500 58 84
19800 9 46
19800 55 84
20100 3 44
20100 5 72
20100 7 58
20100 9 23
20400 11 44
20400 11 30
20400 24 48
20700 22 77
20700 22 64
21000 29 53
21300 21 56
21300 36 50
21600 7 16
21600 29 53
21600 49 52
21900 3 14
21900 9 62
21900 9 28
21900 9 44
21900 34 44
21900 44 45
22200 69 70
22500 9 62
22500 9 53
22500 12 58
22500 12 44
22500 12 77
22500 39 65
22500 39 58
22500 44 65
22500 53 70
22500 58 65
22800 9 66
22800 14 24
22800 24 58
22800 28 84
23100 25 86
23100 29 53
23100 50 86
23400 56 84
23700 17 18
23700 32 38
24000 11 44
24000 25 75
24300 29 70
24300 29 69
24300 29 53
24300 53 63
24300 59 78
24300 85 91
24600 8 26
24600 28 70
24900 29 53
25200 3 58
25500 5 85
25500 5 80
25500 21 84
25500 28 69
25800 21 69
25800 29 63
26100 21 76
26400 29 53
26700 7 16
26700 7 25
26700 16 25
27000 4 49
27000 29 53
27000 57 88
27300 28 70
27600 0 14
27600 41 79
27600 53 69
27600 77 82
27900 9 66
27900 9 62
27900 9 73
27900 11 84
27900 62 73
28200 27 60
28200 29 63
28500 5 51
28500 5 35
28500 14 39
28500 17 51
28500 27 65
28500 27 72
28500 27 35
28500 27 75
28500 35 37
28500 35 45
28500 35 75
28500 45 58
28500 45 72
28500 51 68
28500 58 72
28800 25 84
28800 64 77
28800 75 79
29100 3 80
29100 28 53
29100 49 55
29400 29 53
29700 35 75
29700 35 52
29700 52 75
30000 7 76
30300 18 47
30300 18 37
30300 58 65
30600 24 48
30600 24 45
30600 29 63
30600 29 70
30600 39 45
30600 42 50
30600 42 65
30600 45 72
30600 45 48
30900 29 53
30900 37 58
31200 12 78
31500 7 78
31500 7 59
31500 20 52
31500 20 35
31500 25 35
31500 28 40
31500 28 73
31500 35 52
31500 35 84
31500 35 87
31500 40 84
31500 42 79
31500 52 84
31500 56 87
31500 56 84
31800 5 21
31800 21 84
32100 34 84
32100 35 75
32100 55 74
32100 67 84
32400 29 53
32400 35 49
32400 37 84
32400 58 84
32700 24 45
32700 55 79
32700 69 73
33000 25 36
33000 53 63
33300 24 48
33300 66 69
33600 2 15
33600 9 73
33600 9 30
33600 29 63
33600 61 63
33900 3 72
33900 3 83
33900 14 44
33900 44 51
34200 4 86
34200 52 86
34500 17 68
34500 22 85
34500 26 37
34500 28 70
34500 37 72
34500 55 86
34800 22 85
34800 29 53
34800 32 38
35100 9 73
35100 28 84
35100 28 76
35100 76 84
35400 9 62
35400 29 53
35400 50 74
35400 58 72
35700 19 62
35700 22 64
35700 77 82
36000 7 59
36000 8 90
36000 24 48
36000 79 86
36300 9 62
36300 50 86
36600 11 58
36600 27 64
36600 28 53
36600 53 70
36600 85 90
36900 8 26
36900 14 44
36900 52 79
37200 5 34
37200 29 63
37500 21 61
37500 22 64
37500 57 88
37800 8 26
37800 53 63
38100 22 64
38100 28 57
38100 37 58
38400 53 70
38700 9 62
38700 17 18
38700 50 86
38700 79 87
39000 8 26
39000 42 43
39000 53 63
39300 23 29
39600 15 67
39600 30 66
39600 37 58
39600 37 77
39600 52 75
39600 62 73
39600 64 82
39600 65 82
39900 14 37
39900 17 68
40200 9 73
40200 29 53
40200 53 73
40500 15 33
40800 7 84
40800 8 26
40800 21 84
40800 31 71
41100 9 28
41100 15 60
41100 16 76
41100 28 62
41100 35 50
41100 38 90
41100 39 65
41100 50 75
41100 85 90
41400 17 18
41400 35 75
41400 39 90
41700 7 78
41700 8 26
41700 14 24
41700 14 64
41700 17 68
41700 29 53
42000 35 75
42000 39 58
42000 65 84
42000 79 88
42300 6 12
42300 6 26
42300 9 62
42300 9 26
42300 12 46
42300 14 24
42600 29 53
42600 30 62
42600 49 52
42900 15 33
43200 52 79
43500 7 27
43500 8 17
43500 8 51
43500 8 39
43500 8 14
43500 14 51
43500 14 90
43500 19 51
43500 39 51
43500 51 90
43800 29 63
43800 50 84
43800 58 65
43800 59 76
43800 76 81
44100 9 19
44100 9 62
44100 9 73
44100 19 73
44100 45 65
44100 62 73
44400 0 48
44400 8 90
44400 8 16
44400 29 53
44400 29 30
44400 62 73
44700 6 40
44700 12 44
44700 18 68
44700 28 30
44700 64 77
45000 52 86
45000 63 70
45300 16 84
45300 28 73
45300 44 51
45600 2 15
45600 7 16
45600 7 12
45600 12 16
45900 29 70
46200 1 33
46200 1 2
46200 1 6
46200 2 6
46200 6 84
46200 6 33
46200 10 84
46200 12 44
46200 33 44
46200 39 51
46200 51 58
46200 51 65
46200 56 84
46200 58 65
46200 67 84
46500 0 45
46500 4 86
46500 29 91
46500 29 53
46500 53 63
46800 24 48
47100 14 58
47100 21 40
47100 47 58
47400 29 53
47400 52 87
47700 26 32
48000 8 26
48000 9 62
48000 9 28
48000 28 73
48000 28 62
48000 50 52
48000 50 86
48300 28 70
48600 24 48
48900 29 53
49200 11 24
49200 19 59
49200 19 76
49200 37 72
49200 59 76
49200 70 73
49500 12 44
49800 0 48
49800 4 50
49800 9 62
49800 9 73
49800 15 67
49800 52 75
50100 17 18
50400 5 34
50400 5 37
50400 7 27
50400 23 30
50400 30 34
50700 22 80
50700 28 69
50700 53 70
51000 24 31
51000 31 48
51000 81 88
51300 28 30
51600 28 84
51600 35 75
51600 39 51
51600 55 75
51900 79 86
52200 1 16
52200 7 88
52200 9 62
52200 35 79
52200 35 52
52200 35 36
52200 36 79
52200 76 88
52500 20 40
52500 29 53
52800 4 79
52800 16 84
53100 22 64
53100 42 52
53400 1 16
53400 2 6
53400 2 10
53400 6 40
53400 6 27
53400 6 10
53400 10 16
53400 10 40
53400 12 77
53400 12 44
53400 16 33
53400 17 18
53400 24 48
53400 27 40
53400 27 46
53400 27 65
53400 27 57
53400 39 65
53400 46 56
53400 46 57
53700 23 30
53700 24 48
54000 3 14
54000 21 84
54000 28 73
54000 29 70
54000 45 65
54300 15 33
54300 25 86
54600 9 62
54600 9 45
54600 12 57
54600 13 50
54600 14 85
54600 14 24
54600 27 75
54600 45 61
54600 45 83
54600 50 74
54900 2 88
54900 7 58
55200 7 84
55200 44 65
55200 58 65
55500 44 51
55500 58 65
55800 29 53
55800 37 58
55800 44 51
55800 67 76
56100 14 44
56100 14 22
56400 3 80
56700 22 38
56700 29 53
56700 29 30
56700 29 66
56700 30 53
57000 8 26
57000 26 80
57000 31 58
57000 39 85
57000 80 91
57300 1 33
57300 1 7
57300 5 72
57300 24 45
57300 37 58
57300 58 65
57600 23 53
57600 28 69
57600 35 52
57600 46 50
57600 50 86
57600 53 70
57900 5 18
57900 7 88
57900 16 88
57900 28 73
57900 29 53
57900 39 51
57900 49 86
57900 49 55
57900 55 86
58200 8 26
58200 42 59
58200 53 63
58500 9 69
58500 9 63
58500 24 48
58500 28 70
58500 53 70
58500 61 62
58800 11 16
58800 35 51
58800 35 84
58800 40 57
58800 44 51
58800 44 45
58800 45 51
58800 53 70
58800 56 88
58800 57 88
59100 14 24
59100 21 69
59100 29 53
59100 85 91
59400 0 14
59400 9 62
59400 12 32
59400 17 51
59400 21 56
59400 24 45
59400 28 62
59400 56 60
59700 28 84
59700 39 51
60000 9 23
60000 9 62
60300 50 74
60300 53 69
60600 25 49
60600 55 79
60900 35 75
60900 62 73
61200 8 26
61200 22 91
61200 24 48
61200 29 91
61200 39 58
61200 42 43
61500 9 73
61500 9 62
61500 17 18
61500 50 74
61500 53 69
61800 29 63
62100 49 55
62100 50 86
62400 35 75
62400 50 86
62700 1 59
62700 1 88
62700 1 84
62700 11 24
62700 12 88
62700 15 88
62700 23 69
62700 24 55
63000 45 83
63000 55 79
63000 58 72
63000 58 85
63000 80 85
63300 52 79
63600 9 28
63600 9 63
63600 9 69
63600 28 69
63600 28 70
63900 5 39
63900 35 87
63900 35 86
63900 35 52
64200 7 33
64200 58 72
64200 64 77
64500 0 24
64500 0 48
64500 9 62
64500 15 67
64500 23 30
64800 1 15
64800 29 63
64800 55 79
64800 56 87
64800 75 79
65100 5 18
65100 12 77
65100 12 64
65100 24 48
65100 64 77
65400 9 62
65400 29 53
65700 2 39
65700 5 48
65700 12 48
65700 12 14
65700 12 20
65700 14 20
65700 14 58
65700 14 78
65700 20 58
65700 20 78
65700 24 87
65700 29 39
65700 31 58
65700 58 78
66000 29 53
66000 57 88
66300 28 53
66600 28 43
66600 39 51
66900 40 56
67200 21 84
67200 23 29
67200 51 65
67500 3 72
67500 22 32
67500 52 79
67500 62 73
67500 79 86
67800 9 62
68100 29 53
68400 11 84
68400 12 84
68400 16 33
68400 29 53
68400 42 43
68400 49 84
68400 49 58
68400 49 64
68400 58 84
68400 64 77
68400 79 88
68700 1 65
68700 8 39
68700 8 85
68700 9 62
68700 14 45
68700 29 63
68700 38 45
68700 41 86
68700 50 75
68700 53 70
68700 75 79
69000 0 14
69000 14 37
69000 17 18
69000 37 82
69300 22 64
69300 28 73
69600 11 44
69600 63 70
69900 29 53
69900 35 75
69900 42 50
70200 35 52
70500 25 87
70800 8 79
70800 14 24
70800 21 69
70800 29 53
70800 45 58
71100 40 88
71100 55 74
71400 20 31
71400 24 31
71400 24 48
71400 31 48
71400 71 83
71700 29 63
72000 7 25
72000 16 25
72000 30 66
72300 1 88
72300 9 73
72300 23 30
72300 29 63
72300 37 77
72300 62 73
72600 5 11
72600 5 72
72600 9 62
72900 44 51
72900 88 89
73200 24 48
73200 42 43
73200 44 45
73200 48 49
73200 53 70
73200 79 88
73500 11 23
73500 21 30
73500 23 69
73500 37 58
73500 74 86
73800 5 80
73800 5 18
73800 18 80
74100 0 24
74100 17 18
74100 79 87
74100 84 87
74400 7 25
74400 28 69
74700 14 47
74700 32 38
75000 3 19
75000 3 14
75000 9 14
75000 19 42
75000 29 63
75300 9 30
75300 12 76
75300 21 56
75300 22 64
75300 38 45
75300 56 76
75600 6 58
75600 6 7
75600 7 58
75600 8 14
75600 9 62
75600 14 37
75600 35 75
75900 15 33
75900 23 61
76200 29 53
76500 4 74
76500 24 48
76500 35 75
76800 53 70
77100 1 76
77100 19 76
77100 22 64
77100 35 79
77100 77 82
77400 11 86
77400 12 86
77400 76 78
77700 2 10
77700 10 16
77700 10 33
77700 11 84
77700 12 44
77700 24 31
77700 39 51
77700 51 58
77700 58 65
78000 6 40
78000 9 62
78000 35 49
78000 55 74
78300 4 52
78300 8 26
78300 28 29
78300 29 70
78300 37 77
78300 38 39
78600 11 24
78900 5 18
78900 5 11
78900 62 73
79200 28 29
79200 49 86
79500 11 24
79500 11 51
79500 17 68
79500 22 64
79500 27 51
79500 27 68
79800 53 63
80100 2 60
80100 28 53
80100 39 58
80100 58 65
80400 0 48
80400 8 90
80400 9 80
80400 9 30
80400 15 67
80400 24 48
80400 30 53
80400 53 73
80400 53 62
80700 50 86
80700 52 84
80700 52 75
80700 59 76
80700 75 84
81000 17 18
81000 18 68
81000 24 48
81000 32 58
81300 8 26
81300 9 62
81300 52 84
81600 9 62
81600 39 51
81900 9 73
82200 14 48
82200 14 24
82200 24 48
82200 53 63
82500 14 48
82500 23 30
82500 24 48
82500 39 58
82500 45 58
82500 45 72
82500 58 72
82800 11 26
82800 35 75
83100 12 16
83100 27 81
83100 39 57
83100 50 86
83400 24 28
83400 29 53
83700 0 48
83700 9 73
83700 15 67
83700 52 75
84000 28 70
84300 7 88
84300 22 64
84300 59 67
84300 61 66
84600 1 88
84600 1 59
84600 22 32
84900 11 57
84900 22 64
84900 29 30
84900 30 63
84900 47 58
84900 56 57
85200 8 58
85200 14 58
85200 19 27
85200 27 50
85200 27 84
85200 27 35
85200 27 52
85200 27 75
85200 35 75
85200 35 38
85200 45 58
85200 58 72
85500 1 7
85500 17 18
85500 55 79
85500 75 79
85800 7 16
85800 7 25
85800 16 25
85800 17 18
85800 30 66
86100 25 86
86100 30 53
86100 53 77
86400 14 22
86700 29 63
87000 16 76
87000 32 38
87300 0 24
87300 45 58
87300 50 86
87300 55 74
87600 14 58
87600 25 79
87900 9 63
87900 9 28
88200 0 51
88200 17 18
88200 26 65
88200 29 53
88200 45 72
88500 28 69
88800 1 78
88800 7 78
88800 21 76
88800 24 48
88800 77 82
89100 7 12
89100 23 29
89400 29 53
89400 37 77
89700 37 58
89700 44 52
90000 14 24
90000 50 55
90300 11 44
90300 19 28
90300 25 86
90300 35 75
90300 35 52
90300 45 65
90300 52 75
90600 7 21
90600 7 78
90600 17 68
90600 21 78
90600 29 53
90600 36 50
90900 3 24
90900 15 33
90900 28 29
90900 44 51
90900 53 63
91200 29 70
91200 44 72
91200 53 70
91500 11 48
91500 49 84
91500 50 74
91500 75 88
91500 79 88
91800 17 18
91800 29 53
91800 36 79
92100 0 14
92100 7 16
92100 8 60
92100 8 90
92100 9 62
92100 53 66
92400 9 29
92400 29 62
92400 29 63
92400 62 73
92400 63 66
92700 17 68
92700 17 34
92700 34 68
92700 35 75
92700 36 75
92700 75 86
93000 1 78
93000 29 70
93000 45 65
93300 37 84
93600 22 38
93600 25 28
93600 25 53
93600 28 53
93600 53 69
93900 1 12
93900 9 73
93900 9 62
93900 51 71
94200 11 48
94200 22 32
94200 58 65
94500 14 22
94500 14 39
94500 21 84
94500 30 90
94500 59 78
94800 67 84
95100 14 37
95100 37 58
95100 44 51
95400 0 24
95400 20 84
95400 35 52
95400 35 84
95400 55 79
95400 56 87
95400 56 84
95700 3 83
95700 50 74
96000 9 23
96000 9 73
96000 14 24
96300 45 65
96300 50 86
96300 55 74
96600 49 55
96600 49 86
96600 50 86
96600 52 55
96900 4 48
96900 8 34
96900 8 90
96900 8 58
96900 11 24
96900 27 76
96900 27 81
96900 45 58
97200 5 84
97200 22 77
97200 24 48
97500 9 62
97500 29 73
97500 29 63
97800 12 44
97800 12 72
97800 12 58
97800 17 34
97800 35 50
97800 43 58
97800 44 58
97800 44 56
97800 50 75
97800 53 70
97800 56 58
97800 56 65
98100 29 53
98100 52 86
98400 22 85
98400 46 89
98700 17 68
98700 18 34
98700 35 75
98700 35 36
98700 36 75
99000 29 53
99000 46 89
99000 69 70
99300 15 33
99300 60 81
99300 76 88
99600 29 53
99600 53 70
99600 59 76
99900 49 74
100200 9 62
100200 18 34
100200 21 66
100200 29 69
100200 45 83
100200 50 74
100200 55 79
100200 57 60
100500 5 39
100500 8 84
100500 9 31
100500 24 48
100500 29 53
100500 46 84
100800 7 27
100800 27 60
100800 27 57
100800 28 61
100800 29 53
100800 49 74
100800 57 60
101100 15 33
101100 25 55
101100 56 60
101400 2 84
101400 3 68
101400 9 62
101400 9 30
101400 24 48
101400 52 75
101400 62 73
101700 1 7
101700 9 73
101700 9 62
101700 14 51
101700 23 29
101700 28 29
101700 29 53
101700 49 55
102000 9 63
102000 9 73
102000 9 28
102000 9 69
102000 24 48
102000 28 70
102000 37 65
102000 53 70
102000 61 62
102300 0 14
102600 19 62
102600 21 56
102600 22 64
102600 77 82
102900 29 53
102900 50 86
103200 3 5
103200 3 22
103200 5 18
103200 11 24
103200 18 22
103200 22 64
103200 55 79
103500 5 37
103500 24 48
103500 24 31
103500 31 48
103800 29 53
103800 29 63
104100 4 52
104100 9 73
104100 9 69
104100 9 62
104100 29 53
104100 52 55
104100 55 79
104100 67 76
104400 0 24
104400 0 14
104400 14 24
104400 14 48
104400 22 77
104400 24 48
104400 45 48
104700 5 11
104700 8 85
104700 9 62
104700 12 29
104700 22 51
104700 29 53
104700 38 45
104700 40 41
104700 50 75
104700 61 90
105000 1 6
105000 1 59
105000 1 88
105000 7 81
105000 29 53
105300 3 85
105300 22 85
105600 4 86
105600 9 73
105600 9 62
105600 24 48
105900 17 34
105900 28 70
106200 58 65
106200 76 84
106500 6 40
106500 24 45
106500 49 86
106500 57 60
106800 1 78
106800 9 19
106800 19 42
106800 19 50
106800 33 88
106800 58 72
106800 62 73
107100 3 14
107100 14 37
107100 16 84
107100 50 75
107400 29 53
107400 59 76
107700 39 72
108000 2 71
108000 14 58
108000 14 39
108000 14 24
108000 37 82
108000 39 58
108000 53 70
108000 58 82
108300 27 60
108300 29 63
108300 37 58
108300 50 75
108600 28 70
108600 38 39
108900 29 53
108900 37 58
109200 14 24
109200 28 84
109200 39 51
109500 28 53
109500 44 51
109800 0 65
109800 14 65
109800 39 45
110100 11 23
110400 29 53
110700 24 44
110700 29 63
111000 5 75
111300 29 53
111600 1 6
111600 1 33
111600 1 40
111600 1 10
111600 1 16
111600 2 10
111600 5 39
111600 6 40
111600 6 10
111600 10 40
111600 10 38
111600 10 16
111600 12 44
111600 12 77
111600 16 33
111600 24 48
111600 33 40
111600 38 45
111600 38 85
111600 45 85
111900 8 26
111900 9 28
111900 9 62
111900 22 64
111900 28 73
112200 49 84
112500 12 78
112500 58 65
112500 84 89
112800 1 16
112800 8 26
113100 0 48
113100 9 77
113100 9 62
113100 28 73
113100 44 51
113400 11 48
113400 12 49
113400 49 67
113400 58 65
113400 60 89
113700 8 85
113700 8 37
113700 9 62
113700 21 61
113700 59 76
114000 1 88
114000 9 62
114000 9 69
114000 9 66
114000 27 88
114000 28 69
114000 29 30
114000 30 66
114300 6 88
114300 18 37
114300 22 85
114300 23 69
114300 28 62
114600 28 69
114600 37 82
114900 6 40
115200 14 32
115500 7 76
115800 29 70
116100 53 62
116100 76 78
116400 44 51
116400 77 82
116700 3 72
116700 22 38
116700 22 32
117000 9 62
117000 35 75
117300 62 73
117300 71 83
117600 1 84
117600 5 18
117600 6 84
117600 7 84
117600 20 84
117600 28 30
117600 29 53
117600 32 38
117600 33 84
117600 67 84
117600 81 84
117600 84 88
117900 0 14
117900 18 45
117900 35 52
118200 0 24
118200 21 42
118200 22 38
118200 24 45
118200 25 28
118200 27 57
118200 67 76
118500 0 14
118500 7 16
118500 8 90
118500 8 60
118500 9 69
118500 17 68
118500 17 18
118800 5 72
118800 5 37
118800 22 26
118800 22 37
118800 22 72
118800 26 37
118800 26 72
118800 29 53
118800 37 72
118800 53 63
119100 9 73
119100 24 28
119100 29 53
119400 9 62
119400 53 63
119700 11 38
119700 23 30
119700 29 53
119700 62 73
119700 84 88
120000 9 66
120000 16 59
120000 50 59
120000 59 76
120300 28 69
120300 29 70
120300 44 51
120600 9 62
120900 3 5
120900 9 62
120900 9 29
120900 11 24
120900 11 48
120900 18 37
120900 24 48
121200 2 10
121200 6 10
121200 6 12
121200 11 58
121200 16 53
121200 16 70
121200 39 65
121200 44 51
121200 51 58
121200 51 65
121200 53 70
121200 58 65
121200 67 84
121200 79 84
121200 84 86
121500 9 62
121500 36 55
121500 36 79
121500 55 79
121800 0 48
121800 9 63
121800 32 71
122100 8 26
122100 44 51
122400 1 84
122400 1 59
122400 6 84
122400 9 73
122400 20 84
122400 28 69
122400 67 84
122400 84 88
122700 17 18
123000 3 37
123000 9 30
123000 32 88
123300 30 53
123300 58 72
123600 17 80
123600 21 84
123600 24 48
123600 35 75
123600 46 84
123900 8 26
123900 53 63
124200 8 26
124200 49 74
124500 4 50
124500 4 52
124500 14 24
124500 21 69
124500 29 53
124800 0 45
124800 3 5
124800 9 29
124800 9 30
124800 9 70
124800 9 28
125100 0 48
125100 8 90
125100 16 84
125100 29 53
125400 21 59
125700 29 69
125700 66 69
126000 3 44
126000 22 64
126000 44 51
126000 45 58
126300 23 30
126300 29 53
126300 52 86
126300 57 60
126300 74 86
126600 0 48
126600 8 90
126600 29 53
126900 9 63
126900 28 70
126900 35 75
127200 4 36
127200 14 24
127200 27 56
127200 27 60
127200 28 53
127200 29 70
127200 29 53
127200 45 65
127200 65 72
127500 22 38
127800 0 14
127800 7 16
127800 8 60
127800 15 67
128100 37 58
128100 44 51
128400 24 48
128400 31 32
128700 21 69
128700 58 85
129000 29 63
129300 17 68
129300 45 58
129300 63 70
129300 64 77
129600 32 80
129600 50 74
129900 14 50
129900 22 64
129900 30 66
129900 44 86
130200 4 50
130200 9 62
130200 23 30
130200 30 44
130200 35 52
130200 46 49
130200 49 86
130200 53 70
130500 9 62
130800 28 66
131100 58 59
131100 59 76
131100 59 78
131100 60 81
131100 76 88
131400 18 37
131400 23 30
131400 38 91
131700 15 33
132000 52 79
132300 22 64
132600 1 88
132600 5 51
132600 7 81
132600 7 88
132600 29 53
132600 39 51
132600 49 67
132600 55 86
132900 24 48
132900 57 76
133200 7 12
133200 33 84
133200 72 85
133200 79 88
133500 28 69
133800 50 86
134100 3 14
134100 4 86
134100 7 12
134100 9 28
134400 21 27
134400 21 59
134400 34 45
134400 54 71
134700 39 58
134700 79 84
134700 79 88
135000 3 11
135000 28 76
135000 57 76
135300 24 45
135300 29 53
135300 44 51
135600 9 63
135600 9 28
135600 61 62
135900 23 49
135900 25 49
135900 28 69
135900 37 77
135900 52 75
135900 53 61
136200 2 15
136200 5 11
136200 14 19
136200 17 18
136200 19 79
136200 42 79
136500 15 60
136500 21 60
136500 85 90
136800 3 65
136800 9 73
136800 17 51
136800 51 68
137100 1 16
137100 1 59
137100 15 16
137100 16 59
137100 49 55
137100 55 79
137400 3 5
137400 9 29
137400 11 48
137400 11 24
137400 24 48
137400 57 88
137400 74 86
137700 19 78
137700 21 63
137700 29 53
138000 7 78
138000 9 69
138000 9 29
138000 29 63
138300 9 62
138300 12 16
138300 35 75
138300 57 60
138300 57 88
138300 58 90
138600 5 22
138600 23 61
138900 14 72
138900 28 53
139200 22 64
139200 40 88
139200 44 51
139200 67 78
139500 22 72
139500 28 69
139800 9 73
139800 9 19
139800 33 88
139800 50 75
140100 17 68
140100 29 53
140100 35 49
140100 57 60
140400 9 73
140400 45 70
140400 52 84
140400 53 70
140700 11 23
140700 23 69
140700 53 63
141000 0 24
141000 42 79
141000 42 44
141000 56 84
141300 0 24
141300 19 42
141300 19 50
141300 20 35
141300 22 32
141300 55 79
141300 84 87
141600 9 73
141900 1 78
141900 3 5
141900 29 63
142200 28 69
142200 30 66
142200 52 75
142500 12 88
142500 22 85
142500 55 74
142800 29 53
143100 7 88
143100 17 51
143100 29 53
143100 29 63
143100 39 51
143400 2 10
143400 2 6
143400 3 14
143400 6 10
143400 11 14
143400 14 34
143400 27 46
143400 44 51
143700 17 68
143700 42 50
144000 24 59
144000 29 53
144000 45 90
144000 53 63
144300 16 25
144300 52 87
144600 3 45
144900 11 44
145200 14 24
145200 29 63
145200 35 75
145200 59 76
145500 24 48
145500 26 71
145500 29 53
145500 35 75
145800 5 18
145800 29 90
145800 44 51
145800 45 64
145800 81 88
146100 9 62
146100 18 90
146100 23 30
146100 50 60
146100 50 57
146100 57 88
146400 19 86
146700 67 84
147000 35 75
147300 21 56
147300 24 48
147600 17 34
147900 9 62
147900 16 76
147900 17 68
147900 21 61
147900 24 37
147900 35 75
147900 42 75
147900 45 90
147900 55 79
147900 59 76
148200 22 64
148200 24 48
148500 24 32
148800 5 72
148800 49 55
148800 49 86
148800 55 86
149100 29 53
149400 28 70
149400 39 72
149400 72 90
149700 9 62
149700 38 58
149700 38 45
149700 59 78
149700 76 78
150000 5 72
150000 9 62
150000 49 86
150300 18 90
150300 23 30
150300 35 75
150300 46 84
150300 50 86
150300 50 60
150300 57 88
150300 62 73
150600 28 62
150600 28 29
150600 29 53
150900 21 84
150900 30 66
150900 55 86
151200 1 16
151200 35 84
151200 35 52
151500 44 51
151500 57 62
151800 35 75
151800 55 86
152100 22 32
152400 35 55
152400 50 74
152700 1 76
152700 27 76
152700 35 79
152700 44 51
152700 77 82
153000 25 87
153300 8 30
153300 8 90
153300 9 73
153300 15 67
153300 52 75
153300 53 73
153600 12 59
153600 20 84
153600 37 58
153600 59 76
153900 15 33
154200 5 54
154200 7 59
154200 9 62
154200 62 69
154500 11 69
154500 11 23
154500 23 69
154500 53 63
154800 59 76
155100 7 46
155100 17 18
155100 17 68
155100 45 58
155400 11 84
155400 14 71
155400 37 58
155400 50 86
155700 7 58
155700 24 35
155700 29 53
155700 49 52
155700 55 79
156000 9 73
156000 9 62
156300 9 29
156300 11 48
156300 27 81
156300 57 88
156600 9 62
156600 29 69
156600 50 74
156600 53 69
156600 55 79
156900 2 15
156900 3 14
156900 7 50
156900 9 62
156900 9 73
157200 9 62
157200 29 53
157500 14 58
157500 53 66
157800 0 24
157800 5 24
157800 39 58
157800 79 88
158100 0 45
158100 7 78
158100 7 21
158100 14 24
158400 9 73
158400 16 88
158400 21 69
158400 22 64
158400 53 70
158700 7 25
158700 19 79
158700 21 79
158700 21 61
158700 24 48
158700 24 45
158700 28 69
158700 61 66
158700 79 87
159000 14 58
159000 22 38
159300 4 86
159300 7 12
159300 9 28
159300 9 63
159300 37 58
159300 52 87
159600 53 69
159600 61 69
159900 8 16
159900 28 69
160200 58 65
160200 76 78
160200 76 81
160200 78 81
160500 3 8
160500 14 85
160500 19 79
160500 24 48
160500 45 65
160800 7 84
160800 24 84
160800 27 84
160800 33 84
160800 51 58
161100 0 24
161100 32 91
161100 57 60
161400 9 73
161400 63 70
161700 7 76
161700 8 26
161700 15 33
161700 23 29
161700 29 53
161700 53 63
162000 29 63
162000 50 86
162300 7 16
162300 7 58
162600 24 58
162900 20 35
162900 29 61
162900 39 45
162900 42 79
162900 52 84
162900 56 84
162900 84 87
163200 64 77
163500 21 56
163500 24 48
163800 9 73
163800 28 53
163800 50 74
164100 0 14
164100 8 54
164100 8 32
164100 8 26
164100 22 91
164100 25 39
164100 39 51
164400 24 48
164400 31 91
164400 66 69
164700 24 48
164700 29 30
164700 30 63
164700 47 58
165000 7 16
165000 29 53
165000 45 58
165300 2 15
165300 9 73
165300 20 40
165300 40 75
165300 44 70
165600 44 86
165600 58 65
165900 12 43
166200 14 72
166200 30 73
166200 30 69
166200 53 69
166500 2 28
166500 2 39
166500 11 34
166500 28 38
166500 61 86
166500 77 86
166800 9 62
166800 29 53
166800 37 58
166800 50 74
166800 57 88
167100 29 53
167400 29 53
167700 11 24
167700 24 48
168000 21 69
168000 21 61
168000 24 45
168000 30 66
168000 69 73
168300 0 48
168300 9 69
168300 9 43
168300 9 73
168300 15 67
168300 23 69
168300 30 66
168300 44 51
168300 52 75
168300 62 73
168300 69 73
168600 4 87
168600 9 62
168600 22 85
168600 29 53
168600 36 50
168600 84 89
168900 50 86
169200 15 33
169500 0 14
169500 16 59
169500 53 69
169800 35 75
169800 35 52
170100 5 85
170100 5 72
170100 55 86
170100 72 80
170100 80 85
170400 2 28
170400 5 22
170400 22 85
170700 9 62
170700 16 84
170700 24 48
171000 3 14
171000 7 88
171000 9 63
171000 9 28
171300 21 46
171300 21 26
171300 24 48
171300 26 31
171300 49 79
171300 75 79
171600 28 69
171600 46 89
171900 9 62
171900 9 73
171900 17 18
171900 50 74
171900 53 69
171900 55 79
172200 17 68
172200 28 45
172200 44 45
172500 17 18
172500 21 56
172500 21 59
172500 24 48
172500 32 58
172800 23 30
172800 45 72
172800 45 65
172800 49 74
172800 50 86
172800 52 84
172800 65 72
173100 9 73
173100 29 63
173400 2 88
173400 7 88
173400 40 88
173400 40 84
173400 84 88
173700 22 50
174000 5 72
174000 5 37
174000 5 22
174000 18 72
174000 22 37
174000 22 72
174000 22 26
174000 26 72
174000 26 37
174000 26 71
174000 28 73
174000 37 72
174300 2 15
174300 23 30
174600 8 37
174600 37 82
174600 37 58
174600 58 82
174900 15 60
175200 7 58
175200 29 53
175200 35 48
175200 55 79
175500 32 85
175500 50 86
175800 0 24
176100 5 18
176100 11 24
176100 79 84
176400 8 26
176400 9 62
176400 21 84
176700 1 12
176700 5 45
176700 9 73
176700 9 62
177000 26 32
177000 57 60
177300 7 12
177300 29 53
177300 45 83
177300 50 74
177600 7 25
177600 9 72
177600 22 64
177600 35 52
177900 5 37
177900 5 34
177900 7 27
177900 7 88
177900 27 88
177900 34 37
178200 17 18
178200 29 63
178500 9 62
178500 9 19
178500 22 64
178500 24 48
178500 38 44
178800 29 53
179100 35 75
179100 45 58
179400 62 73
179700 9 62
179700 15 33
179700 44 52
179700 62 73
180000 0 24
180000 4 84
180000 35 52
180000 55 79
180300 9 60
180300 15 33
180300 35 75
180600 3 53
180600 7 33
180600 11 56
180600 22 32
180600 22 45
180600 28 70
180600 44 51
180600 53 70
180600 53 61
180900 11 23
180900 23 69
180900 45 58
181200 24 48
181200 26 31
181200 35 75
181200 37 91
181500 9 73
181500 35 50
181500 50 86
181500 50 84
181800 18 37
181800 29 53
181800 35 55
181800 39 72
181800 80 85
182100 21 28
182100 29 53
182100 67 78
182400 7 16
182400 7 84
182400 7 25
182400 16 84
182400 16 25
182400 25 84
182400 50 84
182700 4 79
182700 9 29
182700 27 81
183000 24 58
183000 28 84
183000 28 62
183300 32 38
183600 9 62
183600 29 53
183600 57 88
183900 14 58
183900 21 61
184200 9 62
184200 23 53
184200 23 73
184200 28 53
184200 28 73
184200 29 53
184200 39 51
184500 7 78
184500 29 53
184800 9 28
184800 12 84
184800 55 87
185100 5 37
185100 35 75
185100 35 49
185100 46 57
185400 28 69
185400 29 53
185400 44 51
185700 24 48
185700 26 31
186000 28 69
186300 7 76
186300 12 16
186300 14 37
186300 27 81
186300 35 75
186600 14 18
186600 25 58
186600 29 53
186600 35 75
186600 50 75
186600 53 63
186600 56 60
186900 37 58
186900 53 66
186900 53 61
186900 53 70
186900 62 73
187200 24 45
187200 29 53
187200 37 58
187200 44 51
187500 5 39
187500 14 58
187500 40 88
187500 49 55
187800 9 73
187800 29 69
187800 29 53
187800 37 58
187800 50 74
187800 53 69
188100 9 73
188400 34 86
188700 8 26
188700 29 53
188700 36 79
188700 36 55
188700 55 79
189000 58 65
189300 9 62
189300 9 17
189300 24 48
189300 76 88
189600 2 6
189600 5 51
189600 5 39
189600 6 10
189600 7 16
189600 9 62
189600 14 82
189900 55 79
190200 12 77
190200 12 84
190200 26 32
190200 77 84
190500 34 84
190500 58 72
190500 80 85
190800 19 73
190800 52 75
191100 22 64
191400 27 73
191400 29 53
191400 37 84
191400 49 86
191400 49 50
191700 1 7
191700 1 27
191700 7 27
191700 14 37
191700 29 53
192000 7 12
192000 22 91
192000 24 32
192000 33 84
192000 79 88
192000 85 91
192300 7 25
192300 16 25
192300 30 66
192300 50 86
192600 21 69
192600 29 53
192600 75 79
192900 29 63
192900 50 86
193200 29 53
193500 21 69
193500 29 63
193800 15 27
193800 23 30
193800 29 71
193800 37 58
194100 12 59
194100 50 86
194100 75 84
194400 3 14
194400 3 44
194400 9 73
194400 9 19
194400 9 62
194400 11 44
194400 19 73
194400 29 63
194400 62 73
194400 62 66
194700 3 43
194700 29 53
195000 5 18
195300 9 62
195600 14 24
195600 18 47
195900 17 18
195900 22 58
195900 22 32
195900 32 58
196200 8 26
196500 7 58
196500 15 33
196500 44 52
196800 19 59
196800 19 76
196800 21 61
196800 24 45
196800 25 47
196800 27 57
196800 28 69
196800 44 51
196800 53 66
197100 5 11
197100 14 48
197100 28 73
197100 29 53
197100 39 51
197100 61 71
197100 70 73
197400 3 5
197400 29 63
197700 0 14
197700 7 78
197700 9 62
197700 21 84
197700 21 56
197700 29 53
197700 52 87
198000 23 29
198000 55 74
198300 29 53
198300 29 63
198300 45 65
198300 45 85
198300 58 65
198600 21 84
198600 24 48
198600 35 75
198600 55 79
198900 14 47
198900 45 72
199200 17 68
199200 50 86
199500 29 63
199800 29 63
199800 37 77
199800 55 86
200100 3 37
200100 8 26
200100 22 37
200100 23 30
200100 29 63
200100 37 90
200400 12 64
200400 12 45
200400 12 58
200400 17 18
200400 18 68
200400 34 58
200400 64 77
200700 3 51
200700 3 23
200700 23 49
200700 28 69
200700 42 51
200700 52 75
200700 80 90
201000 14 72
201000 14 34
201000 14 85
201000 24 48
201000 27 75
201000 27 35
201000 35 75
201300 17 18
201300 42 43
201300 45 58
201600 14 24
201600 14 58
201600 24 58
201900 12 42
202200 38 58
202200 59 78
202200 76 78
202500 15 33
202500 22 85
202500 22 32
202500 28 66
202500 53 63
202500 58 72
202800 29 53
202800 37 58
202800 50 86
202800 51 65
203100 22 64
203100 24 48
203100 77 82
203400 9 62
203400 24 31
203400 24 48
203400 31 48
203700 36 50
204000 15 33
204000 23 30
204000 53 63
204300 28 62
204300 29 53
204300 45 85
204300 45 65
204600 24 48
204600 35 52
204600 39 45
204600 57 62
204900 55 79
205200 42 51
205200 46 60
205200 53 70
205500 9 28
205500 9 63
205800 1 2
205800 2 10
205800 5 39
205800 6 10
205800 21 56
205800 45 58
206100 29 53
206400 9 62
206400 38 58
206400 38 45
206400 45 58
206700 9 62
207000 14 24
207000 22 77
207300 11 77
207300 12 27
207300 17 34
207300 22 48
207300 27 81
207300 27 48
207300 27 77
207300 48 64
207300 64 77
207600 21 76
207600 21 69
207600 22 85
207900 16 46
207900 35 84
207900 44 51
207900 57 88
208200 39 58
208200 44 58
208200 49 58
208200 49 79
208200 49 88
208200 79 88
208200 79 84
208500 12 44
208500 12 58
208500 12 77
208500 24 48
208500 58 65
208800 22 64
208800 24 48
208800 77 82
209100 17 68
209100 36 50
209400 22 64
209400 24 48
209400 44 51
209400 77 82
209700 19 73
209700 29 63
209700 56 84
210000 7 46
210000 17 34
210000 17 18
210000 17 46
210000 32 85
210000 32 38
210000 35 75
210000 64 77
210300 9 73
210300 29 63
210600 45 65
210900 18 37
210900 53 70
211200 12 88
211200 17 18
211200 55 74
211500 16 61
211500 23 53
211500 28 69
211500 30 53
211800 8 26
211800 21 61
211800 22 64
212100 35 75
212100 44 51
212400 5 14
212400 29 70
212400 44 51
212700 17 68
212700 28 69
212700 29 53
212700 37 82
212700 44 51
213000 7 58
213000 12 15
213000 15 33
213300 50 84
213600 0 24
213900 0 14
213900 9 62
213900 29 53
213900 37 58
214200 7 81
214200 14 45
214200 57 60
214500 37 58
214500 50 86
214800 0 48
214800 4 86
214800 9 63
214800 21 84
214800 52 87
215100 4 41
215100 27 57
215100 28 69
215400 22 85
215400 61 69
215700 23 29
215700 29 63
215700 31 71
215700 52 79
216000 5 74
216000 5 37
216000 9 62
216000 9 73
216000 24 48
216000 24 77
216000 24 74
216300 22 64
216300 27 57
216300 44 51
216300 77 82
216600 3 68
216600 9 62
216600 28 69
216600 37 77
216600 52 75
216600 62 73
216900 14 37
216900 35 87
216900 35 52
216900 44 51
217200 8 50
217200 9 62
217200 38 58
217200 38 45
217200 50 75
217500 9 63
217500 9 73
217800 0 14
217800 5 22
217800 5 37
217800 16 45
217800 22 37
217800 22 26
217800 22 34
217800 26 37
217800 26 72
217800 34 37
217800 37 72
217800 40 84
217800 40 78
217800 60 81
217800 60 88
217800 81 88
218100 7 58
218100 21 69
218100 36 50
218400 37 58
218700 2 28
218700 5 22
218700 23 61
219000 5 14
219000 9 62
219000 37 58
219000 44 45
219300 9 29
219300 14 48
219300 53 66
219600 3 18
219600 9 62
219600 18 65
219600 29 53
219900 23 69
220200 7 78
220200 16 25
220200 27 60
220500 21 46
220500 24 48
220500 26 31
220500 75 79
220800 6 40
220800 7 16
221100 49 55
221400 9 62
221400 77 82
221700 3 85
221700 50 86
222000 0 14
222000 14 37
222000 17 18
222000 28 30
222000 64 77
222300 9 73
222300 9 62
222300 50 74
222600 8 83
222600 29 53
222600 44 51
222900 9 62
222900 16 88
222900 23 53
222900 28 73
222900 29 73
222900 35 52
222900 53 73
223200 20 35
223200 39 45
223200 42 79
223500 9 73
223500 11 23
223500 17 18
223500 22 85
223800 34 84
223800 35 75
223800 35 50
223800 37 84
223800 50 86
223800 75 86
224100 29 63
224400 9 66
224400 9 62
224400 30 66
224400 50 74
224400 58 72
224700 7 78
224700 20 35
224700 29 73
224700 35 52
224700 56 87
224700 56 84
224700 63 70
224700 84 87
225000 9 62
225000 22 32
225000 76 78
225300 17 18
225300 22 32
225300 79 87
225600 1 40
225600 2 12
225600 7 40
225600 12 72
225600 58 72
225900 29 53
225900 50 74
225900 52 86
226200 8 82
226200 9 19
226200 9 62
226200 22 39
226200 22 64
226200 37 58
226200 38 44
226500 12 56
226500 56 58
226800 7 25
226800 9 66
226800 22 64
227100 8 26
227100 14 44
227400 5 14
227400 37 58
227700 0 24
227700 9 66
227700 23 29
228000 23 30
228000 42 76
228000 49 55
228300 1 76
228300 37 58
228600 5 44
228600 11 44
228600 28 69
228600 29 70
228600 44 51
228900 22 85
229200 0 48
229200 0 14
229200 9 62
229200 18 68
229200 28 29
229500 12 60
229500 19 75
229500 35 75
229500 35 50
229500 50 75
229500 50 52
229500 52 75
229800 11 24
229800 23 30
229800 50 86
229800 84 88
230100 7 27
230400 23 30
230400 29 53
230400 29 30
230400 35 52
230400 37 84
230400 43 45
230400 44 51
230700 4 55
231000 7 76
231000 9 63
231300 5 24
231300 5 65
231300 9 66
231300 9 13
231300 24 32
231300 57 60
231600 35 75
231600 76 84
231900 8 90
231900 8 58
231900 45 58
231900 70 73
232200 13 88
232200 21 88
232200 29 53
232200 29 69
232200 45 83
232200 50 74
232200 55 79
232500 42 86
232500 55 86
232800 28 84
233100 7 86
233400 5 18
233400 7 88
233400 8 26
233400 53 63
233700 9 28
233700 9 69
233700 9 63
233700 17 68
233700 28 73
233700 28 70
233700 28 30
233700 28 69
233700 30 62
233700 35 75
233700 53 62
233700 53 70
233700 61 62
234000 9 51
234000 9 39
234000 39 51
234300 53 66
234600 0 24
234600 4 86
234600 9 63
234600 9 69
234600 24 48
234600 61 62
234900 9 53
234900 29 53
234900 37 58
234900 50 86
234900 53 73
235200 5 18
235200 35 50
235200 42 50
235200 50 86
235500 25 88
235500 29 53
235500 38 51
235500 45 58
235500 51 72
235800 9 62
235800 14 24
235800 19 58
235800 21 69
235800 25 79
235800 39 51
235800 51 65
235800 58 72
235800 65 72
235800 66 70
236100 4 79
236100 37 58
236100 75 79
236400 0 14
236400 0 3
236400 3 14
236400 7 78
236700 11 23
237000 0 14
237000 3 14
237000 8 90
237000 9 69
237000 16 84
237000 30 53
237000 65 82
237300 9 62
237300 9 19
237300 12 58
237300 14 37
237300 19 44
237300 21 61
237300 22 64
237300 29 53
237300 44 45
237300 44 58
237300 44 60
237300 53 63
237600 24 48
237600 29 53
237600 35 75
237900 7 58
237900 9 73
237900 24 35
237900 29 53
237900 35 48
237900 42 55
237900 49 52
238200 2 10
238200 2 40
238200 6 10
238200 21 88
238200 44 51
238200 57 88
238500 28 69
238500 65 91
238800 18 22
238800 22 85
238800 28 66
238800 80 85
239100 7 58
239400 52 79
239700 15 33
239700 49 50
240000 0 48
240000 9 62
240000 15 67
240000 16 59
240000 24 48
240000 28 30
240000 28 69
240000 44 51
240000 52 75
240000 62 73
240300 14 71
240300 44 51
240300 50 86
240600 52 79
240900 50 74
241200 17 18
241200 45 65
241200 49 52
241200 52 86
241500 7 58
241500 7 25
241500 21 69
241500 25 58
241500 27 76
241500 28 66
241500 75 79
241500 76 78
241800 22 64
241800 45 85
241800 45 65
241800 65 85
242100 9 73
242100 50 86
242400 23 30
242400 49 74
242400 49 55
242400 55 74
242400 69 73
242700 9 73
242700 14 24
242700 59 76
243000 2 15
243000 2 33
243000 9 73
243000 9 62
243000 15 72
243000 29 63
243000 50 75
243000 58 86
243000 58 78
243000 58 59
243000 59 78
243000 72 86
243000 72 78
243000 72 75
243000 75 86
243300 8 39
243300 8 85
243300 9 62
243300 38 45
243600 7 25
243600 7 16
243600 30 66
243600 61 69
243900 5 24
243900 7 16
243900 8 26
243900 14 90
243900 18 37
244200 12 58
244200 58 72
244200 59 78
244200 65 72
244500 1 84
244500 5 18
244500 15 88
244500 15 40
244500 15 84
244500 18 32
244500 22 32
244500 23 69
244500 28 30
244500 29 53
244500 59 88
244500 59 84
244500 62 75
244500 81 84
244500 84 88
244800 29 63
245100 24 28
245100 29 53
245100 55 74
245100 76 81
245400 5 22
245400 5 72
245400 5 37
245400 22 37
245400 22 72
245400 22 26
245400 26 37
245400 29 53
245400 37 72
245400 37 90
245700 35 52
245700 44 77
245700 56 84
246000 15 33
246000 46 76
246000 60 81
246300 24 58
246300 32 80
246300 67 76
246600 17 18
246600 22 32
246600 79 87
246600 84 87
246900 3 58
246900 29 63
246900 37 58
246900 50 75
247200 9 63
247200 28 70
247200 28 53
247200 37 65
247200 53 70
247200 61 62
247500 14 58
247500 21 61
247800 17 68
248100 1 27
248100 1 7
248100 6 27
248100 6 7
248100 27 33
248100 29 63
248100 37 58
248100 44 65
248400 7 16
248400 9 29
248400 22 32
248400 52 55
248400 55 74
248700 42 84
248700 52 84
248700 53 63
249000 28 69
249000 30 53
249000 53 70
249300 30 66
249300 32 91
249300 34 72
249300 53 63
249600 8 26
249600 29 53
249600 50 74
249600 53 69
249900 19 50
249900 19 75
249900 27 60
249900 35 50
249900 35 75
249900 50 75
250200 14 85
250200 23 69
250200 23 31
250200 27 75
250200 31 69
250500 0 48
250500 4 50
250500 9 73
250500 9 62
250500 15 67
250500 52 75
250500 53 66
250800 3 5
250800 29 63
250800 29 73
250800 50 88
251100 29 53
251400 4 50
251400 15 67
251400 28 69
251400 30 66
251400 44 51
251400 52 75
251400 55 86
251700 7 12
251700 22 32
252000 7 25
252000 35 84
252000 52 84
252300 0 24
252300 5 34
252300 23 29
252300 29 30
252600 7 25
252600 22 64
252600 49 84
252600 50 84
252600 50 52
252600 52 84
252900 8 26
252900 44 51
253200 29 53
253500 0 24
253500 50 86
253500 56 84
253800 5 14
253800 6 88
253800 14 24
253800 28 30
254100 14 58
254100 14 37
254100 22 91
254100 23 30
254100 38 80
254100 85 91
254400 28 84
254700 22 64
254700 24 48
254700 44 51
254700 52 87
254700 77 82
255000 8 26
255000 22 71
255000 38 85
255000 38 90
255000 39 65
255000 58 85
255000 72 90
255300 28 29
255300 29 70
255600 24 48
255600 46 84
255600 79 86
255900 21 84
255900 22 85
256200 11 24
256200 49 55
256500 14 58
256500 21 61
256800 22 64
256800 35 79
256800 77 82
257100 12 58
257100 43 58
257100 44 45
257100 79 88
257400 63 70
257700 1 59
257700 6 88
257700 32 38
258000 29 53
258000 37 58
258000 62 69
258300 28 69
258300 46 60
258300 49 86
258300 49 55
258300 55 86
258600 7 27
258600 7 57
258600 27 77
258600 27 58
258600 58 77
258900 1 33
258900 11 72
258900 14 37
258900 64 77
259200 24 48
259200 46 84
259200 74 79
259500 29 53
259500 69 70
259800 8 26
259800 23 30
259800 23 53
259800 29 53
259800 30 53
259800 39 58
260100 29 53
260100 37 58
260400 5 85
260400 76 78
260700 11 44
260700 44 53
260700 53 70
261000 14 65
261000 14 45
261000 22 64
261000 29 53
261000 39 58
261000 39 85
261000 46 89
261000 58 85
261000 58 65
261300 24 48
261600 14 58
261600 21 76
261900 7 78
261900 28 69
261900 28 66
261900 42 51
261900 46 60
262200 24 45
262200 25 47
262200 27 57
262200 53 70
262500 3 22
262500 11 24
262500 42 79
262500 52 79
262500 55 79
262800 9 62
262800 11 44
263100 28 84
263100 39 51
263400 21 69
263400 21 61
263400 61 69
263700 7 88
263700 9 62
263700 52 75
264000 12 44
264000 58 65
264300 28 70
264600 7 58
264600 19 76
264600 21 69
264600 28 73
264600 59 76
264900 3 18
264900 7 58
264900 15 33
265200 8 26
265200 26 32
265200 38 90
265200 38 85
265200 58 90
265200 58 85
265200 85 90
265500 24 48
265500 28 69
265800 17 18
265800 29 61
265800 44 51
266100 24 48
266100 52 84
266100 53 63
266400 7 58
266400 24 48
266400 29 53
266400 49 52
266700 9 62
266700 22 85
266700 29 53
266700 29 30
266700 50 86
267000 31 71
267300 0 65
267300 0 14
267300 22 64
267300 24 48
267300 44 51
267600 7 12
267600 38 69
267900 14 24
267900 76 78
268200 29 53
268200 39 51
268200 53 63
268200 53 69
268200 66 69
268500 9 63
268500 37 77
268800 22 64
268800 35 79
268800 77 82
269100 9 69
269100 9 66
269100 9 62
269100 12 57
269100 27 75
269100 50 74
269100 62 69
269100 80 85
269400 17 18
269400 45 65
269700 7 27
269700 27 57
269700 57 60
270000 7 88
270000 9 62
270000 29 53
270300 1 16
270300 2 15
270300 31 71
270300 33 40
270600 15 33
270600 22 85
270600 28 66
270600 44 51
270600 53 63
270900 3 24
270900 14 45
270900 24 29
270900 24 53
270900 24 28
270900 29 53
270900 44 51
271200 2 10
271200 2 6
271200 6 10
271500 9 30
271500 29 53
271500 30 62
271500 37 77
271500 49 52
271500 52 84
271800 7 12
271800 29 53
272100 21 69
272100 24 45
272400 8 26
272400 50 74
272700 11 44
272700 24 48
273000 17 18
273300 35 52
273600 6 40
273600 15 33
273600 38 45
273600 44 52
273900 9 30
273900 9 28
273900 9 53
273900 17 18
273900 28 30
273900 28 73
273900 29 53
273900 44 51
273900 50 75
274200 5 18
274200 12 77
274200 12 44
274200 12 64
274200 24 48
274200 39 65
274200 44 65
274500 16 78
274500 28 73
274500 53 63
274500 70 73
274500 75 79
274800 21 56
274800 22 64
274800 24 48
274800 35 79
274800 77 82
275100 51 54
275100 63 89
275400 9 62
275400 9 66
275400 14 48
275400 24 32
275400 50 75
275400 59 76
275700 6 40
275700 9 30
275700 9 29
275700 28 29
275700 28 53
275700 29 53
276000 4 50
276000 5 24
276000 7 57
276000 8 26
276000 9 62
276000 13 50
276000 14 90
276000 14 37
276000 32 80
276000 37 90
276300 0 14
276300 53 70
276300 60 79
276600 24 48
276600 52 75
276600 69 70
276900 7 58
276900 21 84
276900 24 45
276900 56 60
277200 9 62
277200 27 88
277200 28 69
277200 29 53
277500 26 52
277500 29 53
277800 7 56
277800 9 62
278100 42 43
278100 42 72
278100 42 58
278100 58 72
278400 9 28
278400 9 63
278400 28 69
278400 37 77
