0 29 53
0 37 58
0 50 86
0 51 65
300 14 58
300 21 61
600 9 73
600 29 69
600 29 53
600 37 58
600 50 74
600 53 69
900 24 32
1200 21 69
1200 58 85
1500 3 85
1500 22 85
1800 0 48
1800 0 14
1800 9 62
1800 18 68
1800 28 29
2100 9 62
2100 77 82
2400 8 26
2400 50 74
2700 5 72
2700 5 37
2700 22 26
2700 22 37
2700 22 72
2700 26 37
2700 26 72
2700 29 53
2700 37 72
2700 53 63
3000 3 11
3000 28 76
3000 57 76
3300 3 37
3300 8 26
3300 22 37
3300 23 30
3300 29 63
3300 37 90
3600 14 47
3600 32 38
3900 15 33
3900 22 85
3900 22 32
3900 28 66
3900 53 63
3900 58 72
4200 17 68
4500 21 69
4500 29 63
4800 7 76
5100 22 64
5100 24 48
5400 29 63
5700 15 60
5700 21 60
5700 85 90
6000 9 63
6300 29 70
6300 44 72
6300 53 70
6600 19 59
6600 19 76
6600 21 61
6600 24 45
6600 25 47
6600 27 57
6600 28 69
6600 44 51
6600 53 66
6900 28 69
6900 46 89
7200 24 48
7200 31 32
7500 17 18
7800 0 14
8100 19 73
8100 52 75
8400 9 62
8400 9 66
8400 14 48
8400 24 32
8400 50 75
8400 59 76
8700 29 63
9000 22 77
9000 22 64
9300 2 15
9300 23 30
9600 5 72
9600 5 37
9600 5 22
9600 18 72
9600 22 37
9600 22 72
9600 22 26
9600 26 72
9600 26 37
9600 26 71
9600 28 73
9600 37 72
9900 35 55
9900 50 74
10200 11 48
10200 12 49
10200 49 67
10200 58 65
10200 60 89
10500 22 50
10800 3 51
10800 3 23
10800 23 49
10800 28 69
10800 42 51
10800 52 75
10800 80 90
11100 3 5
11100 29 63
11400 14 50
11400 22 64
11400 30 66
11400 44 86
11700 30 53
11700 58 72
12000 52 79
12300 7 27
12300 27 57
12300 57 60
12600 0 48
12600 9 77
12600 9 62
12600 28 73
12600 44 51
12900 27 60
12900 29 63
13200 3 8
13200 14 85
13200 19 79
13200 24 48
13200 45 65
13500 1 27
13500 1 7
13500 6 27
13500 6 7
13500 27 33
13500 29 63
13500 37 58
13500 44 65
13800 1 40
13800 2 12
13800 7 40
13800 12 72
13800 58 72
14100 9 73
14100 16 88
14100 21 69
14100 22 64
14100 53 70
14400 17 18
14400 45 65
14400 49 52
14400 52 86
14700 3 44
14700 22 64
14700 44 51
14700 45 58
15000 9 62
15000 38 58
15000 38 45
15000 45 58
15300 15 33
15300 60 81
15300 76 88
15600 9 73
15600 14 24
15600 59 76
15900 11 44
15900 24 63
15900 37 82
15900 86 91
16200 14 39
16200 14 58
16500 11 24
16500 23 30
16500 50 86
16500 84 88
16800 49 55
17100 24 59
17100 29 53
17100 45 90
17100 53 63
17400 3 22
17400 11 24
17400 42 79
17400 52 79
17400 55 79
17700 26 32
18000 11 24
18000 19 59
18000 19 76
18000 37 72
18000 59 76
18000 70 73
18300 4 86
18300 7 12
18300 9 28
18300 9 63
18300 37 58
18300 52 87
18600 29 63
18900 35 75
18900 45 65
18900 56 86
18900 56 84
18900 84 86
19200 9 28
19200 9 69
19200 9 63
19200 17 68
19200 28 73
19200 28 70
19200 28 30
19200 28 69
19200 30 62
19200 35 75
19200 53 62
19200 53 70
19200 61 62
19500 64 77
19800 5 85
19800 5 80
19800 21 84
19800 28 69
20100 17 18
20400 7 12
20400 33 84
20400 72 85
20400 79 88
20700 15 27
20700 23 30
20700 29 71
20700 37 58
21000 8 26
21000 21 61
21000 22 64
21300 7 78
21300 8 26
21300 14 24
21300 14 64
21300 17 68
21300 29 53
21600 9 28
21600 12 84
21600 55 87
21900 7 88
21900 9 62
21900 29 53
22200 14 58
22200 21 40
22200 47 58
22500 7 25
22500 9 72
22500 22 64
22500 35 52
22800 14 18
22800 25 58
22800 29 53
22800 35 75
22800 50 75
22800 53 63
22800 56 60
23100 3 5
23100 29 63
23100 29 73
23100 50 88
23400 35 75
23400 39 58
23400 65 84
23400 79 88
23700 44 51
23700 55 79
24000 9 62
24000 22 85
24000 29 53
24000 29 30
24000 50 86
24300 5 85
24300 5 72
24300 55 86
24300 72 80
24300 80 85
24600 29 53
24600 37 58
24900 8 26
24900 14 44
25200 14 37
25200 35 87
25200 35 52
25200 44 51
25500 24 48
25500 52 84
25500 53 63
25800 24 48
25800 35 52
25800 39 45
25800 57 62
26100 52 79
26400 4 79
26400 37 58
26400 75 79
26700 28 69
26700 29 53
26700 37 82
26700 44 51
27000 22 64
27000 42 52
27300 21 84
27300 22 85
27600 17 68
27600 18 34
27600 35 75
27600 35 36
27600 36 75
27900 28 70
28200 3 43
28200 29 53
28500 14 24
28500 76 78
28800 14 72
28800 28 53
29100 9 62
29100 39 51
29400 0 14
29400 5 22
29400 5 37
29400 16 45
29400 22 37
29400 22 26
29400 22 34
29400 26 37
29400 26 72
29400 34 37
29400 37 72
29400 40 84
29400 40 78
29400 60 81
29400 60 88
29400 81 88
29700 5 74
29700 5 37
29700 9 62
29700 9 73
29700 24 48
29700 24 77
29700 24 74
30000 14 24
30300 24 48
30300 37 58
30600 6 40
30900 9 63
30900 28 70
30900 35 75
31200 4 50
31200 15 67
31200 28 69
31200 30 66
31200 44 51
31200 52 75
31200 55 86
31500 22 32
31800 17 68
31800 28 45
31800 44 45
32100 1 16
32100 1 59
32100 15 16
32100 16 59
32100 49 55
32100 55 79
32400 12 42
32700 5 14
32700 29 70
32700 44 51
33000 22 64
33000 35 79
33000 77 82
33300 58 59
33300 59 76
33300 59 78
33300 60 81
33300 76 88
33600 17 18
33600 22 58
33600 22 32
33600 32 58
33900 11 86
33900 12 86
33900 76 78
34200 45 58
34200 45 72
34200 63 70
34500 1 7
34500 7 40
34500 33 59
34800 53 63
35100 14 24
35100 22 77
35400 11 77
35400 12 27
35400 17 34
35400 22 48
35400 27 81
35400 27 48
35400 27 77
35400 48 64
35400 64 77
35700 12 44
36000 3 72
36000 22 38
36000 22 32
36300 29 53
36600 8 26
36600 42 59
36600 53 63
36900 29 63
36900 50 86
37200 7 12
37200 22 32
37500 24 58
37500 28 84
37500 28 62
37800 0 14
37800 7 78
37800 9 62
37800 21 84
37800 21 56
37800 29 53
37800 52 87
38100 16 25
38100 52 87
38400 1 76
38400 19 76
38400 22 64
38400 35 79
38400 77 82
38700 12 58
38700 39 58
38700 79 88
39000 22 64
39300 7 58
39300 21 69
39300 36 50
39600 11 44
39600 19 28
39600 25 86
39600 35 75
39600 35 52
39600 45 65
39600 52 75
39900 28 84
39900 35 75
39900 39 51
39900 55 75
40200 24 48
40200 24 45
40200 29 63
40200 29 70
40200 39 45
40200 42 50
40200 42 65
40200 45 72
40200 45 48
40500 14 85
40500 23 69
40500 23 31
40500 27 75
40500 31 69
40800 9 19
40800 9 62
40800 9 73
40800 19 73
40800 45 65
40800 62 73
41100 9 73
41100 29 63
41400 5 24
41400 5 65
41400 9 66
41400 9 13
41400 24 32
41400 57 60
41700 0 14
41700 3 14
41700 8 90
41700 9 69
41700 16 84
41700 30 53
41700 65 82
42000 5 14
42000 9 62
42000 37 58
42000 44 45
42300 17 68
42300 42 50
42600 3 85
42600 50 86
42900 9 29
42900 29 62
42900 29 63
42900 62 73
42900 63 66
43200 6 88
43200 18 37
43200 22 85
43200 23 69
43200 28 62
43500 1 65
43500 8 39
43500 8 85
43500 9 62
43500 14 45
43500 29 63
43500 38 45
43500 41 86
43500 50 75
43500 53 70
43500 75 79
43800 3 5
43800 3 22
43800 5 18
43800 11 24
43800 18 22
43800 22 64
43800 55 79
44100 14 24
44100 29 63
44100 35 75
44100 59 76
44400 9 63
44400 9 73
44400 9 28
44400 9 69
44400 24 48
44400 28 70
44400 37 65
44400 53 70
44400 61 62
44700 27 73
44700 29 53
44700 37 84
44700 49 86
44700 49 50
45000 17 18
45300 8 90
45300 8 58
45300 45 58
45300 70 73
45600 0 24
45600 5 34
45600 23 29
45600 29 30
45900 6 58
45900 6 7
45900 7 58
45900 8 14
45900 9 62
45900 14 37
45900 35 75
46200 29 53
46500 29 53
46500 37 58
46500 62 69
46800 19 73
46800 29 63
46800 56 84
47100 42 51
47100 46 60
47100 53 70
47400 29 63
47400 50 84
47400 58 65
47400 59 76
47400 76 81
47700 5 11
47700 18 37
47700 29 53
48000 22 38
48000 25 28
48000 25 53
48000 28 53
48000 53 69
48300 7 25
48300 22 64
48300 49 84
48300 50 84
48300 50 52
48300 52 84
48600 15 33
48600 25 86
48900 11 44
48900 11 30
48900 24 48
49200 29 53
49500 29 53
49500 37 77
49800 17 18
49800 29 53
49800 36 79
50100 29 53
50100 46 89
50100 69 70
50400 2 28
50400 5 22
50400 22 85
50700 17 18
50700 35 75
50700 39 90
51000 17 18
51000 32 38
51300 9 73
51300 45 70
51300 52 84
51300 53 70
51600 12 88
51600 17 18
51600 55 74
51900 9 62
51900 29 53
51900 57 88
52200 7 12
52200 22 91
52200 24 32
52200 33 84
52200 79 88
52200 85 91
52500 9 63
52500 9 28
52800 24 45
52800 25 47
52800 27 57
52800 53 70
53100 35 75
53100 35 52
53400 11 57
53400 22 64
53400 29 30
53400 30 63
53400 47 58
53400 56 57
53700 24 48
53700 31 91
53700 66 69
54000 9 73
54000 49 73
54000 50 86
54000 57 60
54300 0 48
54300 8 90
54300 16 84
54300 29 53
54600 1 16
54600 2 15
54600 31 71
54600 33 40
54900 17 18
54900 29 61
54900 44 51
55200 28 69
55200 65 91
55500 9 46
55500 55 84
55800 7 25
55800 35 84
55800 52 84
56100 9 62
56100 29 69
56100 50 74
56100 53 69
56100 55 79
56400 6 40
56400 9 73
56400 9 61
56400 50 86
56700 2 15
56700 9 73
56700 20 40
56700 40 75
56700 44 70
57000 4 41
57000 27 57
57000 28 69
57300 63 70
57600 24 45
57600 29 53
57600 37 58
57600 44 51
57900 3 5
57900 9 29
57900 11 48
57900 11 24
57900 24 48
57900 57 88
57900 74 86
58200 9 62
58500 28 70
58800 8 26
58800 14 44
58800 52 79
59100 29 53
59100 35 49
59100 37 84
59100 58 84
59400 1 7
59400 17 18
59400 55 79
59400 75 79
59700 1 78
59700 7 78
59700 21 76
59700 24 48
59700 77 82
60000 29 63
60300 24 44
60300 29 63
60600 25 87
60900 21 84
60900 23 29
60900 51 65
61200 0 14
61200 8 54
61200 8 32
61200 8 26
61200 22 91
61200 25 39
61200 39 51
61500 0 24
61500 5 24
61500 39 58
61500 79 88
61800 29 53
62100 17 34
62400 0 24
62400 17 18
62400 79 87
62400 84 87
62700 28 62
62700 29 53
62700 45 85
62700 45 65
63000 9 63
63000 9 73
63300 21 28
63300 29 53
63300 67 78
63600 8 37
63600 37 82
63600 37 58
63600 58 82
63900 69 70
64200 9 62
64500 14 37
64500 37 58
64500 44 51
64800 15 33
64800 25 55
64800 56 60
65100 7 16
65100 29 53
65100 49 52
65400 53 70
65700 8 26
65700 26 80
65700 31 58
65700 39 85
65700 80 91
66000 3 14
66000 14 37
66000 16 84
66000 50 75
66300 28 53
66300 44 51
66600 12 43
66900 29 53
66900 52 87
67200 9 60
67200 15 33
67200 35 75
67500 6 40
67500 24 45
67500 49 86
67500 57 60
67800 18 37
67800 23 30
67800 38 91
68100 36 50
68400 1 84
68400 5 18
68400 15 88
68400 15 40
68400 15 84
68400 18 32
68400 22 32
68400 23 69
68400 28 30
68400 29 53
68400 59 88
68400 59 84
68400 62 75
68400 81 84
68400 84 88
68700 2 15
68700 5 11
68700 14 19
68700 17 18
68700 19 79
68700 42 79
69000 7 78
69000 9 69
69000 9 29
69000 29 63
69300 22 64
69600 29 70
69900 7 58
69900 24 35
69900 29 53
69900 49 52
69900 55 79
70200 21 69
70200 21 61
70200 61 69
70500 1 76
70500 37 58
70800 53 70
71100 34 84
71100 58 72
71100 80 85
71400 7 58
71400 21 84
71400 24 45
71400 56 60
71700 6 12
71700 6 26
71700 9 62
71700 9 26
71700 12 46
71700 14 24
72000 29 53
72000 37 58
72300 9 66
72300 14 24
72300 24 58
72300 28 84
72600 45 83
72600 55 79
72600 58 72
72600 58 85
72600 80 85
72900 7 76
73200 0 14
73200 14 37
73200 17 18
73200 37 82
73500 3 5
73500 29 63
73800 50 86
74100 29 53
74400 1 59
74400 1 88
74400 1 84
74400 11 24
74400 12 88
74400 15 88
74400 23 69
74400 24 55
74700 12 64
74700 12 45
74700 12 58
74700 17 18
74700 18 68
74700 34 58
74700 64 77
75000 9 30
75000 12 76
75000 21 56
75000 22 64
75000 38 45
75000 56 76
75300 0 45
75300 3 5
75300 9 29
75300 9 30
75300 9 70
75300 9 28
75600 8 26
75600 22 71
75600 38 85
75600 38 90
75600 39 65
75600 58 85
75600 72 90
75900 1 59
75900 6 88
75900 32 38
76200 2 15
76200 2 33
76200 9 73
76200 9 62
76200 15 72
76200 29 63
76200 50 75
76200 58 86
76200 58 78
76200 58 59
76200 59 78
76200 72 86
76200 72 78
76200 72 75
76200 75 86
76500 12 77
76500 12 84
76500 26 32
76500 77 84
76800 12 59
76800 50 86
76800 75 84
77100 9 73
77400 31 71
77700 11 23
77700 17 18
77700 23 69
77700 35 74
77700 62 73
78000 24 48
78000 42 43
78000 44 45
78000 48 49
78000 53 70
78000 79 88
78300 5 47
78300 9 28
78300 9 63
78300 9 69
78300 9 73
78300 9 62
78300 24 48
78300 28 73
78600 20 40
78600 29 53
78900 2 39
78900 5 48
78900 12 48
78900 12 14
78900 12 20
78900 14 20
78900 14 58
78900 14 78
78900 20 58
78900 20 78
78900 24 87
78900 29 39
78900 31 58
78900 58 78
79200 11 69
79200 11 23
79200 23 69
79200 53 63
79500 7 81
79500 14 45
79500 57 60
79800 7 84
79800 24 84
79800 27 84
79800 33 84
79800 51 58
80100 29 63
80400 29 53
80700 1 16
80700 2 6
80700 2 10
80700 6 40
80700 6 27
80700 6 10
80700 10 16
80700 10 40
80700 12 77
80700 12 44
80700 16 33
80700 17 18
80700 24 48
80700 27 40
80700 27 46
80700 27 65
80700 27 57
80700 39 65
80700 46 56
80700 46 57
81000 0 48
81000 9 62
81000 15 67
81000 16 59
81000 24 48
81000 28 30
81000 28 69
81000 44 51
81000 52 75
81000 62 73
81300 9 62
81300 16 76
81300 17 68
81300 21 61
81300 24 37
81300 35 75
81300 42 75
81300 45 90
81300 55 79
81300 59 76
81600 2 88
81600 7 58
81900 6 40
81900 9 62
81900 35 49
81900 55 74
82200 28 70
82200 39 72
82200 72 90
82500 7 76
82500 12 16
82500 14 37
82500 27 81
82500 35 75
82800 21 27
82800 21 59
82800 34 45
82800 54 71
83100 0 48
83100 9 69
83100 9 43
83100 9 73
83100 15 67
83100 23 69
83100 30 66
83100 44 51
83100 52 75
83100 62 73
83100 69 73
83400 0 24
83400 21 42
83400 22 38
83400 24 45
83400 25 28
83400 27 57
83400 67 76
83700 1 84
83700 1 59
83700 6 84
83700 9 73
83700 20 84
83700 28 69
83700 67 84
83700 84 88
84000 8 30
84000 8 90
84000 9 73
84000 15 67
84000 52 75
84000 53 73
84300 2 6
84300 5 51
84300 5 39
84300 6 10
84300 7 16
84300 9 62
84300 14 82
84600 5 14
84600 37 58
84900 7 84
84900 44 65
84900 58 65
85200 9 30
85200 9 28
85200 9 53
85200 17 18
85200 28 30
85200 28 73
85200 29 53
85200 44 51
85200 50 75
85500 44 51
85500 88 89
85800 28 84
85800 39 51
86100 44 51
86100 57 62
86400 1 40
86400 1 6
86400 6 60
86400 27 84
86400 44 65
86400 58 65
86700 45 65
86700 50 86
86700 55 74
87000 1 88
87000 5 51
87000 7 81
87000 7 88
87000 29 53
87000 39 51
87000 49 67
87000 55 86
87300 7 76
87300 8 26
87300 15 33
87300 23 29
87300 29 53
87300 53 63
87600 8 50
87600 9 62
87600 38 58
87600 38 45
87600 50 75
87900 5 11
87900 5 72
87900 9 62
88200 8 82
88200 9 19
88200 9 62
88200 22 39
88200 22 64
88200 37 58
88200 38 44
88500 9 62
88500 22 32
88500 76 78
88800 24 31
88800 31 48
88800 81 88
89100 5 18
89100 7 88
89100 8 26
89100 53 63
89400 25 86
89400 29 53
89400 50 86
89700 16 76
89700 32 38
90000 14 32
90300 3 37
90300 9 30
90300 32 88
90600 21 69
90600 21 61
90600 24 45
90600 30 66
90600 69 73
90900 14 24
90900 14 58
90900 24 58
91200 9 73
91500 50 74
91500 53 69
91800 22 72
91800 28 69
92100 11 26
92100 35 75
92400 21 56
92400 24 48
92700 14 37
92700 17 68
93000 24 45
93000 29 53
93000 44 51
93300 11 44
93600 35 75
93600 44 51
93900 24 48
93900 29 30
93900 30 63
93900 47 58
94200 7 58
94200 12 15
94200 15 33
94500 2 15
94500 7 16
94500 7 12
94500 12 16
94800 15 33
94800 46 76
94800 60 81
95100 29 63
95400 29 53
95700 23 29
96000 50 84
96300 24 28
96300 29 53
96600 5 51
96600 5 35
96600 14 39
96600 17 51
96600 27 65
96600 27 72
96600 27 35
96600 27 75
96600 35 37
96600 35 45
96600 35 75
96600 45 58
96600 45 72
96600 51 68
96600 58 72
96900 18 22
96900 22 85
96900 28 66
96900 80 85
97200 7 12
97200 29 53
97200 45 83
97200 50 74
97500 5 85
97500 76 78
97800 7 88
97800 9 62
97800 52 75
98100 24 48
98100 29 53
98100 35 75
98400 8 26
98400 49 74
98700 22 85
99000 3 14
99000 21 84
99000 28 73
99000 29 70
99000 45 65
99300 29 53
99300 37 58
99600 9 62
99900 62 73
99900 71 83
100200 5 18
100200 5 11
100200 62 73
100500 1 16
100500 35 84
100500 35 52
100800 24 48
100800 28 69
101100 9 30
101100 29 53
101100 30 62
101100 37 77
101100 49 52
101100 52 84
101400 28 30
101700 9 73
102000 3 24
102000 14 45
102000 24 29
102000 24 53
102000 24 28
102000 29 53
102000 44 51
102300 6 40
102300 15 33
102300 38 45
102300 44 52
102600 5 84
102600 22 77
102600 24 48
102900 2 10
102900 2 40
102900 6 10
102900 21 88
102900 44 51
102900 57 88
103200 4 49
103200 29 53
103200 57 88
103500 9 73
103500 9 19
103500 33 88
103500 50 75
103800 19 78
103800 21 63
103800 29 53
104100 35 75
104100 55 86
104400 7 25
104400 28 69
104700 25 86
104700 30 53
104700 53 77
105000 28 84
105000 39 51
105300 3 58
105300 29 63
105300 37 58
105300 50 75
105600 15 67
105600 30 66
105600 37 58
105600 37 77
105600 52 75
105600 62 73
105600 64 82
105600 65 82
105900 0 48
105900 8 90
105900 8 16
105900 29 53
105900 29 30
105900 62 73
106200 0 24
106200 32 91
106200 57 60
106500 9 62
106500 18 34
106500 21 66
106500 29 69
106500 45 83
106500 50 74
106500 55 79
106500 57 60
106800 67 84
107100 9 62
107400 9 66
107400 9 62
107400 30 66
107400 50 74
107400 58 72
107700 14 58
107700 53 66
108000 16 78
108000 28 73
108000 53 63
108000 70 73
108000 75 79
108300 0 14
108300 7 16
108300 8 60
108300 8 90
108300 9 62
108300 53 66
108600 7 12
108600 38 69
108900 5 37
108900 5 13
108900 5 74
108900 9 62
108900 74 81
109200 5 11
109200 8 85
109200 9 62
109200 12 29
109200 22 51
109200 29 53
109200 38 45
109200 40 41
109200 50 75
109200 61 90
109500 23 30
109500 24 48
109800 21 56
109800 22 64
109800 24 48
109800 35 79
109800 77 82
110100 42 86
110100 55 86
110400 37 58
110400 44 52
110700 35 75
111000 67 84
111300 9 62
111300 36 55
111300 36 79
111300 55 79
111600 5 14
111600 6 88
111600 14 24
111600 28 30
111900 5 18
111900 12 77
111900 12 64
111900 24 48
111900 64 77
112200 3 53
112200 7 33
112200 11 56
112200 22 32
112200 22 45
112200 28 70
112200 44 51
112200 53 70
112200 53 61
112500 7 58
112500 15 33
112500 44 52
112800 28 29
112800 49 86
113100 0 45
113100 29 53
113100 37 58
113100 37 47
113400 0 14
113400 14 37
113400 17 18
113400 28 30
113400 64 77
113700 0 48
113700 9 73
113700 15 67
113700 52 75
114000 9 53
114000 29 53
114000 37 58
114000 50 86
114000 53 73
114300 5 18
114300 12 77
114300 12 44
114300 12 64
114300 24 48
114300 39 65
114300 44 65
114600 37 58
114900 7 88
114900 17 51
114900 29 53
114900 29 63
114900 39 51
115200 28 69
115500 0 24
115500 0 48
115500 9 62
115500 15 67
115500 23 30
115800 8 26
115800 9 28
115800 9 62
115800 22 64
115800 28 73
116100 1 33
116100 1 2
116100 1 6
116100 2 6
116100 6 84
116100 6 33
116100 10 84
116100 12 44
116100 33 44
116100 39 51
116100 51 58
116100 51 65
116100 56 84
116100 58 65
116100 67 84
116400 3 5
116400 29 73
116400 50 86
116700 34 84
116700 35 75
116700 35 50
116700 37 84
116700 50 86
116700 75 86
117000 22 64
117000 40 88
117000 44 51
117000 67 78
117300 9 63
117300 37 77
117600 29 69
117600 66 69
117900 25 88
117900 29 53
117900 38 51
117900 45 58
117900 51 72
118200 12 58
118200 43 58
118200 44 45
118200 79 88
118500 9 62
118500 9 19
118500 22 64
118500 24 48
118500 38 44
118800 9 62
118800 16 84
118800 24 48
119100 1 16
119100 8 26
119400 2 15
119400 9 73
119400 17 18
119400 35 75
119700 24 48
119700 66 69
120000 23 53
120000 28 69
120000 35 52
120000 46 50
120000 50 86
120000 53 70
120300 29 53
120300 50 74
120300 52 86
120600 0 48
120600 4 50
120600 9 62
120600 9 73
120600 15 67
120600 52 75
120900 27 60
120900 29 63
120900 37 58
120900 50 75
121200 9 62
121200 11 44
121500 0 24
121800 0 14
121800 53 70
121800 60 79
122100 14 47
122100 45 72
122400 1 78
122400 29 70
122400 45 65
122700 5 11
122700 14 48
122700 28 73
122700 29 53
122700 39 51
122700 61 71
122700 70 73
123000 9 62
123000 15 33
123000 35 75
123000 52 55
123000 60 81
123300 0 48
123300 4 50
123300 9 73
123300 9 62
123300 15 67
123300 52 75
123300 53 66
123600 7 76
123600 9 63
123900 9 73
123900 35 50
123900 50 86
123900 50 84
124200 7 16
124200 29 53
124200 45 58
124500 1 12
124500 5 45
124500 9 73
124500 9 62
124800 15 33
124800 23 30
124800 53 63
125100 0 24
125400 29 53
125700 17 18
125700 29 63
126000 14 48
126000 14 24
126000 24 48
126000 53 63
126300 1 33
126300 1 7
126300 5 72
126300 24 45
126300 37 58
126300 58 65
126600 7 25
126600 19 79
126600 21 79
126600 21 61
126600 24 48
126600 24 45
126600 28 69
126600 61 66
126600 79 87
126900 21 76
127200 4 79
127200 16 84
127500 22 64
127500 35 52
127500 44 51
127500 46 89
127800 1 88
127800 1 59
127800 22 32
128100 25 84
128100 64 77
128100 75 79
128400 0 48
128400 8 90
128400 29 53
128700 0 14
128700 12 88
128700 31 51
128700 51 71
129000 28 84
129300 17 68
129300 28 69
129300 29 53
129300 37 82
129300 44 51
129600 28 43
129600 39 51
129900 19 50
129900 19 75
129900 27 60
129900 35 50
129900 35 75
129900 50 75
130200 11 44
130200 63 70
130500 9 73
130500 11 23
130500 17 18
130500 22 85
130800 29 63
130800 37 77
130800 55 86
131100 29 53
131100 52 86
131400 1 59
131400 29 53
131400 75 79
131700 9 28
131700 9 63
132000 3 72
132000 22 32
132000 52 79
132000 62 73
132000 79 86
132300 44 51
132300 58 65
132600 29 53
132900 6 40
132900 7 16
133200 2 28
133200 5 22
133200 23 61
133500 5 22
133500 5 72
133500 5 37
133500 22 37
133500 22 72
133500 22 26
133500 26 37
133500 29 53
133500 37 72
133500 37 90
133800 32 80
133800 50 74
134100 21 69
134100 24 45
134400 5 24
134400 7 16
134400 8 26
134400 14 90
134400 18 37
134700 14 44
134700 14 22
135000 9 23
135000 9 62
135300 44 86
135300 58 65
135600 8 26
135600 22 91
135600 24 48
135600 29 91
135600 39 58
135600 42 43
135900 53 62
135900 76 78
136200 7 16
136200 7 58
136500 19 62
136500 21 56
136500 22 64
136500 77 82
136800 37 58
136800 50 86
137100 1 16
137100 7 88
137100 9 62
137100 35 79
137100 35 52
137100 35 36
137100 36 79
137100 76 88
137400 11 23
137400 21 30
137400 23 69
137400 37 58
137400 74 86
137700 5 75
138000 79 86
138300 14 58
138300 21 61
138600 9 62
138600 14 24
138600 19 58
138600 21 69
138600 25 79
138600 39 51
138600 51 65
138600 58 72
138600 65 72
138600 66 70
138900 24 48
138900 26 31
138900 35 75
138900 37 91
139200 3 14
139200 9 62
139200 9 28
139200 9 44
139200 34 44
139200 44 45
139500 8 26
139500 44 51
139800 7 27
139800 7 57
139800 27 77
139800 27 58
139800 58 77
140100 22 64
140100 24 48
140100 44 51
140100 77 82
140400 14 58
140400 14 37
140400 22 91
140400 23 30
140400 38 80
140400 85 91
140700 25 36
140700 53 63
141000 0 14
141300 9 62
141300 27 88
141300 28 69
141300 29 53
141600 4 52
141600 9 73
141600 9 69
141600 9 62
141600 29 53
141600 52 55
141600 55 79
141600 67 76
141900 0 24
141900 42 79
141900 42 44
141900 56 84
142200 2 84
142200 3 68
142200 9 62
142200 9 30
142200 24 48
142200 52 75
142200 62 73
142500 8 26
142500 53 63
142800 24 48
143100 22 64
143100 45 85
143100 45 65
143100 65 85
143400 11 44
143400 44 53
143400 53 70
143700 24 58
143700 32 80
143700 67 76
144000 16 84
144000 28 69
144000 32 38
144000 35 50
144000 37 82
144000 37 77
144000 45 65
144300 23 30
144300 49 74
144300 49 55
144300 55 74
144300 69 73
144600 53 66
144900 14 24
144900 21 69
144900 29 53
144900 85 91
145200 21 69
145200 29 63
145500 7 58
145500 19 76
145500 21 69
145500 28 73
145500 59 76
145800 8 26
145800 9 62
145800 9 73
145800 69 73
146100 23 30
146100 29 53
146100 52 86
146100 57 60
146100 74 86
146400 4 48
146400 8 34
146400 8 90
146400 8 58
146400 11 24
146400 27 76
146400 27 81
146400 45 58
146700 5 39
146700 14 58
146700 40 88
146700 49 55
147000 9 62
147000 53 63
147300 28 70
147600 14 24
147600 18 47
147900 8 26
147900 53 63
148200 3 22
148200 28 66
148200 28 69
148500 24 58
148800 2 28
148800 2 39
148800 11 34
148800 28 38
148800 61 86
148800 77 86
149100 15 33
149100 22 85
149100 28 66
149100 44 51
149100 53 63
149400 0 24
149400 19 42
149400 19 50
149400 20 35
149400 22 32
149400 55 79
149400 84 87
149700 28 69
150000 7 88
150000 22 64
150000 59 67
150000 61 66
150300 28 66
150600 6 40
150600 9 30
150600 9 29
150600 28 29
150600 28 53
150600 29 53
150900 1 88
150900 9 62
150900 9 69
150900 9 66
150900 27 88
150900 28 69
150900 29 30
150900 30 66
151200 0 51
151200 17 18
151200 26 65
151200 29 53
151200 45 72
151500 35 52
151500 44 77
151500 56 84
151800 16 61
151800 23 53
151800 28 69
151800 30 53
152100 4 55
152400 11 24
152400 24 48
152700 8 83
152700 29 53
152700 44 51
153000 3 80
153000 28 53
153000 49 55
153300 7 78
153300 7 59
153300 20 52
153300 20 35
153300 25 35
153300 28 40
153300 28 73
153300 35 52
153300 35 84
153300 35 87
153300 40 84
153300 42 79
153300 52 84
153300 56 87
153300 56 84
153600 0 48
153600 9 63
153600 32 71
153900 12 44
153900 12 72
153900 12 58
153900 17 34
153900 35 50
153900 43 58
153900 44 58
153900 44 56
153900 50 75
153900 53 70
153900 56 58
153900 56 65
154200 12 78
154200 58 65
154200 84 89
154500 2 60
154500 28 53
154500 39 58
154500 58 65
154800 21 61
154800 22 64
154800 57 88
155100 23 69
155100 23 30
155100 29 53
155100 30 63
155100 30 53
155400 35 75
155400 62 73
155700 17 18
155700 22 32
155700 79 87
156000 2 10
156000 6 10
156000 6 12
156000 11 58
156000 16 53
156000 16 70
156000 39 65
156000 44 51
156000 51 58
156000 51 65
156000 53 70
156000 58 65
156000 67 84
156000 79 84
156000 84 86
156300 5 54
156300 7 59
156300 9 62
156300 62 69
156600 52 79
156900 37 84
157200 6 40
157200 12 44
157200 18 68
157200 28 30
157200 64 77
157500 7 27
157500 8 17
157500 8 51
157500 8 39
157500 8 14
157500 14 51
157500 14 90
157500 19 51
157500 39 51
157500 51 90
157800 22 64
157800 24 48
157800 77 82
158100 1 12
158100 9 73
158100 9 62
158100 51 71
158400 49 55
158400 49 86
158400 50 86
158400 52 55
158700 9 29
158700 14 48
158700 53 66
159000 15 33
159300 14 22
159300 14 39
159300 21 84
159300 30 90
159300 59 78
159600 4 50
159600 9 62
159600 23 30
159600 30 44
159600 35 52
159600 46 49
159600 49 86
159600 53 70
159900 2 15
159900 2 3
159900 2 48
159900 15 48
159900 24 48
159900 24 49
159900 35 75
159900 48 49
160200 22 85
160200 76 78
160500 14 58
160500 25 79
160800 3 83
160800 50 74
161100 5 37
161100 35 75
161100 35 49
161100 46 57
161400 2 33
161400 24 87
161400 58 62
161700 17 18
161700 45 65
162000 3 14
162000 4 86
162000 7 12
162000 9 28
162300 3 65
162300 9 73
162300 17 51
162300 51 68
162600 15 33
162900 21 56
162900 36 50
163200 3 14
163200 7 88
163200 9 63
163200 9 28
163500 29 53
163800 7 78
163800 20 35
163800 29 73
163800 35 52
163800 56 87
163800 56 84
163800 63 70
163800 84 87
164100 8 85
164100 8 37
164100 9 62
164100 21 61
164100 59 76
164400 21 84
164400 30 66
164400 55 86
164700 3 45
165000 14 65
165000 14 45
165000 22 64
165000 29 53
165000 39 58
165000 39 85
165000 46 89
165000 58 85
165000 58 65
165300 15 33
165600 29 53
165900 3 19
165900 3 14
165900 9 14
165900 19 42
165900 29 63
166200 8 58
166200 14 58
166200 19 27
166200 27 50
166200 27 84
166200 27 35
166200 27 52
166200 27 75
166200 35 75
166200 35 38
166200 45 58
166200 58 72
166500 22 64
166500 24 48
166500 44 51
166500 52 87
166500 77 82
166800 0 14
166800 7 16
166800 8 90
166800 8 60
166800 9 69
166800 17 68
166800 17 18
167100 22 85
167100 46 89
167400 23 49
167400 25 49
167400 28 69
167400 37 77
167400 52 75
167400 53 61
167700 22 85
167700 29 53
167700 32 38
168000 7 46
168000 17 34
168000 17 18
168000 17 46
168000 32 85
168000 32 38
168000 35 75
168000 64 77
168300 18 90
168300 23 30
168300 35 75
168300 46 84
168300 50 86
168300 50 60
168300 57 88
168300 62 73
168600 0 14
168600 41 79
168600 53 69
168600 77 82
168900 0 45
168900 4 86
168900 29 91
168900 29 53
168900 53 63
169200 5 39
169200 35 87
169200 35 86
169200 35 52
169500 7 78
169500 16 25
169500 27 60
169800 30 57
169800 51 90
169800 52 75
169800 56 59
169800 58 65
169800 59 78
170100 34 86
170400 29 53
170400 37 58
170400 44 51
170400 67 76
170700 29 63
170700 50 86
171000 5 22
171000 23 61
171300 7 56
171300 9 62
171600 44 51
171600 77 82
171900 12 58
171900 58 72
171900 59 78
171900 65 72
172200 5 18
172200 7 88
172200 16 88
172200 28 73
172200 29 53
172200 39 51
172200 49 86
172200 49 55
172200 55 86
172500 11 84
172500 12 84
172500 16 33
172500 29 53
172500 42 43
172500 49 84
172500 49 58
172500 49 64
172500 58 84
172500 64 77
172500 79 88
172800 14 24
173100 53 69
173100 61 69
173400 29 53
173400 29 63
173400 45 65
173400 45 85
173400 58 65
173700 4 50
173700 4 52
173700 14 24
173700 21 69
173700 29 53
174000 7 16
174000 7 25
174000 16 25
174300 2 71
174300 14 58
174300 14 39
174300 14 24
174300 37 82
174300 39 58
174300 53 70
174300 58 82
174600 4 50
174600 5 24
174600 7 57
174600 8 26
174600 9 62
174600 13 50
174600 14 90
174600 14 37
174600 32 80
174600 37 90
174900 9 62
174900 16 88
174900 23 53
174900 28 73
174900 29 73
174900 35 52
174900 53 73
175200 45 72
175500 28 29
175500 29 53
175500 35 52
175800 21 84
175800 24 48
175800 35 75
175800 55 79
176100 23 69
176400 7 84
176400 16 84
176400 25 84
176400 64 77
176700 2 15
176700 3 14
176700 7 50
176700 9 62
176700 9 73
177000 11 48
177000 49 84
177000 50 74
177000 75 88
177000 79 88
177300 3 80
177600 5 14
177900 9 62
177900 50 86
178200 1 6
178200 1 33
178200 1 40
178200 1 10
178200 1 16
178200 2 10
178200 5 39
178200 6 40
178200 6 10
178200 10 40
178200 10 38
178200 10 16
178200 12 44
178200 12 77
178200 16 33
178200 24 48
178200 33 40
178200 38 45
178200 38 85
178200 45 85
178500 12 44
178500 58 65
178800 29 70
178800 29 69
178800 29 53
178800 53 63
178800 59 78
178800 85 91
179100 9 62
179400 17 68
179400 45 58
179400 63 70
179400 64 77
179700 52 79
180000 2 15
180000 9 73
180000 9 30
180000 29 63
180000 61 63
180300 8 26
180300 29 53
180300 36 79
180300 36 55
180300 55 79
180600 0 65
180600 14 65
180600 39 45
180900 11 23
180900 23 69
180900 45 58
181200 24 28
181200 29 53
181200 55 74
181200 76 81
181500 52 79
181800 58 65
181800 76 78
181800 76 81
181800 78 81
182100 12 78
182400 0 24
182400 20 84
182400 35 52
182400 35 84
182400 55 79
182400 56 87
182400 56 84
182700 0 24
182700 4 84
182700 35 52
182700 55 79
183000 9 63
183000 9 28
183000 61 62
183300 18 37
183300 53 70
183600 21 84
183900 8 26
183900 9 62
183900 21 84
184200 3 24
184200 15 33
184200 28 29
184200 44 51
184200 53 63
184500 1 6
184500 1 59
184500 1 88
184500 7 81
184500 29 53
184800 29 53
185100 8 16
185100 28 69
185400 24 48
185400 26 31
185700 0 14
185700 18 45
185700 35 52
186000 15 33
186000 50 86
186000 60 81
186000 76 88
186300 1 15
186300 29 63
186300 55 79
186300 56 87
186300 75 79
186600 29 53
186600 53 70
186600 59 76
186900 12 60
186900 19 75
186900 35 75
186900 35 50
186900 50 75
186900 50 52
186900 52 75
187200 42 84
187200 52 84
187200 53 63
187500 14 72
187500 14 34
187500 14 85
187500 24 48
187500 27 75
187500 27 35
187500 35 75
187800 24 48
188100 9 66
188100 16 59
188100 50 59
188100 59 76
188400 0 24
188400 45 58
188400 50 86
188400 55 74
188700 2 15
188700 17 18
188700 35 75
188700 79 87
189000 37 58
189000 53 66
189000 53 61
189000 53 70
189000 62 73
189300 7 12
189300 23 29
189600 7 58
189600 9 73
189600 24 35
189600 29 53
189600 35 48
189600 42 55
189600 49 52
189900 0 24
189900 0 14
189900 14 24
189900 14 48
189900 22 77
189900 24 48
189900 45 48
190200 11 24
190500 5 72
190500 49 55
190500 49 86
190500 55 86
190800 1 7
190800 1 27
190800 7 27
190800 14 37
190800 29 53
191100 9 73
191100 29 63
191400 4 87
191400 9 62
191400 22 85
191400 29 53
191400 36 50
191400 84 89
191700 28 69
191700 29 70
191700 44 51
192000 26 52
192000 29 53
192300 7 27
192600 24 48
192600 26 71
192600 29 53
192600 35 75
192900 8 26
192900 44 51
193200 9 51
193200 9 39
193200 39 51
193500 20 35
193500 39 45
193500 42 79
193800 11 58
193800 27 64
193800 28 53
193800 53 70
193800 85 90
194100 29 53
194100 51 65
194400 12 56
194400 56 58
194700 0 48
194700 8 90
194700 9 80
194700 9 30
194700 15 67
194700 24 48
194700 30 53
194700 53 73
194700 53 62
195000 21 59
195300 58 65
195600 7 25
195600 16 25
195600 30 66
195900 39 58
195900 44 58
195900 49 58
195900 49 79
195900 49 88
195900 79 88
195900 79 84
196200 7 25
196200 7 16
196200 30 66
196200 61 69
196500 0 45
196500 7 78
196500 7 21
196500 14 24
196800 28 53
196800 44 51
197100 17 68
197100 17 34
197100 34 68
197100 35 75
197100 36 75
197100 75 86
197400 9 66
197400 9 62
197400 9 73
197400 11 84
197400 62 73
197700 17 18
197700 42 43
197700 45 58
198000 59 76
198300 26 32
198300 57 60
198600 1 2
198600 2 10
198600 5 39
198600 6 10
198600 21 56
198600 45 58
198900 22 64
198900 27 57
198900 44 51
198900 77 82
199200 8 26
199500 9 62
199500 29 73
199500 29 63
199800 7 12
199800 29 53
200100 9 73
200100 9 62
200100 50 74
200400 24 69
200400 28 69
200700 5 72
200700 9 62
200700 49 86
201000 24 48
201000 52 75
201000 69 70
201300 16 84
201300 28 73
201300 44 51
201600 31 71
201600 44 51
201600 53 63
201900 4 36
201900 14 24
201900 27 56
201900 27 60
201900 28 53
201900 29 70
201900 29 53
201900 45 65
201900 65 72
202200 12 16
202200 27 81
202200 39 57
202200 50 86
202500 9 28
202500 9 63
202500 9 69
202500 28 69
202500 28 70
202800 0 24
202800 9 66
202800 23 29
203100 39 72
203400 23 29
203400 55 74
203700 11 84
203700 14 71
203700 37 58
203700 50 86
204000 29 53
204000 50 86
204300 51 54
204300 63 89
204600 11 26
204600 35 75
204900 28 69
204900 29 53
204900 44 51
205200 20 35
205200 29 61
205200 39 45
205200 42 79
205200 52 84
205200 56 84
205200 84 87
205500 17 34
205500 28 70
205800 5 80
205800 5 18
205800 18 80
206100 11 48
206100 22 32
206100 58 65
206400 29 53
206400 35 75
206400 42 50
206700 9 62
206700 9 53
206700 12 58
206700 12 44
206700 12 77
206700 39 65
206700 39 58
206700 44 65
206700 53 70
206700 58 65
207000 35 75
207000 76 84
207300 28 70
207300 38 39
207600 7 58
207600 29 53
207600 35 48
207600 55 79
207900 17 18
207900 22 32
207900 79 87
207900 84 87
208200 3 68
208200 29 63
208500 37 84
208500 49 86
208500 50 74
208500 58 84
208800 17 18
208800 18 68
208800 24 48
208800 32 58
209100 14 72
209100 30 73
209100 30 69
209100 53 69
209400 21 46
209400 24 48
209400 26 31
209400 75 79
209700 5 18
210000 28 69
210000 37 82
210300 17 68
210300 29 53
210300 35 49
210300 57 60
210600 5 37
210600 5 34
210600 7 27
210600 7 88
210600 27 88
210600 34 37
210900 55 79
210900 75 79
211200 52 86
211200 63 70
211500 17 84
211500 24 28
211500 29 53
211800 29 53
212100 7 84
212100 35 86
212100 35 50
212100 37 80
212100 37 50
212100 38 86
212100 50 75
212100 50 80
212400 9 62
212400 9 17
212400 24 48
212400 76 88
212700 17 18
212700 21 56
212700 21 59
212700 24 48
212700 32 58
213000 14 58
213000 21 61
213300 20 31
213300 24 31
213300 24 48
213300 31 48
213300 71 83
213600 0 24
213600 50 86
213600 56 84
213900 1 78
213900 3 5
213900 29 63
214200 7 21
214200 7 78
214200 17 68
214200 21 78
214200 29 53
214200 36 50
214500 8 26
214500 26 32
214500 38 90
214500 38 85
214500 58 90
214500 58 85
214500 85 90
214800 50 86
215100 3 72
215100 3 83
215100 14 44
215100 44 51
215400 23 30
215400 29 53
215400 29 30
215400 35 52
215400 37 84
215400 43 45
215400 44 51
215700 14 58
215700 22 38
216000 25 49
216000 55 79
216300 15 33
216300 49 50
216600 9 28
216600 9 63
216600 28 69
216600 37 77
216900 23 29
216900 29 63
216900 31 71
216900 52 79
217200 22 64
217200 28 73
217500 29 53
217500 59 76
217800 2 10
217800 10 16
217800 10 33
217800 11 84
217800 12 44
217800 24 31
217800 39 51
217800 51 58
217800 58 65
218100 24 48
218100 46 84
218100 74 79
218400 3 5
218400 9 62
218400 9 29
218400 11 24
218400 11 48
218400 18 37
218400 24 48
218700 0 24
218700 17 68
219000 9 62
219000 29 53
219300 50 74
219600 5 72
219600 29 69
219600 29 53
219600 50 74
219600 53 69
219600 55 79
219900 28 84
220200 14 22
220500 1 84
220500 5 18
220500 6 84
220500 7 84
220500 20 84
220500 28 30
220500 29 53
220500 32 38
220500 33 84
220500 67 84
220500 81 84
220500 84 88
220800 7 88
221100 35 75
221100 45 58
221400 50 86
221400 52 84
221400 52 75
221400 59 76
221400 75 84
221700 5 34
221700 29 63
222000 7 59
222000 8 90
222000 24 48
222000 79 86
222300 9 29
222300 11 48
222300 27 81
222300 57 88
222600 11 44
222600 25 75
222900 28 69
222900 46 60
222900 49 86
222900 49 55
222900 55 86
223200 22 64
223200 24 48
223200 77 82
223500 19 62
223500 22 64
223500 77 82
223800 8 26
223800 9 62
223800 9 28
223800 28 73
223800 28 62
223800 50 52
223800 50 86
224100 1 7
224100 9 73
224100 9 62
224100 14 51
224100 23 29
224100 28 29
224100 29 53
224100 49 55
224400 9 28
224400 15 60
224400 16 76
224400 28 62
224400 35 50
224400 38 90
224400 39 65
224400 50 75
224400 85 90
224700 7 50
225000 8 26
225000 29 53
225000 50 74
225000 53 69
225300 9 69
225300 9 63
225300 24 48
225300 28 70
225300 53 70
225300 61 62
225600 1 78
225600 9 19
225600 19 42
225600 19 50
225600 33 88
225600 58 72
225600 62 73
225900 5 34
225900 5 37
225900 7 27
225900 23 30
225900 30 34
226200 9 62
226200 23 53
226200 23 73
226200 28 53
226200 28 73
226200 29 53
226200 39 51
226500 9 62
226500 38 58
226500 38 45
226500 59 78
226500 76 78
226800 55 79
227100 9 62
227100 17 18
227100 50 86
227100 79 87
227400 14 71
227400 44 51
227400 50 86
227700 2 10
227700 2 6
227700 6 10
228000 9 73
228000 9 62
228300 35 52
228600 32 85
228600 50 86
228900 15 60
229200 8 26
229200 23 30
229200 23 53
229200 29 53
229200 30 53
229200 39 58
229500 3 58
229800 15 33
230100 7 27
230100 27 60
230100 27 57
230100 28 61
230100 29 53
230100 49 74
230100 57 60
230400 58 65
230400 76 84
230700 1 88
230700 9 73
230700 23 30
230700 29 63
230700 37 77
230700 62 73
231000 2 10
231000 2 6
231000 3 14
231000 6 10
231000 11 14
231000 14 34
231000 27 46
231000 44 51
231300 29 53
231300 39 51
231300 53 63
231300 53 69
231300 66 69
231600 3 14
231600 3 44
231600 9 73
231600 9 19
231600 9 62
231600 11 44
231600 19 73
231600 29 63
231600 62 73
231600 62 66
231900 24 48
231900 46 84
231900 79 86
232200 21 56
232200 24 48
232500 22 64
232500 35 79
232500 77 82
232800 9 62
232800 29 53
232800 50 74
232800 58 72
233100 9 23
233100 9 73
233100 14 24
233400 29 53
233400 29 63
233700 29 53
233700 57 88
234000 0 14
234000 0 3
234000 3 14
234000 7 78
234300 11 23
234300 23 69
234300 53 63
234600 3 18
234600 7 58
234600 15 33
234900 7 58
235200 28 62
235200 28 29
235200 29 53
235500 29 53
235500 69 70
235800 29 53
236100 28 70
236400 5 39
236400 8 84
236400 9 31
236400 24 48
236400 29 53
236400 46 84
236700 3 68
236700 9 62
236700 28 69
236700 37 77
236700 52 75
236700 62 73
237000 9 73
237000 28 84
237000 28 76
237000 76 84
237300 38 58
237300 59 78
237300 76 78
237600 37 58
237600 44 51
237900 12 44
237900 12 58
237900 12 77
237900 24 48
237900 58 65
238200 5 37
238200 5 18
238200 14 77
238200 18 37
238200 64 77
238500 12 59
238500 20 84
238500 37 58
238500 59 76
238800 7 78
238800 29 53
239100 29 53
239400 11 44
239700 3 44
239700 5 72
239700 7 58
239700 9 23
240000 11 24
240000 49 55
240300 14 24
240300 50 55
240600 9 73
240600 63 70
240900 9 62
240900 18 90
240900 23 30
240900 50 60
240900 50 57
240900 57 88
241200 5 44
241200 11 44
241200 28 69
241200 29 70
241200 44 51
241500 9 73
241500 29 53
241500 53 73
241800 4 52
241800 8 26
241800 28 29
241800 29 70
241800 37 77
241800 38 39
242100 0 14
242100 16 59
242100 53 69
242400 0 24
242400 4 86
242400 9 63
242400 9 69
242400 24 48
242400 61 62
242700 7 46
242700 17 18
242700 17 68
242700 45 58
243000 39 58
243000 79 84
243000 79 88
243300 28 69
243300 30 53
243300 53 70
243600 22 85
243600 61 69
243900 18 47
243900 18 37
243900 58 65
244200 9 62
244200 24 31
244200 24 48
244200 31 48
244500 40 88
244500 55 74
244800 24 48
244800 57 76
245100 30 66
245100 32 91
245100 34 72
245100 53 63
245400 8 26
245400 28 70
245700 56 84
246000 7 16
246000 7 25
246000 16 25
246000 17 18
246000 30 66
246300 9 69
246300 9 66
246300 9 62
246300 12 57
246300 27 75
246300 50 74
246300 62 69
246300 80 85
246600 14 58
246600 21 76
246900 3 18
246900 9 62
246900 18 65
246900 29 53
247200 17 68
247200 36 50
247500 29 53
247800 9 62
247800 9 19
247800 12 58
247800 14 37
247800 19 44
247800 21 61
247800 22 64
247800 29 53
247800 44 45
247800 44 58
247800 44 60
247800 53 63
248100 45 65
248400 9 62
248400 9 73
248400 17 18
248400 50 74
248400 53 69
248400 55 79
248700 14 48
248700 23 30
248700 24 48
248700 39 58
248700 45 58
248700 45 72
248700 58 72
249000 13 88
249000 21 88
249000 29 53
249000 29 69
249000 45 83
249000 50 74
249000 55 79
249300 0 14
249300 9 62
249300 29 53
249300 37 58
249600 17 18
249900 22 80
249900 28 69
249900 53 70
250200 0 14
250200 7 16
250200 8 60
250200 15 67
250500 23 30
250500 45 72
250500 45 65
250500 49 74
250500 50 86
250500 52 84
250500 65 72
250800 29 53
251100 4 74
251100 24 48
251100 35 75
251400 29 53
251400 30 62
251400 49 52
251700 2 88
251700 7 88
251700 40 88
251700 40 84
251700 84 88
252000 49 74
252300 12 44
252300 17 56
252600 15 33
252600 23 61
252900 28 29
252900 29 70
253200 21 46
253200 21 26
253200 24 48
253200 26 31
253200 49 79
253200 75 79
253500 9 73
253500 24 28
253500 29 53
253800 4 86
253800 23 29
253800 29 53
254100 29 63
254400 18 37
254400 29 53
254400 35 55
254400 39 72
254400 80 85
254700 9 73
254700 50 86
255000 9 62
255000 35 75
255300 7 84
255300 8 26
255300 21 84
255300 31 71
255600 16 46
255600 35 84
255600 44 51
255600 57 88
255900 9 62
255900 29 53
256200 7 58
256200 7 25
256200 21 69
256200 25 58
256200 27 76
256200 28 66
256200 75 79
256200 76 78
256500 7 16
256500 7 84
256500 7 25
256500 16 84
256500 16 25
256500 25 84
256500 50 84
256800 49 55
256800 50 86
257100 0 65
257100 0 14
257100 22 64
257100 24 48
257100 44 51
257400 5 18
257400 35 50
257400 42 50
257400 50 86
257700 22 38
258000 8 26
258000 42 43
258000 53 63
258300 15 33
258600 7 25
258600 16 25
258600 30 66
258600 50 86
258900 7 78
258900 28 69
258900 28 66
258900 42 51
258900 46 60
259200 9 62
259200 12 16
259200 35 75
259200 57 60
259200 57 88
259200 58 90
259500 11 23
259800 28 53
260100 5 21
260100 21 84
260400 25 87
260700 22 64
260700 28 57
260700 37 58
261000 0 14
261000 9 62
261000 12 32
261000 17 51
261000 21 56
261000 24 45
261000 28 62
261000 56 60
261300 11 16
261300 35 51
261300 35 84
261300 40 57
261300 44 51
261300 44 45
261300 45 51
261300 53 70
261300 56 88
261300 57 88
261600 9 73
261600 9 62
261600 17 18
261600 50 74
261600 53 69
261900 17 68
261900 50 86
262200 9 63
262200 28 70
262200 28 53
262200 37 65
262200 53 70
262200 61 62
262500 8 79
262500 14 24
262500 21 69
262500 29 53
262500 45 58
262800 21 76
262800 21 69
262800 22 85
263100 17 80
263100 21 84
263100 24 48
263100 35 75
263100 46 84
263400 7 25
263400 9 66
263400 22 64
263700 1 76
263700 27 76
263700 35 79
263700 44 51
263700 77 82
264000 7 33
264000 58 72
264000 64 77
264300 5 18
264300 11 24
264300 79 84
264600 23 30
264600 42 76
264600 49 55
264900 0 48
264900 4 86
264900 9 63
264900 21 84
264900 52 87
265200 7 58
265200 24 48
265200 29 53
265200 49 52
265500 28 73
265500 62 73
265500 67 84
265500 67 76
265800 8 26
265800 9 62
265800 52 84
266100 29 70
266400 28 69
266400 30 66
266400 52 75
266700 62 73
267000 11 38
267000 23 30
267000 29 53
267000 62 73
267000 84 88
267300 42 43
267300 42 72
267300 42 58
267300 58 72
267600 35 52
267900 22 38
267900 29 53
267900 29 30
267900 29 66
267900 30 53
268200 21 69
268200 29 53
268200 75 79
268500 9 62
268500 9 45
268500 12 57
268500 13 50
268500 14 85
268500 14 24
268500 27 75
268500 45 61
268500 45 83
268500 50 74
268800 14 24
268800 28 84
268800 39 51
269100 9 73
269100 28 53
269100 50 74
269400 17 68
269400 22 85
269400 26 37
269400 28 70
269400 37 72
269400 55 86
269700 32 38
270000 40 56
270300 7 16
270300 9 29
270300 22 32
270300 52 55
270300 55 74
270600 4 86
270600 52 86
270900 1 33
270900 11 72
270900 14 37
270900 64 77
271200 7 86
271500 11 23
271800 22 32
271800 53 70
272100 55 79
272400 24 45
272400 55 79
272400 69 73
272700 34 84
272700 35 75
272700 55 74
272700 67 84
273000 11 24
273000 11 51
273000 17 68
273000 22 64
273000 27 51
273000 27 68
273300 35 75
273300 50 86
273600 24 48
273900 3 14
273900 19 24
273900 24 48
273900 53 70
274200 28 69
274500 5 18
274500 29 90
274500 44 51
274500 45 64
274500 81 88
274800 4 86
274800 9 73
274800 9 62
274800 24 48
275100 9 62
275100 17 68
275100 18 68
275400 4 79
275400 9 29
275400 27 81
275700 12 88
275700 22 85
275700 55 74
276000 11 44
276000 24 48
276300 35 75
276300 35 52
276300 52 75
276600 5 37
276600 24 48
276600 24 31
276600 31 48
276900 9 62
276900 29 53
276900 37 58
276900 50 74
276900 57 88
277200 8 39
277200 8 85
277200 9 62
277200 38 45
277500 9 62
277500 15 33
277500 44 52
277500 62 73
277800 49 84
278100 19 86
278400 29 53
