0 3 24
0 15 33
0 28 29
0 44 51
0 53 63
300 39 58
300 79 84
300 79 88
600 5 85
600 5 80
600 21 84
600 28 69
900 24 45
900 25 47
900 27 57
900 53 70
1200 24 45
1200 29 53
1200 37 58
1200 44 51
1500 14 58
1500 53 66
1800 24 28
1800 29 53
2100 28 70
2400 4 79
2400 16 84
2700 12 88
2700 17 18
2700 55 74
3000 29 53
3000 53 70
3000 59 76
3300 9 62
3300 9 19
3300 22 64
3300 24 48
3300 38 44
3600 28 69
3600 65 91
3900 9 63
3900 9 73
3900 9 28
3900 9 69
3900 24 48
3900 28 70
3900 37 65
3900 53 70
3900 61 62
4200 17 68
4200 29 53
4200 35 49
4200 57 60
4500 29 53
4500 37 58
4800 29 53
5100 29 53
5100 35 75
5100 42 50
5400 14 58
5400 21 76
5700 35 75
5700 35 52
6000 21 69
6000 21 61
6000 24 45
6000 30 66
6000 69 73
6300 29 53
6600 11 24
6600 11 51
6600 17 68
6600 22 64
6600 27 51
6600 27 68
6900 29 53
7200 21 27
7200 21 59
7200 34 45
7200 54 71
7500 9 62
7500 16 84
7500 24 48
7800 7 16
7800 7 58
8100 29 53
8100 59 76
8400 9 62
8400 38 58
8400 38 45
8400 59 78
8400 76 78
8700 11 44
8700 25 75
9000 25 87
9300 9 73
9300 29 63
9600 3 14
9600 14 37
9600 16 84
9600 50 75
9900 3 45
10200 9 62
10200 77 82
10500 53 63
10800 17 34
11100 7 78
11100 8 26
11100 14 24
11100 14 64
11100 17 68
11100 29 53
11400 7 12
11400 29 53
11400 45 83
11400 50 74
11700 3 68
11700 9 62
11700 28 69
11700 37 77
11700 52 75
11700 62 73
12000 7 88
12300 4 50
12300 4 52
12300 14 24
12300 21 69
12300 29 53
12600 15 33
12600 25 55
12600 56 60
12900 28 70
13200 8 37
13200 37 82
13200 37 58
13200 58 82
13500 9 62
13800 1 78
13800 7 78
13800 21 76
13800 24 48
13800 77 82
14100 15 33
14100 60 81
14100 76 88
14400 44 86
14400 58 65
14700 19 86
15000 11 57
15000 22 64
15000 29 30
15000 30 63
15000 47 58
15000 56 57
15300 7 25
15300 9 66
15300 22 64
15600 9 73
15900 28 84
16200 1 88
16200 9 73
16200 23 30
16200 29 63
16200 37 77
16200 62 73
16500 14 50
16500 22 64
16500 30 66
16500 44 86
16800 5 72
16800 29 69
16800 29 53
16800 50 74
16800 53 69
16800 55 79
17100 17 18
17100 22 58
17100 22 32
17100 32 58
17400 15 33
17400 22 85
17400 22 32
17400 28 66
17400 53 63
17400 58 72
17700 9 62
17700 11 44
18000 7 84
18000 35 86
18000 35 50
18000 37 80
18000 37 50
18000 38 86
18000 50 75
18000 50 80
18300 0 14
18300 16 59
18300 53 69
18600 9 62
18600 16 76
18600 17 68
18600 21 61
18600 24 37
18600 35 75
18600 42 75
18600 45 90
18600 55 79
18600 59 76
18900 11 44
18900 19 28
18900 25 86
18900 35 75
18900 35 52
18900 45 65
18900 52 75
19200 0 14
19200 7 16
19200 8 90
19200 8 60
19200 9 69
19200 17 68
19200 17 18
19500 17 18
19800 14 24
19800 21 69
19800 29 53
19800 85 91
20100 5 37
20100 5 18
20100 14 77
20100 18 37
20100 64 77
20400 15 33
20700 28 62
20700 28 29
20700 29 53
21000 7 16
21000 7 25
21000 16 25
21000 17 18
21000 30 66
21300 15 33
21600 12 44
21600 12 72
21600 12 58
21600 17 34
21600 35 50
21600 43 58
21600 44 58
21600 44 56
21600 50 75
21600 53 70
21600 56 58
21600 56 65
21900 0 24
21900 5 34
21900 23 29
21900 29 30
22200 0 51
22200 17 18
22200 26 65
22200 29 53
22200 45 72
22500 3 37
22500 9 30
22500 32 88
22800 5 72
22800 49 55
22800 49 86
22800 55 86
23100 4 41
23100 27 57
23100 28 69
23400 4 79
23400 37 58
23400 75 79
23700 11 84
23700 12 84
23700 16 33
23700 29 53
23700 42 43
23700 49 84
23700 49 58
23700 49 64
23700 58 84
23700 64 77
23700 79 88
24000 9 62
24000 17 18
24000 50 86
24000 79 87
24300 22 38
24300 29 53
24300 29 30
24300 29 66
24300 30 53
24600 0 24
24600 4 84
24600 35 52
24600 55 79
24900 1 16
24900 7 88
24900 9 62
24900 35 79
24900 35 52
24900 35 36
24900 36 79
24900 76 88
25200 29 53
25500 17 18
25500 45 65
25800 0 45
25800 3 5
25800 9 29
25800 9 30
25800 9 70
25800 9 28
26100 7 27
26100 7 57
26100 27 77
26100 27 58
26100 58 77
26400 8 26
26400 9 62
26400 52 84
26700 9 23
26700 9 73
26700 14 24
27000 3 19
27000 3 14
27000 9 14
27000 19 42
27000 29 63
27300 2 33
27300 24 87
27300 58 62
27600 7 59
27600 8 90
27600 24 48
27600 79 86
27900 9 62
27900 18 34
27900 21 66
27900 29 69
27900 45 83
27900 50 74
27900 55 79
27900 57 60
28200 58 65
28500 28 69
28800 0 24
28800 42 79
28800 42 44
28800 56 84
29100 28 69
29100 30 53
29100 53 70
29400 28 66
29700 5 34
29700 5 37
29700 7 27
29700 23 30
29700 30 34
30000 9 63
30000 9 28
30000 61 62
30300 9 28
30300 9 63
30300 9 69
30300 28 69
30300 28 70
30600 69 70
30900 11 48
30900 22 32
30900 58 65
31200 29 53
31200 37 58
31500 29 53
31500 46 89
31500 69 70
31800 28 69
31800 29 53
31800 37 82
31800 44 51
32100 6 88
32100 18 37
32100 22 85
32100 23 69
32100 28 62
32400 24 45
32400 29 53
32400 44 51
32700 17 18
32700 45 65
32700 49 52
32700 52 86
33000 49 55
33300 19 50
33300 19 75
33300 27 60
33300 35 50
33300 35 75
33300 50 75
33600 24 48
33600 31 32
33900 29 63
34200 18 37
34200 29 53
34200 35 55
34200 39 72
34200 80 85
34500 37 58
34500 44 52
34800 24 48
34800 66 69
35100 7 58
35100 7 25
35100 21 69
35100 25 58
35100 27 76
35100 28 66
35100 75 79
35100 76 78
35400 5 39
35400 14 58
35400 40 88
35400 49 55
35700 28 69
35700 30 66
35700 52 75
36000 9 62
36000 29 53
36000 50 74
36000 58 72
36300 1 78
36300 9 19
36300 19 42
36300 19 50
36300 33 88
36300 58 72
36300 62 73
36600 24 48
36600 24 45
36600 29 63
36600 29 70
36600 39 45
36600 42 50
36600 42 65
36600 45 72
36600 45 48
36900 9 62
36900 39 51
37200 11 86
37200 12 86
37200 76 78
37500 7 12
37500 22 91
37500 24 32
37500 33 84
37500 79 88
37500 85 91
37800 1 59
37800 1 88
37800 1 84
37800 11 24
37800 12 88
37800 15 88
37800 23 69
37800 24 55
38100 3 72
38100 22 32
38100 52 79
38100 62 73
38100 79 86
38400 9 66
38400 14 24
38400 24 58
38400 28 84
38700 24 48
38700 31 91
38700 66 69
39000 24 59
39000 29 53
39000 45 90
39000 53 63
39300 2 10
39300 2 6
39300 6 10
39600 1 16
39600 2 15
39600 31 71
39600 33 40
39900 3 72
39900 22 38
39900 22 32
40200 7 21
40200 7 78
40200 17 68
40200 21 78
40200 29 53
40200 36 50
40500 4 86
40500 23 29
40500 29 53
40800 14 24
40800 22 77
41100 1 16
41100 35 84
41100 35 52
41400 50 74
41400 53 69
41700 11 23
41700 23 69
41700 53 63
42000 17 68
42000 28 45
42000 44 45
42300 8 26
42600 19 78
42600 21 63
42600 29 53
42900 11 23
42900 21 30
42900 23 69
42900 37 58
42900 74 86
43200 9 62
43200 29 53
43200 57 88
43500 1 33
43500 1 2
43500 1 6
43500 2 6
43500 6 84
43500 6 33
43500 10 84
43500 12 44
43500 33 44
43500 39 51
43500 51 58
43500 51 65
43500 56 84
43500 58 65
43500 67 84
43800 28 29
43800 29 53
43800 35 52
44100 11 77
44100 12 27
44100 17 34
44100 22 48
44100 27 81
44100 27 48
44100 27 77
44100 48 64
44100 64 77
44400 23 30
44400 29 53
44400 29 30
44400 35 52
44400 37 84
44400 43 45
44400 44 51
44700 11 44
44700 44 53
44700 53 70
45000 11 24
45000 24 48
45300 12 44
45300 12 58
45300 12 77
45300 24 48
45300 58 65
45600 22 64
45600 28 57
45600 37 58
45900 17 68
45900 36 50
46200 25 86
46200 29 53
46200 50 86
46500 2 10
46500 2 6
46500 3 14
46500 6 10
46500 11 14
46500 14 34
46500 27 46
46500 44 51
46800 0 14
46800 5 22
46800 5 37
46800 16 45
46800 22 37
46800 22 26
46800 22 34
46800 26 37
46800 26 72
46800 34 37
46800 37 72
46800 40 84
46800 40 78
46800 60 81
46800 60 88
46800 81 88
47100 24 48
47100 35 52
47100 39 45
47100 57 62
47400 21 84
47400 23 29
47400 51 65
47700 28 73
47700 62 73
47700 67 84
47700 67 76
48000 23 30
48000 29 53
48000 52 86
48000 57 60
48000 74 86
48300 18 37
48300 23 30
48300 38 91
48600 44 51
48600 88 89
48900 5 14
48900 37 58
49200 23 29
49200 55 74
49500 3 44
49500 5 72
49500 7 58
49500 9 23
49800 9 73
49800 28 53
49800 50 74
50100 17 80
50100 21 84
50100 24 48
50100 35 75
50100 46 84
50400 40 56
50700 1 7
50700 1 27
50700 7 27
50700 14 37
50700 29 53
51000 21 46
51000 21 26
51000 24 48
51000 26 31
51000 49 79
51000 75 79
51300 29 53
51300 57 88
51600 29 53
51600 35 49
51600 37 84
51600 58 84
51900 0 48
51900 9 73
51900 15 67
51900 52 75
52200 17 68
52200 42 50
52500 21 69
52500 58 85
52800 0 14
52800 18 45
52800 35 52
53100 3 51
53100 3 23
53100 23 49
53100 28 69
53100 42 51
53100 52 75
53100 80 90
53400 9 30
53400 12 76
53400 21 56
53400 22 64
53400 38 45
53400 56 76
53700 9 62
53700 29 53
54000 38 58
54000 59 78
54000 76 78
54300 31 71
54600 0 24
54600 32 91
54600 57 60
54900 23 69
54900 23 30
54900 29 53
54900 30 63
54900 30 53
55200 9 73
55200 24 28
55200 29 53
55500 22 38
55500 25 28
55500 25 53
55500 28 53
55500 53 69
55800 14 47
55800 45 72
56100 25 87
56400 24 48
56400 29 53
56400 35 75
56700 11 38
56700 23 30
56700 29 53
56700 62 73
56700 84 88
57000 14 58
57000 22 38
57300 9 69
57300 9 66
57300 9 62
57300 12 57
57300 27 75
57300 50 74
57300 62 69
57300 80 85
57600 9 73
57600 9 62
57900 5 80
57900 5 18
57900 18 80
58200 3 80
58200 28 53
58200 49 55
58500 29 53
58800 1 76
58800 19 76
58800 22 64
58800 35 79
58800 77 82
59100 29 53
59100 37 58
59400 0 14
59400 7 16
59400 8 60
59400 8 90
59400 9 62
59400 53 66
59700 28 84
60000 8 26
60000 9 28
60000 9 62
60000 22 64
60000 28 73
60300 21 69
60300 29 63
60600 1 88
60600 5 51
60600 7 81
60600 7 88
60600 29 53
60600 39 51
60600 49 67
60600 55 86
60900 17 18
60900 32 38
61200 23 29
61200 29 63
61200 31 71
61200 52 79
61500 29 53
61500 50 74
61500 52 86
61800 8 16
61800 28 69
62100 3 14
62100 19 24
62100 24 48
62100 53 70
62400 18 22
62400 22 85
62400 28 66
62400 80 85
62700 63 70
63000 9 60
63000 15 33
63000 35 75
63300 45 58
63300 45 72
63300 63 70
63600 22 72
63600 28 69
63900 14 37
63900 35 87
63900 35 52
63900 44 51
64200 7 46
64200 17 34
64200 17 18
64200 17 46
64200 32 85
64200 32 38
64200 35 75
64200 64 77
64500 7 81
64500 14 45
64500 57 60
64800 17 34
64800 28 70
65100 52 79
65400 11 84
65400 14 71
65400 37 58
65400 50 86
65700 1 7
65700 7 40
65700 33 59
66000 7 27
66000 27 60
66000 27 57
66000 28 61
66000 29 53
66000 49 74
66000 57 60
66300 14 22
66600 14 58
66600 21 61
66900 9 62
66900 9 45
66900 12 57
66900 13 50
66900 14 85
66900 14 24
66900 27 75
66900 45 61
66900 45 83
66900 50 74
67200 3 85
67200 22 85
67500 9 62
67800 6 40
67800 9 73
67800 9 61
67800 50 86
68100 15 33
68400 9 73
68400 29 53
68400 53 73
68700 28 70
69000 3 5
69000 29 73
69000 50 86
69300 12 43
69600 7 58
69600 24 48
69600 29 53
69600 49 52
69900 7 88
69900 9 62
69900 52 75
70200 29 70
70500 11 26
70500 35 75
70800 9 51
70800 9 39
70800 39 51
71100 22 64
71100 24 48
71100 77 82
71400 29 53
71700 0 48
71700 4 50
71700 9 73
71700 9 62
71700 15 67
71700 52 75
71700 53 66
72000 0 24
72300 0 48
72300 9 62
72300 15 67
72300 16 59
72300 24 48
72300 28 30
72300 28 69
72300 44 51
72300 52 75
72300 62 73
72600 16 84
72600 28 69
72600 32 38
72600 35 50
72600 37 82
72600 37 77
72600 45 65
72900 7 58
72900 21 84
72900 24 45
72900 56 60
73200 52 86
73200 63 70
73500 11 23
73500 17 18
73500 23 69
73500 35 74
73500 62 73
73800 22 85
73800 76 78
74100 0 14
74100 7 78
74100 9 62
74100 21 84
74100 21 56
74100 29 53
74100 52 87
74400 24 48
74400 26 71
74400 29 53
74400 35 75
74700 3 14
74700 21 84
74700 28 73
74700 29 70
74700 45 65
75000 0 14
75000 53 70
75000 60 79
75300 9 28
75300 15 60
75300 16 76
75300 28 62
75300 35 50
75300 38 90
75300 39 65
75300 50 75
75300 85 90
75600 9 29
75600 29 62
75600 29 63
75600 62 73
75600 63 66
75900 19 62
75900 21 56
75900 22 64
75900 77 82
76200 7 25
76200 16 25
76200 30 66
76500 1 12
76500 9 73
76500 9 62
76500 51 71
76800 56 84
77100 5 18
77100 29 90
77100 44 51
77100 45 64
77100 81 88
77400 17 18
77400 29 63
77700 67 84
78000 24 31
78000 31 48
78000 81 88
78300 20 35
78300 39 45
78300 42 79
78600 0 14
78600 12 88
78600 31 51
78600 51 71
78900 28 84
78900 39 51
79200 29 53
79500 21 56
79500 24 48
79800 12 44
80100 23 69
80400 22 64
80400 24 48
80400 44 51
80400 52 87
80400 77 82
80700 7 58
80700 29 53
80700 35 48
80700 55 79
81000 35 75
81000 50 86
81300 14 72
81300 28 53
81600 12 59
81600 20 84
81600 37 58
81600 59 76
81900 0 24
82200 28 69
82500 21 56
82500 22 64
82500 24 48
82500 35 79
82500 77 82
82800 1 76
82800 27 76
82800 35 79
82800 44 51
82800 77 82
83100 9 73
83100 14 24
83100 59 76
83400 7 25
83400 35 84
83400 52 84
83700 29 63
83700 50 84
83700 58 65
83700 59 76
83700 76 81
84000 42 84
84000 52 84
84000 53 63
84300 29 53
84600 29 70
84600 44 72
84600 53 70
84900 15 33
84900 23 30
84900 53 63
85200 21 56
85200 24 48
85500 6 40
85500 7 16
85800 0 24
85800 0 48
85800 9 62
85800 15 67
85800 23 30
86100 14 71
86100 44 51
86100 50 86
86400 5 24
86400 7 16
86400 8 26
86400 14 90
86400 18 37
86700 37 58
86700 44 51
87000 7 25
87000 16 25
87000 30 66
87000 50 86
87300 49 74
87600 17 68
87600 45 58
87600 63 70
87600 64 77
87900 22 85
87900 29 53
87900 32 38
88200 14 24
88200 76 78
88500 0 24
88500 9 66
88500 23 29
88800 39 72
89100 28 84
89100 35 75
89100 39 51
89100 55 75
89400 4 52
89400 9 73
89400 9 69
89400 9 62
89400 29 53
89400 52 55
89400 55 79
89400 67 76
89700 35 52
89700 44 77
89700 56 84
90000 1 40
90000 1 6
90000 6 60
90000 27 84
90000 44 65
90000 58 65
90300 17 68
90300 50 86
90600 17 18
90600 35 75
90600 39 90
90900 0 14
90900 9 62
90900 12 32
90900 17 51
90900 21 56
90900 24 45
90900 28 62
90900 56 60
91200 0 14
91200 9 62
91200 29 53
91200 37 58
91500 8 39
91500 8 85
91500 9 62
91500 38 45
91800 22 64
91800 35 79
91800 77 82
92100 17 18
92100 29 53
92100 36 79
92400 9 62
92400 9 19
92400 12 58
92400 14 37
92400 19 44
92400 21 61
92400 22 64
92400 29 53
92400 44 45
92400 44 58
92400 44 60
92400 53 63
92700 28 53
92700 44 51
93000 8 26
93000 42 59
93000 53 63
93300 7 76
93600 9 69
93600 9 63
93600 24 48
93600 28 70
93600 53 70
93600 61 62
93900 5 11
93900 5 72
93900 9 62
94200 9 62
94200 9 17
94200 24 48
94200 76 88
94500 17 68
94500 28 69
94500 29 53
94500 37 82
94500 44 51
94800 11 23
95100 8 26
95100 9 62
95100 9 28
95100 28 73
95100 28 62
95100 50 52
95100 50 86
95400 22 64
95400 24 48
95400 77 82
95700 23 49
95700 25 49
95700 28 69
95700 37 77
95700 52 75
95700 53 61
96000 49 55
96000 50 86
96300 17 68
96300 18 34
96300 35 75
96300 35 36
96300 36 75
96600 9 62
96600 12 16
96600 35 75
96600 57 60
96600 57 88
96600 58 90
96900 5 14
96900 9 62
96900 37 58
96900 44 45
97200 9 73
97200 11 23
97200 17 18
97200 22 85
97500 26 32
97500 57 60
97800 5 34
97800 29 63
98100 50 86
98400 44 51
98400 57 62
98700 22 80
98700 28 69
98700 53 70
99000 15 33
99000 25 86
99300 45 65
99600 8 83
99600 29 53
99600 44 51
99900 32 85
99900 50 86
100200 3 58
100200 29 63
100200 37 58
100200 50 75
100500 8 26
100500 44 51
100800 7 12
100800 22 32
101100 8 90
101100 8 58
101100 45 58
101100 70 73
101400 8 26
101400 22 91
101400 24 48
101400 29 91
101400 39 58
101400 42 43
101700 2 15
101700 3 14
101700 7 50
101700 9 62
101700 9 73
102000 8 26
102000 29 53
102000 50 74
102000 53 69
102300 28 69
102300 46 89
102600 5 11
102600 8 85
102600 9 62
102600 12 29
102600 22 51
102600 29 53
102600 38 45
102600 40 41
102600 50 75
102600 61 90
102900 0 24
102900 21 42
102900 22 38
102900 24 45
102900 25 28
102900 27 57
102900 67 76
103200 34 84
103200 35 75
103200 55 74
103200 67 84
103500 9 73
103500 29 69
103500 29 53
103500 37 58
103500 50 74
103500 53 69
103800 4 86
103800 9 73
103800 9 62
103800 24 48
104100 0 48
104100 4 86
104100 9 63
104100 21 84
104100 52 87
104400 2 28
104400 5 22
104400 23 61
104700 24 48
104700 46 84
104700 74 79
105000 2 15
105000 2 3
105000 2 48
105000 15 48
105000 24 48
105000 24 49
105000 35 75
105000 48 49
105300 11 24
105600 15 33
105900 52 79
106200 4 50
106200 9 62
106200 23 30
106200 30 44
106200 35 52
106200 46 49
106200 49 86
106200 53 70
106500 53 70
106800 2 15
106800 9 73
106800 17 18
106800 35 75
107100 0 24
107100 4 86
107100 9 63
107100 9 69
107100 24 48
107100 61 62
107400 0 14
107400 7 16
107400 8 60
107400 15 67
107700 62 73
107700 71 83
108000 7 25
108000 28 69
108300 1 78
108300 3 5
108300 29 63
108600 7 58
108900 0 14
108900 14 37
108900 17 18
108900 37 82
109200 3 65
109200 9 73
109200 17 51
109200 51 68
109500 22 64
109500 27 57
109500 44 51
109500 77 82
109800 28 69
109800 29 53
109800 44 51
110100 0 48
110100 8 90
110100 8 16
110100 29 53
110100 29 30
110100 62 73
110400 11 26
110400 35 75
110700 21 84
110700 22 85
111000 29 53
111300 1 59
111300 29 53
111300 75 79
111600 7 58
111600 24 35
111600 29 53
111600 49 52
111600 55 79
111900 21 56
111900 36 50
112200 17 68
112200 17 34
112200 34 68
112200 35 75
112200 36 75
112200 75 86
112500 34 84
112500 58 72
112500 80 85
112800 35 75
112800 76 84
113100 35 52
113400 7 88
113400 9 62
113400 29 53
113700 37 58
114000 29 53
114300 16 46
114300 35 84
114300 44 51
114300 57 88
114600 12 58
114600 43 58
114600 44 45
114600 79 88
114900 24 69
114900 28 69
115200 14 44
115200 14 22
115500 11 69
115500 11 23
115500 23 69
115500 53 63
115800 28 69
116100 29 53
116400 30 57
116400 51 90
116400 52 75
116400 56 59
116400 58 65
116400 59 78
116700 17 18
117000 6 12
117000 6 26
117000 9 62
117000 9 26
117000 12 46
117000 14 24
117300 29 53
117600 7 76
117600 12 16
117600 14 37
117600 27 81
117600 35 75
117900 5 37
117900 5 13
117900 5 74
117900 9 62
117900 74 81
118200 8 26
118200 26 32
118200 38 90
118200 38 85
118200 58 90
118200 58 85
118200 85 90
118500 9 62
118500 18 90
118500 23 30
118500 50 60
118500 50 57
118500 57 88
118800 1 12
118800 5 45
118800 9 73
118800 9 62
119100 14 24
119100 28 84
119100 39 51
119400 29 53
119700 4 79
119700 9 29
119700 27 81
120000 15 67
120000 30 66
120000 37 58
120000 37 77
120000 52 75
120000 62 73
120000 64 82
120000 65 82
120300 27 60
120300 29 63
120300 37 58
120300 50 75
120600 58 65
120600 76 84
120900 6 40
121200 28 30
121500 29 69
121500 66 69
121800 9 62
121800 29 69
121800 50 74
121800 53 69
121800 55 79
122100 42 43
122100 42 72
122100 42 58
122100 58 72
122400 3 8
122400 14 85
122400 19 79
122400 24 48
122400 45 65
122700 5 11
122700 18 37
122700 29 53
123000 9 73
123300 9 73
123300 35 50
123300 50 86
123300 50 84
123600 6 40
123600 15 33
123600 38 45
123600 44 52
123900 25 36
123900 53 63
124200 15 60
124500 9 62
124500 29 73
124500 29 63
124800 1 33
124800 11 72
124800 14 37
124800 64 77
125100 9 73
125100 29 63
125400 9 73
125400 49 73
125400 50 86
125400 57 60
125700 7 12
125700 33 84
125700 72 85
125700 79 88
126000 0 14
126000 41 79
126000 53 69
126000 77 82
126300 7 76
126600 7 84
126600 16 84
126600 25 84
126600 64 77
126900 5 21
126900 21 84
127200 14 24
127200 50 55
127500 14 22
127500 14 39
127500 21 84
127500 30 90
127500 59 78
127800 12 60
127800 19 75
127800 35 75
127800 35 50
127800 50 75
127800 50 52
127800 52 75
128100 8 26
128100 21 61
128100 22 64
128400 24 44
128400 29 63
128700 20 40
128700 29 53
129000 9 53
129000 29 53
129000 37 58
129000 50 86
129000 53 73
129300 26 52
129300 29 53
129600 55 79
129600 75 79
129900 24 48
129900 37 58
130200 25 88
130200 29 53
130200 38 51
130200 45 58
130200 51 72
130500 9 62
130500 38 58
130500 38 45
130500 45 58
130800 16 76
130800 32 38
131100 7 58
131100 15 33
131100 44 52
131400 17 84
131400 24 28
131400 29 53
131700 35 75
131700 62 73
132000 29 63
132000 50 86
132300 29 53
132300 29 63
132300 45 65
132300 45 85
132300 58 65
132600 29 63
132900 29 63
133200 7 76
133200 9 63
133500 11 44
133500 11 30
133500 24 48
133800 3 43
133800 29 53
134100 58 65
134100 76 78
134100 76 81
134100 78 81
134400 1 16
134400 1 59
134400 15 16
134400 16 59
134400 49 55
134400 55 79
134700 21 76
134700 21 69
134700 22 85
135000 23 30
135000 24 48
135300 24 48
135300 52 84
135300 53 63
135600 55 79
135900 42 51
135900 46 60
135900 53 70
136200 28 70
136500 11 48
136500 12 49
136500 49 67
136500 58 65
136500 60 89
136800 52 79
137100 1 7
137100 9 73
137100 9 62
137100 14 51
137100 23 29
137100 28 29
137100 29 53
137100 49 55
137400 3 14
137400 9 62
137400 9 28
137400 9 44
137400 34 44
137400 44 45
137700 8 26
137700 42 43
137700 53 63
138000 7 88
138000 17 51
138000 29 53
138000 29 63
138000 39 51
138300 44 51
138300 58 65
138600 35 75
138600 45 58
138900 9 73
138900 50 86
139200 7 33
139200 58 72
139200 64 77
139500 9 62
139500 9 73
139500 17 18
139500 50 74
139500 53 69
139500 55 79
139800 9 62
139800 9 53
139800 12 58
139800 12 44
139800 12 77
139800 39 65
139800 39 58
139800 44 65
139800 53 70
139800 58 65
140100 9 28
140100 9 63
140100 28 69
140100 37 77
140400 0 14
140400 14 37
140400 17 18
140400 28 30
140400 64 77
140700 28 43
140700 39 51
141000 7 78
141000 28 69
141000 28 66
141000 42 51
141000 46 60
141300 7 78
141300 29 53
141600 12 78
141900 7 25
141900 9 72
141900 22 64
141900 35 52
142200 0 14
142500 29 53
142800 28 69
142800 46 60
142800 49 86
142800 49 55
142800 55 86
143100 1 6
143100 1 59
143100 1 88
143100 7 81
143100 29 53
143400 7 78
143400 20 35
143400 29 73
143400 35 52
143400 56 87
143400 56 84
143400 63 70
143400 84 87
143700 22 85
144000 9 63
144000 28 70
144000 28 53
144000 37 65
144000 53 70
144000 61 62
144300 29 63
144600 29 53
144600 50 86
144900 55 79
145200 12 44
145200 17 56
145500 7 16
145500 29 53
145500 49 52
145800 21 84
146100 9 73
146100 28 84
146100 28 76
146100 76 84
146400 8 26
146400 14 44
146700 22 50
147000 42 86
147000 55 86
147300 11 23
147600 7 12
147600 23 29
147900 0 65
147900 0 14
147900 22 64
147900 24 48
147900 44 51
148200 21 69
148200 24 45
148500 12 58
148500 58 72
148500 59 78
148500 65 72
148800 1 16
148800 2 6
148800 2 10
148800 6 40
148800 6 27
148800 6 10
148800 10 16
148800 10 40
148800 12 77
148800 12 44
148800 16 33
148800 17 18
148800 24 48
148800 27 40
148800 27 46
148800 27 65
148800 27 57
148800 39 65
148800 46 56
148800 46 57
149100 0 24
149100 17 68
149400 5 22
149400 5 72
149400 5 37
149400 22 37
149400 22 72
149400 22 26
149400 26 37
149400 29 53
149400 37 72
149400 37 90
149700 29 53
149700 52 86
150000 28 70
150000 38 39
150300 49 84
150600 0 24
150600 45 58
150600 50 86
150600 55 74
150900 14 24
150900 29 63
150900 35 75
150900 59 76
151200 1 15
151200 29 63
151200 55 79
151200 56 87
151200 75 79
151500 19 62
151500 22 64
151500 77 82
151800 3 22
151800 28 66
151800 28 69
152100 14 58
152100 21 61
152400 4 52
152400 8 26
152400 28 29
152400 29 70
152400 37 77
152400 38 39
152700 1 7
152700 17 18
152700 55 79
152700 75 79
153000 1 84
153000 5 18
153000 6 84
153000 7 84
153000 20 84
153000 28 30
153000 29 53
153000 32 38
153000 33 84
153000 67 84
153000 81 84
153000 84 88
153300 79 86
153600 9 66
153600 9 62
153600 30 66
153600 50 74
153600 58 72
153900 9 62
153900 15 33
153900 44 52
153900 62 73
154200 9 62
154200 16 88
154200 23 53
154200 28 73
154200 29 73
154200 35 52
154200 53 73
154500 11 44
154800 12 58
154800 39 58
154800 79 88
155100 7 58
155100 12 15
155100 15 33
155400 15 33
155400 22 85
155400 28 66
155400 44 51
155400 53 63
155700 4 55
156000 9 73
156000 9 62
156000 17 18
156000 50 74
156000 53 69
156300 9 29
156300 14 48
156300 53 66
156600 9 28
156600 9 63
156900 12 64
156900 12 45
156900 12 58
156900 17 18
156900 18 68
156900 34 58
156900 64 77
157200 0 48
157200 9 63
157200 32 71
157500 15 27
157500 23 30
157500 29 71
157500 37 58
157800 35 75
157800 45 65
157800 56 86
157800 56 84
157800 84 86
158100 28 53
158100 44 51
158400 22 64
158400 42 52
158700 7 86
159000 14 72
159000 14 34
159000 14 85
159000 24 48
159000 27 75
159000 27 35
159000 35 75
159300 9 63
159300 9 28
159600 1 33
159600 1 7
159600 5 72
159600 24 45
159600 37 58
159600 58 65
159900 9 62
160200 19 59
160200 19 76
160200 21 61
160200 24 45
160200 25 47
160200 27 57
160200 28 69
160200 44 51
160200 53 66
160500 22 64
160500 35 79
160500 77 82
160800 0 48
160800 9 77
160800 9 62
160800 28 73
160800 44 51
161100 27 60
161100 29 63
161400 9 62
161400 22 85
161400 29 53
161400 29 30
161400 50 86
161700 8 79
161700 14 24
161700 21 69
161700 29 53
161700 45 58
162000 7 27
162000 27 57
162000 57 60
162300 37 84
162300 49 86
162300 50 74
162300 58 84
162600 9 62
162600 24 31
162600 24 48
162600 31 48
162900 9 62
162900 35 75
163200 29 63
163500 5 14
163800 0 48
163800 9 69
163800 9 43
163800 9 73
163800 15 67
163800 23 69
163800 30 66
163800 44 51
163800 52 75
163800 62 73
163800 69 73
164100 3 5
164100 9 62
164100 9 29
164100 11 24
164100 11 48
164100 18 37
164100 24 48
164400 5 18
164400 35 50
164400 42 50
164400 50 86
164700 21 46
164700 24 48
164700 26 31
164700 75 79
165000 36 50
165300 1 2
165300 2 10
165300 5 39
165300 6 10
165300 21 56
165300 45 58
165600 14 65
165600 14 45
165600 22 64
165600 29 53
165600 39 58
165600 39 85
165600 46 89
165600 58 85
165600 58 65
165900 28 62
165900 29 53
165900 45 85
165900 45 65
166200 7 84
166200 44 65
166200 58 65
166500 0 24
166500 20 84
166500 35 52
166500 35 84
166500 55 79
166500 56 87
166500 56 84
166800 12 16
166800 27 81
166800 39 57
166800 50 86
167100 5 24
167100 5 65
167100 9 66
167100 9 13
167100 24 32
167100 57 60
167400 21 61
167400 22 64
167400 57 88
167700 5 11
167700 14 48
167700 28 73
167700 29 53
167700 39 51
167700 61 71
167700 70 73
168000 14 24
168300 17 18
168300 21 56
168300 21 59
168300 24 48
168300 32 58
168600 7 84
168600 8 26
168600 21 84
168600 31 71
168900 21 84
168900 30 66
168900 55 86
169200 9 19
169200 9 62
169200 9 73
169200 19 73
169200 45 65
169200 62 73
169500 34 84
169500 35 75
169500 35 50
169500 37 84
169500 50 86
169500 75 86
169800 37 58
169800 53 66
169800 53 61
169800 53 70
169800 62 73
170100 2 6
170100 5 51
170100 5 39
170100 6 10
170100 7 16
170100 9 62
170100 14 82
170400 14 58
170400 14 37
170400 22 91
170400 23 30
170400 38 80
170400 85 91
170700 9 29
170700 11 48
170700 27 81
170700 57 88
171000 13 88
171000 21 88
171000 29 53
171000 29 69
171000 45 83
171000 50 74
171000 55 79
171300 23 30
171300 42 76
171300 49 55
171600 9 66
171600 9 62
171600 9 73
171600 11 84
171600 62 73
171900 4 86
171900 52 86
172200 9 28
172200 9 69
172200 9 63
172200 17 68
172200 28 73
172200 28 70
172200 28 30
172200 28 69
172200 30 62
172200 35 75
172200 53 62
172200 53 70
172200 61 62
172500 9 62
172500 9 66
172500 14 48
172500 24 32
172500 50 75
172500 59 76
172800 7 16
172800 29 53
172800 45 58
173100 9 73
173100 9 62
173100 50 74
173400 23 53
173400 28 69
173400 35 52
173400 46 50
173400 50 86
173400 53 70
173700 7 12
173700 38 69
174000 29 63
174000 37 77
174000 55 86
174300 3 83
174300 50 74
174600 11 58
174600 27 64
174600 28 53
174600 53 70
174600 85 90
174900 29 70
174900 29 69
174900 29 53
174900 53 63
174900 59 78
174900 85 91
175200 2 88
175200 7 88
175200 40 88
175200 40 84
175200 84 88
175500 29 53
175500 52 87
175800 2 28
175800 2 39
175800 11 34
175800 28 38
175800 61 86
175800 77 86
176100 32 80
176100 50 74
176400 24 58
176400 32 80
176400 67 76
176700 21 69
176700 21 61
176700 61 69
177000 50 86
177000 52 84
177000 52 75
177000 59 76
177000 75 84
177300 11 16
177300 35 51
177300 35 84
177300 40 57
177300 44 51
177300 44 45
177300 45 51
177300 53 70
177300 56 88
177300 57 88
177600 11 44
177600 63 70
177900 21 59
178200 18 47
178200 18 37
178200 58 65
178500 6 40
178500 24 45
178500 49 86
178500 57 60
178800 24 48
178800 26 31
179100 8 26
179100 22 71
179100 38 85
179100 38 90
179100 39 65
179100 58 85
179100 72 90
179400 3 5
179400 9 29
179400 11 48
179400 11 24
179400 24 48
179400 57 88
179400 74 86
179700 7 25
179700 19 79
179700 21 79
179700 21 61
179700 24 48
179700 24 45
179700 28 69
179700 61 66
179700 79 87
180000 21 28
180000 29 53
180000 67 78
180300 29 53
180300 30 62
180300 49 52
180600 7 16
180600 7 84
180600 7 25
180600 16 84
180600 16 25
180600 25 84
180600 50 84
180900 0 14
180900 3 14
180900 8 90
180900 9 69
180900 16 84
180900 30 53
180900 65 82
181200 14 47
181200 32 38
181500 24 48
181500 46 84
181500 79 86
181800 7 78
181800 16 25
181800 27 60
182100 7 50
182400 7 12
182400 29 53
182700 9 73
182700 16 88
182700 21 69
182700 22 64
182700 53 70
183000 0 24
183000 5 24
183000 39 58
183000 79 88
183300 1 78
183300 29 70
183300 45 65
183600 16 84
183600 28 73
183600 44 51
183900 17 18
183900 22 32
183900 79 87
183900 84 87
184200 9 63
184200 9 73
184500 7 78
184500 9 69
184500 9 29
184500 29 63
184800 14 48
184800 23 30
184800 24 48
184800 39 58
184800 45 58
184800 45 72
184800 58 72
185100 5 22
185100 23 61
185400 8 26
185400 29 53
185400 36 79
185400 36 55
185400 55 79
185700 2 10
185700 2 40
185700 6 10
185700 21 88
185700 44 51
185700 57 88
186000 35 75
186300 7 84
186300 24 84
186300 27 84
186300 33 84
186300 51 58
186600 5 18
186600 12 77
186600 12 44
186600 12 64
186600 24 48
186600 39 65
186600 44 65
186900 17 18
186900 29 61
186900 44 51
187200 7 78
187200 7 59
187200 20 52
187200 20 35
187200 25 35
187200 28 40
187200 28 73
187200 35 52
187200 35 84
187200 35 87
187200 40 84
187200 42 79
187200 52 84
187200 56 87
187200 56 84
187500 15 33
187500 50 86
187500 60 81
187500 76 88
187800 12 42
188100 18 37
188100 53 70
188400 11 44
188400 24 63
188400 37 82
188400 86 91
188700 14 58
188700 25 79
189000 3 14
189000 7 88
189000 9 63
189000 9 28
189300 1 76
189300 37 58
189600 2 71
189600 14 58
189600 14 39
189600 14 24
189600 37 82
189600 39 58
189600 53 70
189600 58 82
189900 5 37
189900 35 75
189900 35 49
189900 46 57
190200 11 24
190200 49 55
190500 5 84
190500 22 77
190500 24 48
190800 9 62
190800 14 24
190800 19 58
190800 21 69
190800 25 79
190800 39 51
190800 51 65
190800 58 72
190800 65 72
190800 66 70
191100 1 88
191100 9 62
191100 9 69
191100 9 66
191100 27 88
191100 28 69
191100 29 30
191100 30 66
191400 50 84
191700 9 62
191700 23 53
191700 23 73
191700 28 53
191700 28 73
191700 29 53
191700 39 51
192000 1 88
192000 1 59
192000 22 32
192300 5 18
192300 7 88
192300 8 26
192300 53 63
192600 3 18
192600 7 58
192600 15 33
192900 3 37
192900 8 26
192900 22 37
192900 23 30
192900 29 63
192900 37 90
193200 3 5
193200 3 22
193200 5 18
193200 11 24
193200 18 22
193200 22 64
193200 55 79
193500 24 48
193500 42 43
193500 44 45
193500 48 49
193500 53 70
193500 79 88
193800 25 49
193800 55 79
194100 28 84
194100 39 51
194400 9 63
194400 37 77
194700 35 52
195000 5 37
195000 24 48
195000 24 31
195000 31 48
195300 9 62
195300 29 53
195600 44 51
195600 55 79
195900 3 68
195900 29 63
196200 8 26
196200 9 62
196200 21 84
196500 50 86
196800 28 53
197100 14 24
197100 18 47
197400 5 39
197400 8 84
197400 9 31
197400 24 48
197400 29 53
197400 46 84
197700 0 24
197700 0 14
197700 14 24
197700 14 48
197700 22 77
197700 24 48
197700 45 48
198000 40 88
198000 55 74
198300 22 64
198300 24 48
198600 21 84
198600 24 48
198600 35 75
198600 55 79
198900 9 62
199200 14 58
199200 21 61
199500 27 73
199500 29 53
199500 37 84
199500 49 86
199500 49 50
199800 9 62
199800 50 86
200100 50 74
200400 2 15
200400 9 73
200400 20 40
200400 40 75
200400 44 70
200700 8 30
200700 8 90
200700 9 73
200700 15 67
200700 52 75
200700 53 73
201000 0 45
201000 4 86
201000 29 91
201000 29 53
201000 53 63
201300 5 75
201600 29 63
201900 21 69
201900 29 63
202200 31 71
202200 44 51
202200 53 63
202500 30 66
202500 32 91
202500 34 72
202500 53 63
202800 4 50
202800 15 67
202800 28 69
202800 30 66
202800 44 51
202800 52 75
202800 55 86
203100 19 73
203100 52 75
203400 20 31
203400 24 31
203400 24 48
203400 31 48
203400 71 83
203700 3 11
203700 28 76
203700 57 76
204000 35 75
204000 39 58
204000 65 84
204000 79 88
204300 44 51
204300 77 82
204600 24 48
204600 26 31
204600 35 75
204600 37 91
204900 16 25
204900 52 87
205200 14 37
205200 37 58
205200 44 51
205500 8 50
205500 9 62
205500 38 58
205500 38 45
205500 50 75
205800 5 18
205800 11 24
205800 79 84
206100 0 45
206100 29 53
206100 37 58
206100 37 47
206400 3 22
206400 11 24
206400 42 79
206400 52 79
206400 55 79
206700 8 26
206700 53 63
207000 2 84
207000 3 68
207000 9 62
207000 9 30
207000 24 48
207000 52 75
207000 62 73
207300 4 49
207300 29 53
207300 57 88
207600 35 75
207600 44 51
207900 29 63
208200 22 32
208500 15 33
208800 9 23
208800 9 62
209100 22 64
209100 35 52
209100 44 51
209100 46 89
209400 9 28
209400 12 84
209400 55 87
209700 22 85
209700 46 89
210000 24 48
210300 8 26
210300 26 80
210300 31 58
210300 39 85
210300 80 91
210600 9 62
210600 36 55
210600 36 79
210600 55 79
210900 49 55
210900 49 86
210900 50 86
210900 52 55
211200 17 18
211200 18 68
211200 24 48
211200 32 58
211500 22 64
211800 0 24
211800 17 18
211800 79 87
211800 84 87
212100 14 58
212100 21 40
212100 47 58
212400 5 18
212400 12 77
212400 12 64
212400 24 48
212400 64 77
212700 9 62
212700 29 53
212700 37 58
212700 50 74
212700 57 88
213000 3 5
213000 29 63
213300 8 26
213300 44 51
213600 7 25
213600 7 16
213600 30 66
213600 61 69
213900 2 15
213900 2 33
213900 9 73
213900 9 62
213900 15 72
213900 29 63
213900 50 75
213900 58 86
213900 58 78
213900 58 59
213900 59 78
213900 72 86
213900 72 78
213900 72 75
213900 75 86
214200 0 14
214500 15 33
214500 46 76
214500 60 81
214800 9 46
214800 55 84
215100 14 72
215100 30 73
215100 30 69
215100 53 69
215400 7 58
215400 19 76
215400 21 69
215400 28 73
215400 59 76
215700 3 53
215700 7 33
215700 11 56
215700 22 32
215700 22 45
215700 28 70
215700 44 51
215700 53 70
215700 53 61
216000 52 79
216300 2 15
216300 7 16
216300 7 12
216300 12 16
216600 2 39
216600 5 48
216600 12 48
216600 12 14
216600 12 20
216600 14 20
216600 14 58
216600 14 78
216600 20 58
216600 20 78
216600 24 87
216600 29 39
216600 31 58
216600 58 78
216900 11 23
216900 23 69
216900 45 58
217200 9 63
217200 28 70
217200 35 75
217500 7 16
217500 7 25
217500 16 25
217800 5 44
217800 11 44
217800 28 69
217800 29 70
217800 44 51
218100 28 29
218100 49 86
218400 5 37
218400 5 34
218400 7 27
218400 7 88
218400 27 88
218400 34 37
218700 3 44
218700 22 64
218700 44 51
218700 45 58
219000 14 37
219000 17 68
219300 3 72
219300 3 83
219300 14 44
219300 44 51
219600 21 69
219600 29 53
219600 75 79
219900 24 32
220200 0 48
220200 8 90
220200 16 84
220200 29 53
220500 7 88
220500 22 64
220500 59 67
220500 61 66
220800 2 15
220800 23 30
221100 25 86
221100 30 53
221100 53 77
221400 8 26
221400 23 30
221400 23 53
221400 29 53
221400 30 53
221400 39 58
221700 23 29
222000 0 14
222000 0 3
222000 3 14
222000 7 78
222300 24 48
222300 57 76
222600 5 51
222600 5 35
222600 14 39
222600 17 51
222600 27 65
222600 27 72
222600 27 35
222600 27 75
222600 35 37
222600 35 45
222600 35 75
222600 45 58
222600 45 72
222600 51 68
222600 58 72
222900 51 54
222900 63 89
223200 0 45
223200 7 78
223200 7 21
223200 14 24
223500 7 16
223500 9 29
223500 22 32
223500 52 55
223500 55 74
223800 3 14
223800 3 44
223800 9 73
223800 9 19
223800 9 62
223800 11 44
223800 19 73
223800 29 63
223800 62 73
223800 62 66
224100 0 24
224100 50 86
224100 56 84
224400 7 46
224400 17 18
224400 17 68
224400 45 58
224700 1 16
224700 8 26
225000 29 63
225000 50 86
225300 28 69
225300 29 70
225300 44 51
225600 3 58
225900 7 27
225900 8 17
225900 8 51
225900 8 39
225900 8 14
225900 14 51
225900 14 90
225900 19 51
225900 39 51
225900 51 90
226200 14 18
226200 25 58
226200 29 53
226200 35 75
226200 50 75
226200 53 63
226200 56 60
226500 9 73
226500 9 19
226500 33 88
226500 50 75
226800 3 24
226800 14 45
226800 24 29
226800 24 53
226800 24 28
226800 29 53
226800 44 51
227100 7 58
227100 21 69
227100 36 50
227400 17 68
227700 29 53
227700 37 58
227700 62 69
228000 12 78
228000 58 65
228000 84 89
228300 2 10
228300 10 16
228300 10 33
228300 11 84
228300 12 44
228300 24 31
228300 39 51
228300 51 58
228300 58 65
228600 11 44
228600 24 48
228900 5 39
228900 35 87
228900 35 86
228900 35 52
229200 18 90
229200 23 30
229200 35 75
229200 46 84
229200 50 86
229200 50 60
229200 57 88
229200 62 73
229500 26 32
229800 3 5
229800 29 63
229800 29 73
229800 50 88
230100 0 48
230100 0 14
230100 9 62
230100 18 68
230100 28 29
230400 35 75
230400 35 52
230400 52 75
230700 0 24
230700 19 42
230700 19 50
230700 20 35
230700 22 32
230700 55 79
230700 84 87
231000 11 48
231000 49 84
231000 50 74
231000 75 88
231000 79 88
231300 19 73
231300 29 63
231300 56 84
231600 12 44
231600 58 65
231900 7 27
232200 8 26
232200 50 74
232500 11 24
232500 23 30
232500 50 86
232500 84 88
232800 11 24
232800 19 59
232800 19 76
232800 37 72
232800 59 76
232800 70 73
233100 5 14
233100 6 88
233100 14 24
233100 28 30
233400 53 70
233700 39 58
233700 44 58
233700 49 58
233700 49 79
233700 49 88
233700 79 88
233700 79 84
234000 8 26
234000 14 44
234000 52 79
234300 24 48
234600 24 28
234600 29 53
234600 55 74
234600 76 81
234900 59 76
235200 4 86
235200 7 12
235200 9 28
235200 9 63
235200 37 58
235200 52 87
235500 6 40
235500 9 30
235500 9 29
235500 28 29
235500 28 53
235500 29 53
235800 9 62
236100 5 74
236100 5 37
236100 9 62
236100 9 73
236100 24 48
236100 24 77
236100 24 74
236400 29 53
236400 37 58
236400 44 51
236400 67 76
236700 9 63
237000 5 72
237000 5 37
237000 5 22
237000 18 72
237000 22 37
237000 22 72
237000 22 26
237000 26 72
237000 26 37
237000 26 71
237000 28 73
237000 37 72
237300 45 65
237300 50 86
237300 55 74
237600 12 56
237600 56 58
237900 24 48
238200 7 58
238200 9 73
238200 24 35
238200 29 53
238200 35 48
238200 42 55
238200 49 52
238500 34 86
238800 3 5
238800 29 63
239100 15 60
239100 21 60
239100 85 90
239400 9 73
239700 22 64
239700 24 48
239700 44 51
239700 77 82
240000 14 85
240000 23 69
240000 23 31
240000 27 75
240000 31 69
240300 35 55
240300 50 74
240600 7 25
240600 22 64
240600 49 84
240600 50 84
240600 50 52
240600 52 84
240900 8 58
240900 14 58
240900 19 27
240900 27 50
240900 27 84
240900 27 35
240900 27 52
240900 27 75
240900 35 75
240900 35 38
240900 45 58
240900 58 72
241200 12 59
241200 50 86
241200 75 84
241500 20 35
241500 29 61
241500 39 45
241500 42 79
241500 52 84
241500 56 84
241500 84 87
241800 8 85
241800 8 37
241800 9 62
241800 21 61
241800 59 76
242100 3 85
242100 50 86
242400 24 45
242400 55 79
242400 69 73
242700 22 64
242700 28 73
243000 0 14
243000 8 54
243000 8 32
243000 8 26
243000 22 91
243000 25 39
243000 39 51
243300 5 18
243300 5 11
243300 62 73
243600 7 56
243600 9 62
243900 24 48
243900 52 75
243900 69 70
244200 4 87
244200 9 62
244200 22 85
244200 29 53
244200 36 50
244200 84 89
244500 9 62
244500 22 32
244500 76 78
244800 53 62
244800 76 78
245100 6 40
245100 12 44
245100 18 68
245100 28 30
245100 64 77
245400 32 38
245700 24 48
245700 28 69
246000 29 53
246000 51 65
246300 1 6
246300 1 33
246300 1 40
246300 1 10
246300 1 16
246300 2 10
246300 5 39
246300 6 40
246300 6 10
246300 10 40
246300 10 38
246300 10 16
246300 12 44
246300 12 77
246300 16 33
246300 24 48
246300 33 40
246300 38 45
246300 38 85
246300 45 85
246600 28 69
246600 37 82
246900 14 48
246900 14 24
246900 24 48
246900 53 63
247200 17 68
247200 22 85
247200 26 37
247200 28 70
247200 37 72
247200 55 86
247500 9 66
247500 16 59
247500 50 59
247500 59 76
247800 25 84
247800 64 77
247800 75 79
248100 29 53
248100 37 77
248400 8 82
248400 9 19
248400 9 62
248400 22 39
248400 22 64
248400 37 58
248400 38 44
248700 15 33
248700 49 50
249000 22 32
249000 53 70
249300 6 58
249300 6 7
249300 7 58
249300 8 14
249300 9 62
249300 14 37
249300 35 75
249600 5 47
249600 9 28
249600 9 63
249600 9 69
249600 9 73
249600 9 62
249600 24 48
249600 28 73
249900 45 72
250200 23 30
250200 45 72
250200 45 65
250200 49 74
250200 50 86
250200 52 84
250200 65 72
250500 5 72
250500 9 62
250500 49 86
250800 22 77
250800 22 64
251100 16 61
251100 23 53
251100 28 69
251100 30 53
251400 45 83
251400 55 79
251400 58 72
251400 58 85
251400 80 85
251700 17 18
251700 22 32
251700 79 87
252000 37 84
252300 29 53
252600 12 77
252600 12 84
252600 26 32
252600 77 84
252900 62 73
253200 9 30
253200 29 53
253200 30 62
253200 37 77
253200 49 52
253200 52 84
253500 5 85
253500 5 72
253500 55 86
253500 72 80
253500 80 85
253800 1 40
253800 2 12
253800 7 40
253800 12 72
253800 58 72
254100 8 26
254100 53 63
254400 22 64
254400 40 88
254400 44 51
254400 67 78
254700 2 15
254700 5 11
254700 14 19
254700 17 18
254700 19 79
254700 42 79
255000 22 38
255300 2 15
255300 9 73
255300 9 30
255300 29 63
255300 61 63
255600 17 18
255900 5 54
255900 7 59
255900 9 62
255900 62 69
256200 5 18
256200 7 88
256200 16 88
256200 28 73
256200 29 53
256200 39 51
256200 49 86
256200 49 55
256200 55 86
256500 1 59
256500 6 88
256500 32 38
256800 14 24
256800 14 58
256800 24 58
257100 9 62
257100 15 33
257100 35 75
257100 52 55
257100 60 81
257400 4 74
257400 24 48
257400 35 75
257700 12 88
257700 22 85
257700 55 74
258000 53 66
258300 22 64
258300 45 85
258300 45 65
258300 65 85
258600 1 65
258600 8 39
258600 8 85
258600 9 62
258600 14 45
258600 29 63
258600 38 45
258600 41 86
258600 50 75
258600 53 70
258600 75 79
258900 28 29
258900 29 70
259200 7 76
259200 8 26
259200 15 33
259200 23 29
259200 29 53
259200 53 63
259500 29 53
259500 37 58
259500 50 86
259500 51 65
259800 2 60
259800 28 53
259800 39 58
259800 58 65
260100 17 18
260100 42 43
260100 45 58
260400 5 72
260400 5 37
260400 22 26
260400 22 37
260400 22 72
260400 26 37
260400 26 72
260400 29 53
260400 37 72
260400 53 63
260700 15 33
260700 23 61
261000 4 36
261000 14 24
261000 27 56
261000 27 60
261000 28 53
261000 29 70
261000 29 53
261000 45 65
261000 65 72
261300 0 48
261300 8 90
261300 9 80
261300 9 30
261300 15 67
261300 24 48
261300 30 53
261300 53 73
261300 53 62
261600 5 18
261900 2 88
261900 7 58
262200 1 84
262200 1 59
262200 6 84
262200 9 73
262200 20 84
262200 28 69
262200 67 84
262200 84 88
262500 22 85
262500 61 69
262800 8 26
262800 49 74
263100 0 48
263100 8 90
263100 29 53
263400 64 77
263700 35 75
263700 55 86
264000 5 14
264000 29 70
264000 44 51
264300 67 84
264600 16 78
264600 28 73
264600 53 63
264600 70 73
264600 75 79
264900 1 84
264900 5 18
264900 15 88
264900 15 40
264900 15 84
264900 18 32
264900 22 32
264900 23 69
264900 28 30
264900 29 53
264900 59 88
264900 59 84
264900 62 75
264900 81 84
264900 84 88
265200 3 18
265200 9 62
265200 18 65
265200 29 53
265500 3 80
265800 29 70
266100 9 73
266100 63 70
266400 4 48
266400 8 34
266400 8 90
266400 8 58
266400 11 24
266400 27 76
266400 27 81
266400 45 58
266700 3 14
266700 4 86
266700 7 12
266700 9 28
267000 21 76
267300 22 64
267600 9 62
267600 53 63
267900 29 53
267900 29 63
268200 37 58
268200 50 86
268500 14 24
268800 28 70
268800 39 72
268800 72 90
269100 5 85
269100 76 78
269400 29 53
269400 39 51
269400 53 63
269400 53 69
269400 66 69
269700 4 50
269700 5 24
269700 7 57
269700 8 26
269700 9 62
269700 13 50
269700 14 90
269700 14 37
269700 32 80
269700 37 90
270000 52 79
270300 9 62
270300 27 88
270300 28 69
270300 29 53
270600 14 39
270600 14 58
270900 9 62
270900 17 68
270900 18 68
271200 9 73
271200 45 70
271200 52 84
271200 53 70
271500 53 69
271500 61 69
271800 58 59
271800 59 76
271800 59 78
271800 60 81
271800 76 88
272100 29 53
272400 14 32
272700 0 65
272700 14 65
272700 39 45
273000 1 27
273000 1 7
273000 6 27
273000 6 7
273000 27 33
273000 29 63
273000 37 58
273000 44 65
273300 8 26
273300 28 70
273600 0 48
273600 4 50
273600 9 62
273600 9 73
273600 15 67
273600 52 75
273900 2 28
273900 5 22
273900 22 85
274200 30 53
274200 58 72
274500 29 53
274800 9 30
274800 9 28
274800 9 53
274800 17 18
274800 28 30
274800 28 73
274800 29 53
274800 44 51
274800 50 75
275100 17 18
275400 11 44
275700 6 40
275700 9 62
275700 35 49
275700 55 74
276000 23 30
276000 49 74
276000 49 55
276000 55 74
276000 69 73
276300 2 15
276300 17 18
276300 35 75
276300 79 87
276600 2 10
276600 6 10
276600 6 12
276600 11 58
276600 16 53
276600 16 70
276600 39 65
276600 44 51
276600 51 58
276600 51 65
276600 53 70
276600 58 65
276600 67 84
276600 79 84
276600 84 86
276900 29 53
277200 24 58
277500 24 58
277500 28 84
277500 28 62
277800 8 26
277800 9 62
277800 9 73
277800 69 73
278100 29 53
278100 69 70
278400 24 48
278400 29 30
278400 30 63
278400 47 58
0 17 18
0 45 65
0 49 52
0 52 86
300 24 48
300 26 31
600 12 44
600 12 58
600 12 77
600 24 48
600 58 65
900 6 58
900 6 7
900 7 58
900 8 14
900 9 62
900 14 37
900 35 75
1200 50 84
1500 6 40
1500 24 45
1500 49 86
1500 57 60
1800 21 84
1800 30 66
1800 55 86
2100 11 44
2100 24 63
2100 37 82
2100 86 91
2400 7 81
2400 14 45
2400 57 60
2700 0 48
2700 8 90
2700 9 80
2700 9 30
2700 15 67
2700 24 48
2700 30 53
2700 53 73
2700 53 62
3000 29 53
3000 53 70
3000 59 76
3300 9 73
3300 11 23
3300 17 18
3300 22 85
3600 5 11
3600 8 85
3600 9 62
3600 12 29
3600 22 51
3600 29 53
3600 38 45
3600 40 41
3600 50 75
3600 61 90
3900 17 18
3900 42 43
3900 45 58
4200 39 72
4500 44 51
4500 57 62
4800 3 5
4800 9 62
4800 9 29
4800 11 24
4800 11 48
4800 18 37
4800 24 48
5100 45 83
5100 55 79
5100 58 72
5100 58 85
5100 80 85
5400 9 66
5400 9 62
5400 9 73
5400 11 84
5400 62 73
5700 12 60
5700 19 75
5700 35 75
5700 35 50
5700 50 75
5700 50 52
5700 52 75
6000 3 19
6000 3 14
6000 9 14
6000 19 42
6000 29 63
6300 52 86
6300 63 70
6600 7 25
6600 16 25
6600 30 66
6600 50 86
6900 1 59
6900 29 53
6900 75 79
7200 14 18
7200 25 58
7200 29 53
7200 35 75
7200 50 75
7200 53 63
7200 56 60
7500 9 53
7500 29 53
7500 37 58
7500 50 86
7500 53 73
7800 24 45
7800 55 79
7800 69 73
8100 9 66
8100 16 59
8100 50 59
8100 59 76
8400 29 63
8700 9 62
8700 29 73
8700 29 63
9000 9 62
9000 18 34
9000 21 66
9000 29 69
9000 45 83
9000 50 74
9000 55 79
9000 57 60
9300 49 55
9300 50 86
9600 0 48
9600 9 69
9600 9 43
9600 9 73
9600 15 67
9600 23 69
9600 30 66
9600 44 51
9600 52 75
9600 62 73
9600 69 73
9900 9 73
9900 14 24
9900 59 76
10200 28 69
10500 40 56
10800 35 52
11100 1 76
11100 19 76
11100 22 64
11100 35 79
11100 77 82
11400 0 14
11400 5 22
11400 5 37
11400 16 45
11400 22 37
11400 22 26
11400 22 34
11400 26 37
11400 26 72
11400 34 37
11400 37 72
11400 40 84
11400 40 78
11400 60 81
11400 60 88
11400 81 88
11700 12 56
11700 56 58
12000 2 15
12000 5 11
12000 14 19
12000 17 18
12000 19 79
12000 42 79
12300 49 84
12600 12 59
12600 20 84
12600 37 58
12600 59 76
12900 3 5
12900 29 63
13200 13 88
13200 21 88
13200 29 53
13200 29 69
13200 45 83
13200 50 74
13200 55 79
13500 9 73
13500 50 86
13800 12 64
13800 12 45
13800 12 58
13800 17 18
13800 18 68
13800 34 58
13800 64 77
14100 9 73
14100 9 19
14100 33 88
14100 50 75
14400 28 29
14400 49 86
14700 14 39
14700 14 58
15000 0 48
15000 4 50
15000 9 73
15000 9 62
15000 15 67
15000 52 75
15000 53 66
15300 14 22
15600 3 14
15600 9 62
15600 9 28
15600 9 44
15600 34 44
15600 44 45
15900 22 64
15900 28 73
16200 9 62
16200 9 73
16200 17 18
16200 50 74
16200 53 69
16200 55 79
16500 35 75
16500 44 51
16800 14 72
16800 28 53
17100 24 28
17100 29 53
17400 25 87
17700 9 28
17700 9 63
18000 2 15
18000 9 73
18000 17 18
18000 35 75
18300 3 83
18300 50 74
18600 7 84
18600 8 26
18600 21 84
18600 31 71
18900 7 27
18900 7 57
18900 27 77
18900 27 58
18900 58 77
19200 15 33
19500 29 63
19800 5 44
19800 11 44
19800 28 69
19800 29 70
19800 44 51
20100 1 16
20100 8 26
20400 22 64
20400 24 48
20400 44 51
20400 52 87
20400 77 82
20700 14 58
20700 21 61
21000 42 84
21000 52 84
21000 53 63
21300 29 53
21300 46 89
21300 69 70
21600 50 86
21900 52 79
22200 4 87
22200 9 62
22200 22 85
22200 29 53
22200 36 50
22200 84 89
22500 29 63
22500 37 77
22500 55 86
22800 1 78
22800 29 70
22800 45 65
23100 1 12
23100 5 45
23100 9 73
23100 9 62
23400 35 75
23400 50 86
23700 24 48
23700 52 84
23700 53 63
24000 3 58
24000 29 63
24000 37 58
24000 50 75
24300 3 53
24300 7 33
24300 11 56
24300 22 32
24300 22 45
24300 28 70
24300 44 51
24300 53 70
24300 53 61
24600 8 30
24600 8 90
24600 9 73
24600 15 67
24600 52 75
24600 53 73
24900 14 37
24900 37 58
24900 44 51
25200 0 48
25200 4 50
25200 9 62
25200 9 73
25200 15 67
25200 52 75
25500 29 70
25500 44 72
25500 53 70
25800 3 24
25800 15 33
25800 28 29
25800 44 51
25800 53 63
26100 35 75
26100 55 86
26400 7 27
26400 27 57
26400 57 60
26700 9 62
26700 12 16
26700 35 75
26700 57 60
26700 57 88
26700 58 90
27000 17 34
27300 7 84
27300 35 86
27300 35 50
27300 37 80
27300 37 50
27300 38 86
27300 50 75
27300 50 80
27600 37 84
27900 17 18
27900 32 38
28200 23 29
28200 55 74
28500 22 85
28500 46 89
28800 30 57
28800 51 90
28800 52 75
28800 56 59
28800 58 65
28800 59 78
29100 7 27
29100 27 60
29100 27 57
29100 28 61
29100 29 53
29100 49 74
29100 57 60
29400 24 48
29400 42 43
29400 44 45
29400 48 49
29400 53 70
29400 79 88
29700 5 14
29700 37 58
30000 29 63
30300 3 65
30300 9 73
30300 17 51
30300 51 68
30600 0 24
30600 21 42
30600 22 38
30600 24 45
30600 25 28
30600 27 57
30600 67 76
30900 0 24
30900 17 68
31200 14 24
31200 21 69
31200 29 53
31200 85 91
31500 20 40
31500 29 53
31800 35 52
31800 44 77
31800 56 84
32100 12 43
32400 17 68
32400 42 50
32700 11 24
32700 23 30
32700 50 86
32700 84 88
33000 19 86
33300 21 56
33300 22 64
33300 24 48
33300 35 79
33300 77 82
33600 12 59
33600 50 86
33600 75 84
33900 3 8
33900 14 85
33900 19 79
33900 24 48
33900 45 65
34200 2 33
34200 24 87
34200 58 62
34500 28 62
34500 29 53
34500 45 85
34500 45 65
34800 3 72
34800 22 32
34800 52 79
34800 62 73
34800 79 86
35100 24 48
35100 31 32
35400 15 33
35400 22 85
35400 28 66
35400 44 51
35400 53 63
35700 28 69
35700 29 53
35700 44 51
36000 23 30
36000 49 74
36000 49 55
36000 55 74
36000 69 73
36300 7 88
36300 9 62
36300 29 53
36600 24 48
36600 66 69
36900 44 51
36900 77 82
37200 15 33
37200 50 86
37200 60 81
37200 76 88
37500 1 88
37500 9 73
37500 23 30
37500 29 63
37500 37 77
37500 62 73
37800 29 63
37800 50 84
37800 58 65
37800 59 76
37800 76 81
38100 25 49
38100 55 79
38400 7 78
38400 29 53
38700 39 58
38700 44 58
38700 49 58
38700 49 79
38700 49 88
38700 79 88
38700 79 84
39000 9 29
39000 29 62
39000 29 63
39000 62 73
39000 63 66
39300 18 37
39300 53 70
39600 0 24
39600 5 34
39600 23 29
39600 29 30
39900 0 24
40200 24 48
40500 28 69
40500 29 53
40500 37 82
40500 44 51
40800 21 84
40800 22 85
41100 9 62
41100 9 17
41100 24 48
41100 76 88
41400 2 84
41400 3 68
41400 9 62
41400 9 30
41400 24 48
41400 52 75
41400 62 73
41700 7 78
41700 7 59
41700 20 52
41700 20 35
41700 25 35
41700 28 40
41700 28 73
41700 35 52
41700 35 84
41700 35 87
41700 40 84
41700 42 79
41700 52 84
41700 56 87
41700 56 84
42000 45 65
42300 24 48
42300 52 75
42300 69 70
42600 9 62
42600 24 31
42600 24 48
42600 31 48
42900 29 70
43200 6 40
43200 9 73
43200 9 61
43200 50 86
43500 20 31
43500 24 31
43500 24 48
43500 31 48
43500 71 83
43800 26 52
43800 29 53
44100 0 14
44100 3 14
44100 8 90
44100 9 69
44100 16 84
44100 30 53
44100 65 82
44400 67 84
44700 22 64
44700 35 52
44700 44 51
44700 46 89
45000 1 16
45000 1 59
45000 15 16
45000 16 59
45000 49 55
45000 55 79
45300 29 53
45600 19 62
45600 22 64
45600 77 82
45900 16 84
45900 28 73
45900 44 51
46200 0 14
46200 9 62
46200 29 53
46200 37 58
46500 0 65
46500 0 14
46500 22 64
46500 24 48
46500 44 51
46800 7 84
46800 44 65
46800 58 65
47100 5 72
47100 49 55
47100 49 86
47100 55 86
47400 12 44
47400 12 72
47400 12 58
47400 17 34
47400 35 50
47400 43 58
47400 44 58
47400 44 56
47400 50 75
47400 53 70
47400 56 58
47400 56 65
47700 29 53
48000 37 58
48000 53 66
48000 53 61
48000 53 70
48000 62 73
48300 21 69
48300 24 45
48600 9 63
48600 28 70
48600 28 53
48600 37 65
48600 53 70
48600 61 62
48900 2 28
48900 5 22
48900 23 61
49200 35 75
49200 35 52
49200 52 75
49500 36 50
49800 5 18
49800 29 90
49800 44 51
49800 45 64
49800 81 88
50100 21 76
50100 21 69
50100 22 85
50400 7 86
50700 7 25
50700 28 69
51000 21 56
51000 36 50
51300 28 69
51600 8 26
51600 42 59
51600 53 63
51900 24 69
51900 28 69
52200 5 34
52200 29 63
52500 9 63
52500 37 77
52800 24 31
52800 31 48
52800 81 88
53100 8 26
53100 53 63
53400 0 48
53400 0 14
53400 9 62
53400 18 68
53400 28 29
53700 11 23
53700 21 30
53700 23 69
53700 37 58
53700 74 86
54000 5 39
54000 35 87
54000 35 86
54000 35 52
54300 5 21
54300 21 84
54600 35 75
54600 35 52
54900 4 50
54900 9 62
54900 23 30
54900 30 44
54900 35 52
54900 46 49
54900 49 86
54900 53 70
55200 9 62
55200 29 53
55200 57 88
55500 24 59
55500 29 53
55500 45 90
55500 53 63
55800 22 50
56100 17 18
56400 29 53
56700 30 66
56700 32 91
56700 34 72
56700 53 63
57000 24 32
57300 3 22
57300 28 66
57300 28 69
57600 23 30
57600 42 76
57600 49 55
57900 53 66
58200 4 79
58200 16 84
58500 4 79
58500 9 29
58500 27 81
58800 42 86
58800 55 86
59100 11 24
59100 11 51
59100 17 68
59100 22 64
59100 27 51
59100 27 68
59400 29 53
59700 3 5
59700 29 63
59700 29 73
59700 50 88
60000 28 73
60000 62 73
60000 67 84
60000 67 76
60300 21 69
60300 21 61
60300 61 69
60600 1 78
60600 7 78
60600 21 76
60600 24 48
60600 77 82
60900 1 7
60900 9 73
60900 9 62
60900 14 51
60900 23 29
60900 28 29
60900 29 53
60900 49 55
61200 7 25
61200 35 84
61200 52 84
61500 24 45
61500 29 53
61500 44 51
61800 0 24
61800 50 86
61800 56 84
62100 14 37
62100 17 68
62400 7 76
62400 8 26
62400 15 33
62400 23 29
62400 29 53
62400 53 63
62700 9 60
62700 15 33
62700 35 75
63000 9 62
63000 14 24
63000 19 58
63000 21 69
63000 25 79
63000 39 51
63000 51 65
63000 58 72
63000 65 72
63000 66 70
63300 28 84
63300 35 75
63300 39 51
63300 55 75
63600 28 70
63900 28 69
64200 15 33
64500 22 64
64800 50 74
64800 53 69
65100 9 73
65100 49 73
65100 50 86
65100 57 60
65400 19 50
65400 19 75
65400 27 60
65400 35 50
65400 35 75
65400 50 75
65700 18 47
65700 18 37
65700 58 65
66000 3 14
66000 14 37
66000 16 84
66000 50 75
66300 7 56
66300 9 62
66600 16 46
66600 35 84
66600 44 51
66600 57 88
66900 1 16
66900 7 88
66900 9 62
66900 35 79
66900 35 52
66900 35 36
66900 36 79
66900 76 88
67200 0 24
67200 4 84
67200 35 52
67200 55 79
67500 22 77
67500 22 64
67800 29 53
68100 29 53
68100 37 58
68100 62 69
68400 2 10
68400 2 40
68400 6 10
68400 21 88
68400 44 51
68400 57 88
68700 9 73
68700 29 53
68700 53 73
69000 5 74
69000 5 37
69000 9 62
69000 9 73
69000 24 48
69000 24 77
69000 24 74
69300 14 47
69300 45 72
69600 14 37
69600 35 87
69600 35 52
69600 44 51
69900 15 33
69900 25 55
69900 56 60
70200 21 69
70200 29 53
70200 75 79
70500 0 14
70500 53 70
70500 60 79
70800 11 23
71100 5 72
71100 5 37
71100 5 22
71100 18 72
71100 22 37
71100 22 72
71100 22 26
71100 26 72
71100 26 37
71100 26 71
71100 28 73
71100 37 72
71400 7 58
71400 21 84
71400 24 45
71400 56 60
71700 0 14
71700 41 79
71700 53 69
71700 77 82
72000 29 63
72300 8 26
72300 42 43
72300 53 63
72600 29 70
72900 2 60
72900 28 53
72900 39 58
72900 58 65
73200 1 76
73200 37 58
73500 28 84
73500 39 51
73800 9 73
73800 9 62
73800 17 18
73800 50 74
73800 53 69
74100 29 53
74100 29 63
74100 45 65
74100 45 85
74100 58 65
74400 24 48
74400 29 30
74400 30 63
74400 47 58
74700 9 62
75000 9 62
75300 21 69
75300 29 63
75600 29 53
75600 52 87
75900 50 86
75900 52 84
75900 52 75
75900 59 76
75900 75 84
76200 9 63
76200 9 73
76500 5 72
76500 5 37
76500 22 26
76500 22 37
76500 22 72
76500 26 37
76500 26 72
76500 29 53
76500 37 72
76500 53 63
76800 69 70
77100 37 58
77100 44 52
77400 11 24
77400 19 59
77400 19 76
77400 37 72
77400 59 76
77400 70 73
77700 8 26
77700 9 62
77700 21 84
78000 9 28
78000 15 60
78000 16 76
78000 28 62
78000 35 50
78000 38 90
78000 39 65
78000 50 75
78000 85 90
78300 28 69
78300 30 66
78300 52 75
78600 0 14
78600 12 88
78600 31 51
78600 51 71
78900 29 53
79200 2 88
79200 7 58
79500 1 76
79500 27 76
79500 35 79
79500 44 51
79500 77 82
79800 8 26
79800 26 80
79800 31 58
79800 39 85
79800 80 91
80100 22 64
80100 27 57
80100 44 51
80100 77 82
80400 17 18
80400 29 61
80400 44 51
80700 28 69
80700 46 60
80700 49 86
80700 49 55
80700 55 86
81000 9 62
81000 36 55
81000 36 79
81000 55 79
81300 9 63
81300 28 70
81300 35 75
81600 21 27
81600 21 59
81600 34 45
81600 54 71
81900 2 15
81900 3 14
81900 7 50
81900 9 62
81900 9 73
82200 5 18
82200 12 77
82200 12 44
82200 12 64
82200 24 48
82200 39 65
82200 44 65
82500 6 40
82800 5 37
82800 24 48
82800 24 31
82800 31 48
83100 58 59
83100 59 76
83100 59 78
83100 60 81
83100 76 88
83400 3 37
83400 9 30
83400 32 88
83700 4 79
83700 37 58
83700 75 79
84000 18 22
84000 22 85
84000 28 66
84000 80 85
84300 11 26
84300 35 75
84600 14 72
84600 30 73
84600 30 69
84600 53 69
84900 4 86
84900 52 86
85200 9 62
85200 29 53
85200 37 58
85200 50 74
85200 57 88
85500 8 50
85500 9 62
85500 38 58
85500 38 45
85500 50 75
85800 17 68
85800 22 85
85800 26 37
85800 28 70
85800 37 72
85800 55 86
86100 17 68
86100 45 58
86100 63 70
86100 64 77
86400 29 63
86700 5 18
86700 12 77
86700 12 64
86700 24 48
86700 64 77
87000 22 64
87000 35 79
87000 77 82
87300 21 46
87300 21 26
87300 24 48
87300 26 31
87300 49 79
87300 75 79
87600 9 69
87600 9 63
87600 24 48
87600 28 70
87600 53 70
87600 61 62
87900 8 85
87900 8 37
87900 9 62
87900 21 61
87900 59 76
88200 7 50
88500 22 38
88500 25 28
88500 25 53
88500 28 53
88500 53 69
88800 17 68
88800 28 45
88800 44 45
89100 4 55
89400 17 18
89700 0 24
89700 20 84
89700 35 52
89700 35 84
89700 55 79
89700 56 87
89700 56 84
90000 11 44
90000 63 70
90300 27 60
90300 29 63
90300 37 58
90300 50 75
90600 11 38
90600 23 30
90600 29 53
90600 62 73
90600 84 88
90900 29 53
91200 9 62
91200 16 88
91200 23 53
91200 28 73
91200 29 73
91200 35 52
91200 53 73
91500 17 18
91500 29 53
91500 36 79
91800 17 34
91800 28 70
92100 3 68
92100 29 63
92400 24 45
92400 29 53
92400 37 58
92400 44 51
92700 7 58
92700 9 73
92700 24 35
92700 29 53
92700 35 48
92700 42 55
92700 49 52
93000 7 58
93000 15 33
93000 44 52
93300 9 73
93300 29 63
93600 21 46
93600 24 48
93600 26 31
93600 75 79
93900 14 58
93900 22 38
94200 40 88
94200 55 74
94500 0 14
94500 7 16
94500 8 60
94500 8 90
94500 9 62
94500 53 66
94800 24 28
94800 29 53
94800 55 74
94800 76 81
95100 11 84
95100 14 71
95100 37 58
95100 50 86
95400 9 23
95400 9 73
95400 14 24
95700 9 66
95700 14 24
95700 24 58
95700 28 84
96000 7 12
96000 22 32
96300 8 26
96300 22 91
96300 24 48
96300 29 91
96300 39 58
96300 42 43
96600 3 85
96600 22 85
96900 11 48
96900 49 84
96900 50 74
96900 75 88
96900 79 88
97200 9 62
97200 18 90
97200 23 30
97200 50 60
97200 50 57
97200 57 88
97500 23 49
97500 25 49
97500 28 69
97500 37 77
97500 52 75
97500 53 61
97800 5 18
97800 7 88
97800 16 88
97800 28 73
97800 29 53
97800 39 51
97800 49 86
97800 49 55
97800 55 86
98100 64 77
98400 44 51
98400 55 79
98700 1 84
98700 1 59
98700 6 84
98700 9 73
98700 20 84
98700 28 69
98700 67 84
98700 84 88
99000 3 5
99000 3 22
99000 5 18
99000 11 24
99000 18 22
99000 22 64
99000 55 79
99300 22 64
99600 3 14
99600 21 84
99600 28 73
99600 29 70
99600 45 65
99900 29 53
99900 57 88
100200 28 70
100500 9 62
100500 9 19
100500 12 58
100500 14 37
100500 19 44
100500 21 61
100500 22 64
100500 29 53
100500 44 45
100500 44 58
100500 44 60
100500 53 63
100800 7 27
100800 8 17
100800 8 51
100800 8 39
100800 8 14
100800 14 51
100800 14 90
100800 19 51
100800 39 51
100800 51 90
101100 29 53
101400 29 53
101400 29 63
101700 9 69
101700 9 66
101700 9 62
101700 12 57
101700 27 75
101700 50 74
101700 62 69
101700 80 85
102000 14 58
102000 21 40
102000 47 58
102300 25 86
102300 29 53
102300 50 86
102600 1 59
102600 1 88
102600 1 84
102600 11 24
102600 12 88
102600 15 88
102600 23 69
102600 24 55
102900 24 58
102900 28 84
102900 28 62
103200 0 51
103200 17 18
103200 26 65
103200 29 53
103200 45 72
103500 22 38
103500 29 53
103500 29 30
103500 29 66
103500 30 53
103800 19 73
103800 29 63
103800 56 84
104100 52 79
104400 62 73
104700 11 44
105000 3 58
105300 8 26
105300 9 62
105300 9 73
105300 69 73
105600 1 16
105600 2 6
105600 2 10
105600 6 40
105600 6 27
105600 6 10
105600 10 16
105600 10 40
105600 12 77
105600 12 44
105600 16 33
105600 17 18
105600 24 48
105600 27 40
105600 27 46
105600 27 65
105600 27 57
105600 39 65
105600 46 56
105600 46 57
105900 3 72
105900 22 38
105900 22 32
106200 79 86
106500 6 40
106500 9 30
106500 9 29
106500 28 29
106500 28 53
106500 29 53
106800 15 33
107100 19 78
107100 21 63
107100 29 53
107400 8 26
107400 23 30
107400 23 53
107400 29 53
107400 30 53
107400 39 58
107700 3 44
107700 22 64
107700 44 51
107700 45 58
108000 12 88
108000 17 18
108000 55 74
108300 3 72
108300 3 83
108300 14 44
108300 44 51
108600 7 16
108600 7 58
108900 4 52
108900 8 26
108900 28 29
108900 29 70
108900 37 77
108900 38 39
109200 14 24
109200 28 84
109200 39 51
109500 24 48
109500 46 84
109500 79 86
109800 1 2
109800 2 10
109800 5 39
109800 6 10
109800 21 56
109800 45 58
110100 28 70
110100 39 72
110100 72 90
110400 2 15
110400 17 18
110400 35 75
110400 79 87
110700 11 44
110700 24 48
111000 14 85
111000 23 69
111000 23 31
111000 27 75
111000 31 69
111300 5 39
111300 8 84
111300 9 31
111300 24 48
111300 29 53
111300 46 84
111600 16 25
111600 52 87
111900 27 73
111900 29 53
111900 37 84
111900 49 86
111900 49 50
112200 0 45
112200 7 78
112200 7 21
112200 14 24
112500 0 65
112500 14 65
112500 39 45
112800 29 53
113100 28 69
113100 46 89
113400 35 75
113700 28 29
113700 29 70
114000 4 86
114000 9 73
114000 9 62
114000 24 48
114300 4 50
114300 5 24
114300 7 57
114300 8 26
114300 9 62
114300 13 50
114300 14 90
114300 14 37
114300 32 80
114300 37 90
114600 9 28
114600 9 69
114600 9 63
114600 17 68
114600 28 73
114600 28 70
114600 28 30
114600 28 69
114600 30 62
114600 35 75
114600 53 62
114600 53 70
114600 61 62
114900 8 26
115200 9 62
115200 23 53
115200 23 73
115200 28 53
115200 28 73
115200 29 53
115200 39 51
115500 59 76
115800 29 63
115800 50 86
116100 3 14
116100 3 44
116100 9 73
116100 9 19
116100 9 62
116100 11 44
116100 19 73
116100 29 63
116100 62 73
116100 62 66
116400 37 58
116700 42 51
116700 46 60
116700 53 70
117000 20 35
117000 29 61
117000 39 45
117000 42 79
117000 52 84
117000 56 84
117000 84 87
117300 3 14
117300 7 88
117300 9 63
117300 9 28
117600 22 85
117600 29 53
117600 32 38
117900 5 39
117900 14 58
117900 40 88
117900 49 55
118200 29 63
118200 50 86
118500 9 19
118500 9 62
118500 9 73
118500 19 73
118500 45 65
118500 62 73
118800 0 48
118800 9 63
118800 32 71
119100 28 62
119100 28 29
119100 29 53
119400 53 69
119400 61 69
119700 2 28
119700 5 22
119700 22 85
120000 56 84
120300 3 51
120300 3 23
120300 23 49
120300 28 69
120300 42 51
120300 52 75
120300 80 90
120600 5 80
120600 5 18
120600 18 80
120900 14 24
121200 19 73
121200 52 75
121500 7 58
121800 9 62
121800 38 58
121800 38 45
121800 45 58
122100 9 28
122100 9 63
122100 28 69
122100 37 77
122400 0 24
122400 9 66
122400 23 29
122700 0 45
122700 4 86
122700 29 91
122700 29 53
122700 53 63
123000 21 69
123000 21 61
123000 24 45
123000 30 66
123000 69 73
123300 9 62
123300 9 45
123300 12 57
123300 13 50
123300 14 85
123300 14 24
123300 27 75
123300 45 61
123300 45 83
123300 50 74
123600 17 68
123600 17 34
123600 34 68
123600 35 75
123600 36 75
123600 75 86
123900 1 78
123900 9 19
123900 19 42
123900 19 50
123900 33 88
123900 58 72
123900 62 73
124200 5 75
124500 45 72
124800 21 61
124800 22 64
124800 57 88
125100 0 14
125100 14 37
125100 17 18
125100 37 82
125400 29 53
125700 23 29
125700 29 63
125700 31 71
125700 52 79
126000 9 73
126000 9 62
126300 49 55
126600 8 26
126600 21 61
126600 22 64
126900 9 63
126900 9 28
127200 7 16
127200 9 29
127200 22 32
127200 52 55
127200 55 74
127500 17 68
127500 50 86
127800 7 12
127800 22 91
127800 24 32
127800 33 84
127800 79 88
127800 85 91
128100 5 72
128100 29 69
128100 29 53
128100 50 74
128100 53 69
128100 55 79
128400 9 62
128400 22 85
128400 29 53
128400 29 30
128400 50 86
128700 5 85
128700 76 78
129000 0 24
129000 0 14
129000 14 24
129000 14 48
129000 22 77
129000 24 48
129000 45 48
129300 34 84
129300 58 72
129300 80 85
129600 2 10
129600 10 16
129600 10 33
129600 11 84
129600 12 44
129600 24 31
129600 39 51
129600 51 58
129600 58 65
129900 26 32
129900 57 60
130200 17 18
130200 22 58
130200 22 32
130200 32 58
130500 4 74
130500 24 48
130500 35 75
130800 27 60
130800 29 63
131100 5 14
131100 6 88
131100 14 24
131100 28 30
131400 3 44
131400 5 72
131400 7 58
131400 9 23
131700 29 53
131700 50 86
132000 6 40
132000 15 33
132000 38 45
132000 44 52
132300 28 70
132600 9 73
132900 7 16
132900 7 84
132900 7 25
132900 16 84
132900 16 25
132900 25 84
132900 50 84
133200 5 54
133200 7 59
133200 9 62
133200 62 69
133500 42 43
133500 42 72
133500 42 58
133500 58 72
133800 23 30
133800 29 53
133800 52 86
133800 57 60
133800 74 86
134100 24 48
134400 38 58
134400 59 78
134400 76 78
134700 5 84
134700 22 77
134700 24 48
135000 4 41
135000 27 57
135000 28 69
135300 12 16
135300 27 81
135300 39 57
135300 50 86
135600 24 48
135900 8 90
135900 8 58
135900 45 58
135900 70 73
136200 0 24
136200 19 42
136200 19 50
136200 20 35
136200 22 32
136200 55 79
136200 84 87
136500 8 79
136500 14 24
136500 21 69
136500 29 53
136500 45 58
136800 9 62
137100 0 48
137100 9 77
137100 9 62
137100 28 73
137100 44 51
137400 9 73
137400 45 70
137400 52 84
137400 53 70
137700 8 83
137700 29 53
137700 44 51
138000 29 53
138300 9 62
138300 50 86
138600 3 85
138600 50 86
138900 55 79
138900 75 79
139200 9 62
139200 29 69
139200 50 74
139200 53 69
139200 55 79
139500 15 33
139500 46 76
139500 60 81
139800 11 48
139800 12 49
139800 49 67
139800 58 65
139800 60 89
140100 29 53
140400 52 79
140700 25 87
141000 28 29
141000 29 53
141000 35 52
141300 17 68
141300 18 34
141300 35 75
141300 35 36
141300 36 75
141600 28 66
141900 34 84
141900 35 75
141900 35 50
141900 37 84
141900 50 86
141900 75 86
142200 9 63
142500 0 24
142500 42 79
142500 42 44
142500 56 84
142800 5 47
142800 9 28
142800 9 63
142800 9 69
142800 9 73
142800 9 62
142800 24 48
142800 28 73
143100 7 78
143100 8 26
143100 14 24
143100 14 64
143100 17 68
143100 29 53
143400 8 26
143400 14 44
143400 52 79
143700 29 53
143700 37 58
143700 50 86
143700 51 65
144000 0 48
144000 4 86
144000 9 63
144000 21 84
144000 52 87
144300 5 18
144300 35 50
144300 42 50
144300 50 86
144600 2 15
144600 23 30
144900 9 28
144900 12 84
144900 55 87
145200 0 14
145200 7 78
145200 9 62
145200 21 84
145200 21 56
145200 29 53
145200 52 87
145500 11 84
145500 12 84
145500 16 33
145500 29 53
145500 42 43
145500 49 84
145500 49 58
145500 49 64
145500 58 84
145500 64 77
145500 79 88
145800 5 14
145800 9 62
145800 37 58
145800 44 45
146100 35 75
146100 45 65
146100 56 86
146100 56 84
146100 84 86
146400 24 48
146400 31 91
146400 66 69
146700 9 62
146700 15 33
146700 35 75
146700 52 55
146700 60 81
147000 3 11
147000 28 76
147000 57 76
147300 14 58
147300 53 66
147600 5 11
147600 14 48
147600 28 73
147600 29 53
147600 39 51
147600 61 71
147600 70 73
147900 11 86
147900 12 86
147900 76 78
148200 7 78
148200 28 69
148200 28 66
148200 42 51
148200 46 60
148500 17 68
148500 28 69
148500 29 53
148500 37 82
148500 44 51
148800 0 14
148800 16 59
148800 53 69
149100 8 26
149100 44 51
149400 11 77
149400 12 27
149400 17 34
149400 22 48
149400 27 81
149400 27 48
149400 27 77
149400 48 64
149400 64 77
149700 9 62
149700 15 33
149700 44 52
149700 62 73
150000 7 88
150000 17 51
150000 29 53
150000 29 63
150000 39 51
150300 7 16
150300 7 25
150300 16 25
150600 49 74
150900 17 18
150900 21 56
150900 21 59
150900 24 48
150900 32 58
151200 11 44
151200 19 28
151200 25 86
151200 35 75
151200 35 52
151200 45 65
151200 52 75
151500 29 53
151500 69 70
151800 2 39
151800 5 48
151800 12 48
151800 12 14
151800 12 20
151800 14 20
151800 14 58
151800 14 78
151800 20 58
151800 20 78
151800 24 87
151800 29 39
151800 31 58
151800 58 78
152100 5 24
152100 7 16
152100 8 26
152100 14 90
152100 18 37
152400 7 25
152400 16 25
152400 30 66
152700 2 15
152700 2 3
152700 2 48
152700 15 48
152700 24 48
152700 24 49
152700 35 75
152700 48 49
153000 5 37
153000 35 75
153000 35 49
153000 46 57
153300 53 62
153300 76 78
153600 7 84
153600 24 84
153600 27 84
153600 33 84
153600 51 58
153900 29 53
153900 39 51
153900 53 63
153900 53 69
153900 66 69
154200 5 18
154200 7 88
154200 8 26
154200 53 63
154500 44 86
154500 58 65
154800 9 29
154800 14 48
154800 53 66
155100 9 30
155100 29 53
155100 30 62
155100 37 77
155100 49 52
155100 52 84
155400 0 14
155400 7 16
155400 8 90
155400 8 60
155400 9 69
155400 17 68
155400 17 18
155700 2 71
155700 14 58
155700 14 39
155700 14 24
155700 37 82
155700 39 58
155700 53 70
155700 58 82
156000 18 37
156000 29 53
156000 35 55
156000 39 72
156000 80 85
156300 15 33
156300 49 50
156600 35 75
156600 45 58
156900 15 33
156900 25 86
157200 14 58
157200 21 61
157500 5 14
157500 29 70
157500 44 51
157800 17 18
157800 35 75
157800 39 90
158100 23 30
158100 45 72
158100 45 65
158100 49 74
158100 50 86
158100 52 84
158100 65 72
158400 14 58
158400 25 79
158700 7 21
158700 7 78
158700 17 68
158700 21 78
158700 29 53
158700 36 50
159000 30 53
159000 58 72
159300 11 69
159300 11 23
159300 23 69
159300 53 63
159600 0 48
159600 9 62
159600 15 67
159600 16 59
159600 24 48
159600 28 30
159600 28 69
159600 44 51
159600 52 75
159600 62 73
159900 32 80
159900 50 74
160200 17 18
160200 22 32
160200 79 87
160500 25 86
160500 30 53
160500 53 77
160800 0 14
161100 3 14
161100 4 86
161100 7 12
161100 9 28
161400 22 72
161400 28 69
161700 67 84
162000 22 64
162000 42 52
162300 62 73
162300 71 83
162600 49 55
162600 49 86
162600 50 86
162600 52 55
162900 58 65
163200 29 53
163500 37 58
163500 50 86
163800 14 24
163800 29 63
163800 35 75
163800 59 76
164100 55 79
164400 28 84
164700 5 14
165000 9 62
165000 9 53
165000 12 58
165000 12 44
165000 12 77
165000 39 65
165000 39 58
165000 44 65
165000 53 70
165000 58 65
165300 28 53
165600 9 62
165600 53 63
165900 9 73
165900 35 50
165900 50 86
165900 50 84
166200 9 62
166200 39 51
166500 5 11
166500 5 72
166500 9 62
166800 12 44
166800 17 56
167100 14 22
167100 14 39
167100 21 84
167100 30 90
167100 59 78
167400 7 25
167400 7 16
167400 30 66
167400 61 69
167700 12 58
167700 58 72
167700 59 78
167700 65 72
168000 7 78
168000 16 25
168000 27 60
168300 28 84
168600 7 58
168600 12 15
168600 15 33
168900 1 6
168900 1 59
168900 1 88
168900 7 81
168900 29 53
169200 22 64
169200 28 57
169200 37 58
169500 7 58
169500 7 25
169500 21 69
169500 25 58
169500 27 76
169500 28 66
169500 75 79
169500 76 78
169800 9 63
169800 9 28
169800 61 62
170100 39 58
170100 79 84
170100 79 88
170400 9 62
170700 11 23
170700 23 69
170700 45 58
171000 17 80
171000 21 84
171000 24 48
171000 35 75
171000 46 84
171300 5 37
171300 5 18
171300 14 77
171300 18 37
171300 64 77
171600 8 26
171600 14 44
171900 0 48
171900 9 73
171900 15 67
171900 52 75
172200 2 10
172200 2 6
172200 6 10
172500 9 73
172500 29 69
172500 29 53
172500 37 58
172500 50 74
172500 53 69
172800 15 60
172800 21 60
172800 85 90
173100 12 42
173400 23 30
173400 24 48
173700 7 76
174000 7 25
174000 22 64
174000 49 84
174000 50 84
174000 50 52
174000 52 84
174300 37 58
174300 44 51
174600 35 55
174600 50 74
174900 15 33
174900 23 61
175200 6 88
175200 18 37
175200 22 85
175200 23 69
175200 28 62
175500 25 88
175500 29 53
175500 38 51
175500 45 58
175500 51 72
175800 8 26
175800 22 71
175800 38 85
175800 38 90
175800 39 65
175800 58 85
175800 72 90
176100 28 69
176100 29 70
176100 44 51
176400 8 26
176400 50 74
176700 5 24
176700 5 65
176700 9 66
176700 9 13
176700 24 32
176700 57 60
177000 1 15
177000 29 63
177000 55 79
177000 56 87
177000 75 79
177300 29 53
177300 52 86
177600 8 26
177600 9 62
177600 9 28
177600 28 73
177600 28 62
177600 50 52
177600 50 86
177900 9 62
177900 29 53
177900 50 74
177900 58 72
178200 45 65
178200 50 86
178200 55 74
178500 9 62
178500 35 75
178800 16 76
178800 32 38
179100 9 28
179100 9 63
179100 9 69
179100 28 69
179100 28 70
179400 58 65
179400 76 84
179700 1 88
179700 5 51
179700 7 81
179700 7 88
179700 29 53
179700 39 51
179700 49 67
179700 55 86
180000 9 62
180000 27 88
180000 28 69
180000 29 53
180300 21 84
180600 23 29
180900 9 73
181200 4 86
181200 23 29
181200 29 53
181500 14 24
181500 14 58
181500 24 58
181800 22 85
181800 61 69
182100 14 58
182100 14 37
182100 22 91
182100 23 30
182100 38 80
182100 85 91
182400 0 14
182400 8 54
182400 8 32
182400 8 26
182400 22 91
182400 25 39
182400 39 51
182700 22 64
182700 45 85
182700 45 65
182700 65 85
183000 14 24
183300 14 44
183300 14 22
183600 29 53
183900 16 61
183900 23 53
183900 28 69
183900 30 53
184200 7 58
184200 24 48
184200 29 53
184200 49 52
184500 24 48
184500 29 53
184500 35 75
184800 23 69
184800 23 30
184800 29 53
184800 30 63
184800 30 53
185100 9 62
185100 16 84
185100 24 48
185400 21 69
185400 29 63
185700 7 78
185700 20 35
185700 29 73
185700 35 52
185700 56 87
185700 56 84
185700 63 70
185700 84 87
186000 18 37
186000 23 30
186000 38 91
186300 5 72
186300 9 62
186300 49 86
186600 15 33
186900 8 26
186900 9 62
186900 52 84
187200 17 18
187200 45 65
187500 37 84
187500 49 86
187500 50 74
187500 58 84
187800 0 24
187800 0 48
187800 9 62
187800 15 67
187800 23 30
188100 14 24
188100 18 47
188400 14 24
188400 22 77
188700 6 40
188700 9 62
188700 35 49
188700 55 74
189000 8 26
189000 29 53
189000 50 74
189000 53 69
189300 22 85
189300 76 78
189600 17 68
189600 36 50
189900 7 59
189900 8 90
189900 24 48
189900 79 86
190200 2 10
190200 2 6
190200 3 14
190200 6 10
190200 11 14
190200 14 34
190200 27 46
190200 44 51
190500 8 26
190500 49 74
190800 9 73
191100 28 53
191100 44 51
191400 14 65
191400 14 45
191400 22 64
191400 29 53
191400 39 58
191400 39 85
191400 46 89
191400 58 85
191400 58 65
191700 31 71
191700 44 51
191700 53 63
192000 29 53
192000 37 58
192300 22 38
192600 7 78
192600 9 69
192600 9 29
192600 29 63
192900 17 68
192900 29 53
192900 35 49
192900 57 60
193200 7 25
193200 9 66
193200 22 64
193500 9 73
193500 28 53
193500 50 74
193800 12 78
193800 58 65
193800 84 89
194100 4 52
194100 9 73
194100 9 69
194100 9 62
194100 29 53
194100 52 55
194100 55 79
194100 67 76
194400 5 18
194400 5 11
194400 62 73
194700 17 68
195000 58 65
195000 76 78
195000 76 81
195000 78 81
195300 23 53
195300 28 69
195300 35 52
195300 46 50
195300 50 86
195300 53 70
195600 3 45
195900 35 52
196200 44 51
196200 58 65
196500 21 59
196800 53 70
197100 22 64
197100 24 48
197100 77 82
197400 22 85
197700 9 62
198000 7 58
198000 24 35
198000 29 53
198000 49 52
198000 55 79
198300 2 15
198300 9 73
198300 20 40
198300 40 75
198300 44 70
198600 24 48
198600 26 71
198600 29 53
198600 35 75
198900 1 40
198900 1 6
198900 6 60
198900 27 84
198900 44 65
198900 58 65
199200 5 51
199200 5 35
199200 14 39
199200 17 51
199200 27 65
199200 27 72
199200 27 35
199200 27 75
199200 35 37
199200 35 45
199200 35 75
199200 45 58
199200 45 72
199200 51 68
199200 58 72
199500 28 70
199800 22 64
199800 24 48
200100 4 50
200100 4 52
200100 14 24
200100 21 69
200100 29 53
200400 4 48
200400 8 34
200400 8 90
200400 8 58
200400 11 24
200400 27 76
200400 27 81
200400 45 58
200700 17 18
201000 9 62
201000 9 66
201000 14 48
201000 24 32
201000 50 75
201000 59 76
201300 7 58
201300 29 53
201300 35 48
201300 55 79
201600 29 53
201600 37 58
201600 44 51
201600 67 76
201900 9 66
201900 9 62
201900 30 66
201900 50 74
201900 58 72
202200 31 71
202500 28 69
202500 30 53
202500 53 70
202800 5 18
202800 11 24
202800 79 84
203100 29 53
203100 37 77
203400 11 26
203400 35 75
203700 3 43
203700 29 53
204000 3 5
204000 29 63
204300 9 62
204300 22 32
204300 76 78
204600 19 59
204600 19 76
204600 21 61
204600 24 45
204600 25 47
204600 27 57
204600 28 69
204600 44 51
204600 53 66
204900 9 30
204900 9 28
204900 9 53
204900 17 18
204900 28 30
204900 28 73
204900 29 53
204900 44 51
204900 50 75
205200 5 37
205200 5 34
205200 7 27
205200 7 88
205200 27 88
205200 34 37
205500 0 14
205500 0 3
205500 3 14
205500 7 78
205800 23 69
206100 1 16
206100 2 15
206100 31 71
206100 33 40
206400 52 79
206700 14 24
206700 50 55
207000 1 88
207000 1 59
207000 22 32
207300 11 44
207300 44 53
207300 53 70
207600 1 33
207600 1 2
207600 1 6
207600 2 6
207600 6 84
207600 6 33
207600 10 84
207600 12 44
207600 33 44
207600 39 51
207600 51 58
207600 51 65
207600 56 84
207600 58 65
207600 67 84
207900 25 84
207900 64 77
207900 75 79
208200 7 76
208200 12 16
208200 14 37
208200 27 81
208200 35 75
208500 12 44
208800 12 58
208800 43 58
208800 44 45
208800 79 88
209100 53 70
209400 3 22
209400 11 24
209400 42 79
209400 52 79
209400 55 79
209700 21 76
210000 18 90
210000 23 30
210000 35 75
210000 46 84
210000 50 86
210000 50 60
210000 57 88
210000 62 73
210300 5 34
210300 5 37
210300 7 27
210300 23 30
210300 30 34
210600 9 30
210600 12 76
210600 21 56
210600 22 64
210600 38 45
210600 56 76
210900 14 50
210900 22 64
210900 30 66
210900 44 86
211200 11 48
211200 22 32
211200 58 65
211500 7 12
211500 38 69
211800 1 65
211800 8 39
211800 8 85
211800 9 62
211800 14 45
211800 29 63
211800 38 45
211800 41 86
211800 50 75
211800 53 70
211800 75 79
212100 5 18
212400 11 44
212400 11 30
212400 24 48
212700 22 64
212700 40 88
212700 44 51
212700 67 78
213000 7 58
213000 19 76
213000 21 69
213000 28 73
213000 59 76
213300 2 15
213300 9 73
213300 9 30
213300 29 63
213300 61 63
213600 24 58
213900 0 14
214200 11 24
214500 0 48
214500 8 90
214500 8 16
214500 29 53
214500 29 30
214500 62 73
214800 7 46
214800 17 34
214800 17 18
214800 17 46
214800 32 85
214800 32 38
214800 35 75
214800 64 77
215100 22 32
215400 22 64
215400 24 48
215400 77 82
215700 0 14
215700 7 16
215700 8 60
215700 15 67
216000 12 44
216000 58 65
216300 29 63
216600 1 16
216600 35 84
216600 35 52
216900 11 23
216900 17 18
216900 23 69
216900 35 74
216900 62 73
217200 15 60
217500 8 26
217500 28 70
217800 0 14
217800 18 45
217800 35 52
218100 8 37
218100 37 82
218100 37 58
218100 58 82
218400 1 33
218400 11 72
218400 14 37
218400 64 77
218700 34 86
219000 3 24
219000 14 45
219000 24 29
219000 24 53
219000 24 28
219000 29 53
219000 44 51
219300 5 22
219300 5 72
219300 5 37
219300 22 37
219300 22 72
219300 22 26
219300 26 37
219300 29 53
219300 37 72
219300 37 90
219600 14 32
219900 7 88
219900 9 62
219900 52 75
220200 5 85
220200 5 80
220200 21 84
220200 28 69
220500 21 84
220500 23 29
220500 51 65
220800 15 33
221100 14 58
221100 21 76
221400 2 10
221400 6 10
221400 6 12
221400 11 58
221400 16 53
221400 16 70
221400 39 65
221400 44 51
221400 51 58
221400 51 65
221400 53 70
221400 58 65
221400 67 84
221400 79 84
221400 84 86
221700 44 51
221700 88 89
222000 8 16
222000 28 69
222300 2 15
222300 7 16
222300 7 12
222300 12 16
222600 7 27
222900 51 54
222900 63 89
223200 35 75
223200 39 58
223200 65 84
223200 79 88
223500 11 23
223500 23 69
223500 53 63
223800 32 38
224100 29 53
224100 37 58
224400 7 58
224400 21 69
224400 36 50
224700 9 73
224700 28 84
224700 28 76
224700 76 84
225000 5 22
225000 23 61
225300 29 53
225600 4 49
225600 29 53
225600 57 88
225900 17 18
225900 29 63
226200 3 14
226200 19 24
226200 24 48
226200 53 70
226500 22 64
226500 35 79
226500 77 82
226800 14 24
226800 76 78
227100 1 40
227100 2 12
227100 7 40
227100 12 72
227100 58 72
227400 15 67
227400 30 66
227400 37 58
227400 37 77
227400 52 75
227400 62 73
227400 64 82
227400 65 82
227700 11 44
228000 24 48
228000 35 52
228000 39 45
228000 57 62
228300 63 70
228600 11 58
228600 27 64
228600 28 53
228600 53 70
228600 85 90
228900 1 7
228900 17 18
228900 55 79
228900 75 79
229200 9 62
229200 16 76
229200 17 68
229200 21 61
229200 24 37
229200 35 75
229200 42 75
229200 45 90
229200 55 79
229200 59 76
229500 32 85
229500 50 86
229800 5 85
229800 5 72
229800 55 86
229800 72 80
229800 80 85
230100 16 78
230100 28 73
230100 53 63
230100 70 73
230100 75 79
230400 14 48
230400 23 30
230400 24 48
230400 39 58
230400 45 58
230400 45 72
230400 58 72
230700 9 63
230700 9 73
230700 9 28
230700 9 69
230700 24 48
230700 28 70
230700 37 65
230700 53 70
230700 61 62
231000 17 18
231300 29 53
231300 50 74
231300 52 86
231600 50 86
231900 7 12
231900 29 53
231900 45 83
231900 50 74
232200 9 62
232200 77 82
232500 7 16
232500 29 53
232500 45 58
232800 11 57
232800 22 64
232800 29 30
232800 30 63
232800 47 58
232800 56 57
233100 29 53
233100 59 76
233400 3 80
233400 28 53
233400 49 55
233700 29 69
233700 66 69
234000 7 88
234000 22 64
234000 59 67
234000 61 66
234300 15 33
234300 22 85
234300 22 32
234300 28 66
234300 53 63
234300 58 72
234600 0 24
234600 5 24
234600 39 58
234600 79 88
234900 14 58
234900 21 61
235200 25 36
235200 53 63
235500 9 62
235500 38 58
235500 38 45
235500 59 78
235500 76 78
235800 8 58
235800 14 58
235800 19 27
235800 27 50
235800 27 84
235800 27 35
235800 27 52
235800 27 75
235800 35 75
235800 35 38
235800 45 58
235800 58 72
236100 14 71
236100 44 51
236100 50 86
236400 0 14
236400 9 62
236400 12 32
236400 17 51
236400 21 56
236400 24 45
236400 28 62
236400 56 60
236700 0 48
236700 8 90
236700 16 84
236700 29 53
237000 22 80
237000 28 69
237000 53 70
237300 28 70
237300 38 39
237600 3 18
237600 7 58
237600 15 33
237900 7 46
237900 17 18
237900 17 68
237900 45 58
238200 24 48
238200 57 76
238500 24 48
238500 46 84
238500 74 79
238800 28 69
238800 37 82
239100 8 26
239100 26 32
239100 38 90
239100 38 85
239100 58 90
239100 58 85
239100 85 90
239400 3 80
239700 8 26
239700 44 51
240000 29 53
240000 35 49
240000 37 84
240000 58 84
240300 7 12
240300 29 53
240600 8 26
240600 29 53
240600 36 79
240600 36 55
240600 55 79
240900 14 72
240900 14 34
240900 14 85
240900 24 48
240900 27 75
240900 27 35
240900 35 75
241200 0 14
241200 14 37
241200 17 18
241200 28 30
241200 64 77
241500 34 84
241500 35 75
241500 55 74
241500 67 84
241800 21 69
241800 58 85
242100 28 69
242100 65 91
242400 2 15
242400 2 33
242400 9 73
242400 9 62
242400 15 72
242400 29 63
242400 50 75
242400 58 86
242400 58 78
242400 58 59
242400 59 78
242400 72 86
242400 72 78
242400 72 75
242400 75 86
242700 9 62
242700 17 68
242700 18 68
243000 17 18
243000 22 32
243000 79 87
243000 84 87
243300 12 58
243300 39 58
243300 79 88
243600 6 40
243600 7 16
243900 15 33
243900 60 81
243900 76 88
244200 29 53
244200 37 58
244500 22 64
244500 24 48
244500 44 51
244500 77 82
244800 28 53
244800 44 51
245100 22 32
245100 53 70
245400 23 30
245400 29 53
245400 29 30
245400 35 52
245400 37 84
245400 43 45
245400 44 51
245700 29 53
245700 51 65
246000 8 82
246000 9 19
246000 9 62
246000 22 39
246000 22 64
246000 37 58
246000 38 44
246300 2 28
246300 2 39
246300 11 34
246300 28 38
246300 61 86
246300 77 86
246600 24 48
246600 37 58
246900 11 24
246900 24 48
247200 9 62
247200 29 53
247500 0 45
247500 3 5
247500 9 29
247500 9 30
247500 9 70
247500 9 28
247800 3 5
247800 9 29
247800 11 48
247800 11 24
247800 24 48
247800 57 88
247800 74 86
248100 12 77
248100 12 84
248100 26 32
248100 77 84
248400 1 84
248400 5 18
248400 15 88
248400 15 40
248400 15 84
248400 18 32
248400 22 32
248400 23 69
248400 28 30
248400 29 53
248400 59 88
248400 59 84
248400 62 75
248400 81 84
248400 84 88
248700 21 56
248700 24 48
249000 2 6
249000 5 51
249000 5 39
249000 6 10
249000 7 16
249000 9 62
249000 14 82
249300 1 12
249300 9 73
249300 9 62
249300 51 71
249600 7 16
249600 7 25
249600 16 25
249600 17 18
249600 30 66
249900 16 84
249900 28 69
249900 32 38
249900 35 50
249900 37 82
249900 37 77
249900 45 65
250200 7 84
250200 16 84
250200 25 84
250200 64 77
250500 7 76
250500 9 63
250800 7 16
250800 29 53
250800 49 52
251100 7 33
251100 58 72
251100 64 77
251400 4 86
251400 7 12
251400 9 28
251400 9 63
251400 37 58
251400 52 87
251700 0 24
251700 45 58
251700 50 86
251700 55 74
252000 29 53
252000 30 62
252000 49 52
252300 5 37
252300 5 13
252300 5 74
252300 9 62
252300 74 81
252600 9 73
252600 9 62
252600 50 74
252900 52 79
253200 24 44
253200 29 63
253500 28 43
253500 39 51
253800 28 84
253800 39 51
254100 7 76
254400 1 88
254400 9 62
254400 9 69
254400 9 66
254400 27 88
254400 28 69
254400 29 30
254400 30 66
254700 1 59
254700 6 88
254700 32 38
255000 11 24
255000 49 55
255300 35 75
255300 62 73
255600 9 73
255600 16 88
255600 21 69
255600 22 64
255600 53 70
255900 24 48
255900 28 69
256200 7 25
256200 19 79
256200 21 79
256200 21 61
256200 24 48
256200 24 45
256200 28 69
256200 61 66
256200 79 87
256500 29 53
256800 55 79
257100 9 73
257100 29 63
257400 11 44
257400 25 75
257700 2 88
257700 7 88
257700 40 88
257700 40 84
257700 84 88
258000 35 75
258000 76 84
258300 0 24
258300 32 91
258300 57 60
258600 11 23
258900 0 45
258900 29 53
258900 37 58
258900 37 47
259200 6 12
259200 6 26
259200 9 62
259200 9 26
259200 12 46
259200 14 24
259500 12 88
259500 22 85
259500 55 74
259800 21 56
259800 24 48
260100 26 32
260400 7 12
260400 23 29
260700 29 70
260700 29 69
260700 29 53
260700 53 63
260700 59 78
260700 85 91
261000 21 84
261000 24 48
261000 35 75
261000 55 79
261300 20 35
261300 39 45
261300 42 79
261600 29 53
261900 29 53
262200 3 5
262200 29 73
262200 50 86
262500 8 26
262500 9 28
262500 9 62
262500 22 64
262500 28 73
262800 24 45
262800 25 47
262800 27 57
262800 53 70
263100 1 7
263100 7 40
263100 33 59
263400 9 23
263400 9 62
263700 28 30
264000 0 24
264300 7 25
264300 9 72
264300 22 64
264300 35 52
264600 29 63
264900 17 18
264900 18 68
264900 24 48
264900 32 58
265200 1 7
265200 1 27
265200 7 27
265200 14 37
265200 29 53
265500 9 73
265500 24 28
265500 29 53
265800 9 51
265800 9 39
265800 39 51
266100 24 48
266100 26 31
266100 35 75
266100 37 91
266400 7 88
266700 11 16
266700 35 51
266700 35 84
266700 40 57
266700 44 51
266700 44 45
266700 45 51
266700 53 70
266700 56 88
266700 57 88
267000 4 50
267000 15 67
267000 28 69
267000 30 66
267000 44 51
267000 52 75
267000 55 86
267300 1 6
267300 1 33
267300 1 40
267300 1 10
267300 1 16
267300 2 10
267300 5 39
267300 6 40
267300 6 10
267300 10 40
267300 10 38
267300 10 16
267300 12 44
267300 12 77
267300 16 33
267300 24 48
267300 33 40
267300 38 45
267300 38 85
267300 45 85
267600 1 33
267600 1 7
267600 5 72
267600 24 45
267600 37 58
267600 58 65
267900 45 58
267900 45 72
267900 63 70
268200 15 27
268200 23 30
268200 29 71
268200 37 58
268500 29 53
268500 35 75
268500 42 50
268800 21 28
268800 29 53
268800 67 78
269100 14 48
269100 14 24
269100 24 48
269100 53 63
269400 4 36
269400 14 24
269400 27 56
269400 27 60
269400 28 53
269400 29 70
269400 29 53
269400 45 65
269400 65 72
269700 3 37
269700 8 26
269700 22 37
269700 23 30
269700 29 63
269700 37 90
270000 50 74
270300 12 78
270600 9 46
270600 55 84
270900 19 62
270900 21 56
270900 22 64
270900 77 82
271200 53 63
271500 17 84
271500 24 28
271500 29 53
271800 3 68
271800 9 62
271800 28 69
271800 37 77
271800 52 75
271800 62 73
272100 24 48
272100 24 45
272100 29 63
272100 29 70
272100 39 45
272100 42 50
272100 42 65
272100 45 72
272100 45 48
272400 9 29
272400 11 48
272400 27 81
272400 57 88
272700 14 47
272700 32 38
273000 9 62
273000 17 18
273000 50 86
273000 79 87
273300 8 26
273300 53 63
273600 1 27
273600 1 7
273600 6 27
273600 6 7
273600 27 33
273600 29 63
273600 37 58
273600 44 65
273900 0 24
273900 17 18
273900 79 87
273900 84 87
274200 9 73
274200 63 70
274500 9 62
274500 29 53
274800 5 11
274800 18 37
274800 29 53
275100 1 78
275100 3 5
275100 29 63
275400 9 62
275400 11 44
275700 3 18
275700 9 62
275700 18 65
275700 29 53
276000 0 24
276000 4 86
276000 9 63
276000 9 69
276000 24 48
276000 61 62
276300 6 40
276300 12 44
276300 18 68
276300 28 30
276300 64 77
276600 15 33
276600 23 30
276600 53 63
276900 0 48
276900 8 90
276900 29 53
277200 7 12
277200 33 84
277200 72 85
277200 79 88
277500 1 84
277500 5 18
277500 6 84
277500 7 84
277500 20 84
277500 28 30
277500 29 53
277500 32 38
277500 33 84
277500 67 84
277500 81 84
277500 84 88
277800 9 62
277800 9 19
277800 22 64
277800 24 48
277800 38 44
278100 8 39
278100 8 85
278100 9 62
278100 38 45
278400 24 58
278400 32 80
278400 67 76
