0 22 85
300 7 58
300 21 69
300 36 50
600 3 24
600 14 45
600 24 29
600 24 53
600 24 28
600 29 53
600 44 51
900 9 28
900 9 63
900 28 69
900 37 77
1200 7 76
1200 9 63
1500 8 50
1500 9 62
1500 38 58
1500 38 45
1500 50 75
1800 8 39
1800 8 85
1800 9 62
1800 38 45
2100 5 39
2100 35 87
2100 35 86
2100 35 52
2400 22 72
2400 28 69
2700 24 48
2700 52 75
2700 69 70
3000 2 10
3000 6 10
3000 6 12
3000 11 58
3000 16 53
3000 16 70
3000 39 65
3000 44 51
3000 51 58
3000 51 65
3000 53 70
3000 58 65
3000 67 84
3000 79 84
3000 84 86
3300 9 73
3300 11 23
3300 17 18
3300 22 85
3600 3 5
3600 29 63
3900 15 33
3900 60 81
3900 76 88
4200 11 44
4200 63 70
4500 11 23
4500 23 69
4500 53 63
4800 24 48
4800 42 43
4800 44 45
4800 48 49
4800 53 70
4800 79 88
5100 16 25
5100 52 87
5400 17 18
5400 35 75
5400 39 90
5700 28 43
5700 39 51
6000 5 18
6000 12 77
6000 12 44
6000 12 64
6000 24 48
6000 39 65
6000 44 65
6300 22 38
6600 7 46
6600 17 18
6600 17 68
6600 45 58
6900 1 78
6900 7 78
6900 21 76
6900 24 48
6900 77 82
7200 7 58
7200 9 73
7200 24 35
7200 29 53
7200 35 48
7200 42 55
7200 49 52
7500 27 73
7500 29 53
7500 37 84
7500 49 86
7500 49 50
7800 1 40
7800 2 12
7800 7 40
7800 12 72
7800 58 72
8100 9 62
8100 12 16
8100 35 75
8100 57 60
8100 57 88
8100 58 90
8400 5 11
8400 18 37
8400 29 53
8700 22 38
8700 25 28
8700 25 53
8700 28 53
8700 53 69
9000 5 39
9000 14 58
9000 40 88
9000 49 55
9300 16 46
9300 35 84
9300 44 51
9300 57 88
9600 2 15
9600 3 14
9600 7 50
9600 9 62
9600 9 73
9900 1 16
9900 8 26
10200 22 64
10200 35 79
10200 77 82
10500 21 69
10500 29 53
10500 75 79
10800 11 44
10800 19 28
10800 25 86
10800 35 75
10800 35 52
10800 45 65
10800 52 75
11100 8 26
11100 26 32
11100 38 90
11100 38 85
11100 58 90
11100 58 85
11100 85 90
11400 45 83
11400 55 79
11400 58 72
11400 58 85
11400 80 85
11700 7 16
11700 9 29
11700 22 32
11700 52 55
11700 55 74
12000 9 62
12000 17 18
12000 50 86
12000 79 87
12300 29 63
12300 50 86
12600 50 74
12600 53 69
12900 11 57
12900 22 64
12900 29 30
12900 30 63
12900 47 58
12900 56 57
13200 22 64
13500 55 79
13500 75 79
13800 14 85
13800 23 69
13800 23 31
13800 27 75
13800 31 69
14100 27 60
14100 29 63
14100 37 58
14100 50 75
14400 5 18
14400 5 11
14400 62 73
14700 15 60
14700 21 60
14700 85 90
15000 9 66
15000 16 59
15000 50 59
15000 59 76
15300 22 64
15300 45 85
15300 45 65
15300 65 85
15600 53 69
15600 61 69
15900 29 63
16200 15 33
16200 50 86
16200 60 81
16200 76 88
16500 21 69
16500 21 61
16500 61 69
16800 2 15
16800 9 73
16800 17 18
16800 35 75
17100 21 69
17100 29 63
17400 5 72
17400 5 37
17400 5 22
17400 18 72
17400 22 37
17400 22 72
17400 22 26
17400 26 72
17400 26 37
17400 26 71
17400 28 73
17400 37 72
17700 2 6
17700 5 51
17700 5 39
17700 6 10
17700 7 16
17700 9 62
17700 14 82
18000 9 62
18000 50 86
18300 17 18
18300 22 58
18300 22 32
18300 32 58
18600 5 84
18600 22 77
18600 24 48
18900 21 69
18900 29 63
19200 3 83
19200 50 74
19500 7 81
19500 14 45
19500 57 60
19800 7 25
19800 9 66
19800 22 64
20100 2 10
20100 2 40
20100 6 10
20100 21 88
20100 44 51
20100 57 88
20400 29 53
20400 37 58
20400 44 51
20400 67 76
20700 9 62
20700 29 73
20700 29 63
21000 5 72
21000 49 55
21000 49 86
21000 55 86
21300 1 84
21300 1 59
21300 6 84
21300 9 73
21300 20 84
21300 28 69
21300 67 84
21300 84 88
21600 11 44
21900 0 48
21900 9 69
21900 9 43
21900 9 73
21900 15 67
21900 23 69
21900 30 66
21900 44 51
21900 52 75
21900 62 73
21900 69 73
22200 7 50
22500 7 58
22500 24 48
22500 29 53
22500 49 52
22800 19 86
23100 12 44
23100 12 58
23100 12 77
23100 24 48
23100 58 65
23400 50 86
23400 52 84
23400 52 75
23400 59 76
23400 75 84
23700 0 24
23700 32 91
23700 57 60
24000 7 88
24000 9 62
24000 52 75
24300 3 58
24300 29 63
24300 37 58
24300 50 75
24600 6 12
24600 6 26
24600 9 62
24600 9 26
24600 12 46
24600 14 24
24900 0 48
24900 8 90
24900 9 80
24900 9 30
24900 15 67
24900 24 48
24900 30 53
24900 53 73
24900 53 62
25200 9 62
25200 9 66
25200 14 48
25200 24 32
25200 50 75
25200 59 76
25500 5 18
25500 11 24
25500 79 84
25800 22 64
25800 24 48
25800 77 82
26100 50 86
26400 24 48
26400 46 84
26400 79 86
26700 34 84
26700 35 75
26700 35 50
26700 37 84
26700 50 86
26700 75 86
27000 28 84
27000 35 75
27000 39 51
27000 55 75
27300 11 44
27600 23 30
27600 29 53
27600 52 86
27600 57 60
27600 74 86
27900 18 47
27900 18 37
27900 58 65
28200 21 84
28200 30 66
28200 55 86
28500 17 68
28500 17 34
28500 34 68
28500 35 75
28500 36 75
28500 75 86
28800 17 18
29100 29 53
29100 37 58
29100 50 86
29100 51 65
29400 44 51
29400 58 65
29700 5 85
29700 5 72
29700 55 86
29700 72 80
29700 80 85
30000 29 53
30300 2 28
30300 5 22
30300 23 61
30600 11 69
30600 11 23
30600 23 69
30600 53 63
30900 15 67
30900 30 66
30900 37 58
30900 37 77
30900 52 75
30900 62 73
30900 64 82
30900 65 82
31200 6 40
31200 9 62
31200 35 49
31200 55 74
31500 8 26
31500 29 53
31500 50 74
31500 53 69
31800 17 18
31800 29 61
31800 44 51
32100 35 75
32100 35 52
32100 52 75
32400 0 14
32400 41 79
32400 53 69
32400 77 82
32700 29 63
33000 21 76
33300 9 69
33300 9 66
33300 9 62
33300 12 57
33300 27 75
33300 50 74
33300 62 69
33300 80 85
33600 17 68
33600 28 69
33600 29 53
33600 37 82
33600 44 51
33900 62 73
34200 6 40
34200 12 44
34200 18 68
34200 28 30
34200 64 77
34500 35 75
34500 44 51
34800 28 70
35100 7 78
35100 16 25
35100 27 60
35400 28 69
35400 30 66
35400 52 75
35700 0 14
35700 53 70
35700 60 79
36000 9 62
36000 16 88
36000 23 53
36000 28 73
36000 29 73
36000 35 52
36000 53 73
36300 0 24
36300 9 66
36300 23 29
36600 17 18
36600 45 65
36900 0 24
36900 20 84
36900 35 52
36900 35 84
36900 55 79
36900 56 87
36900 56 84
37200 0 14
37200 9 62
37200 12 32
37200 17 51
37200 21 56
37200 24 45
37200 28 62
37200 56 60
37500 1 59
37500 29 53
37500 75 79
37800 7 88
38100 7 25
38100 9 72
38100 22 64
38100 35 52
38400 14 24
38400 18 47
38700 35 52
39000 11 23
39300 5 18
39300 35 50
39300 42 50
39300 50 86
39600 7 88
39600 22 64
39600 59 67
39600 61 66
39900 22 85
39900 61 69
40200 17 68
40200 18 34
40200 35 75
40200 35 36
40200 36 75
40500 9 73
40500 45 70
40500 52 84
40500 53 70
40800 9 62
40800 16 76
40800 17 68
40800 21 61
40800 24 37
40800 35 75
40800 42 75
40800 45 90
40800 55 79
40800 59 76
41100 26 52
41100 29 53
41400 1 65
41400 8 39
41400 8 85
41400 9 62
41400 14 45
41400 29 63
41400 38 45
41400 41 86
41400 50 75
41400 53 70
41400 75 79
41700 29 53
41700 29 63
42000 9 73
42300 9 23
42300 9 62
42600 2 33
42600 24 87
42600 58 62
42900 14 22
43200 7 88
43200 9 62
43200 29 53
43500 22 64
43500 27 57
43500 44 51
43500 77 82
43800 11 44
43800 25 75
44100 28 70
44400 25 84
44400 64 77
44400 75 79
44700 24 58
45000 11 24
45000 19 59
45000 19 76
45000 37 72
45000 59 76
45000 70 73
45300 9 62
45600 3 5
45600 29 73
45600 50 86
45900 8 30
45900 8 90
45900 9 73
45900 15 67
45900 52 75
45900 53 73
46200 17 18
46500 58 65
46800 7 86
47100 9 60
47100 15 33
47100 35 75
47400 0 14
47400 7 78
47400 9 62
47400 21 84
47400 21 56
47400 29 53
47400 52 87
47700 15 60
48000 7 78
48000 29 53
48300 9 73
48300 63 70
48600 3 11
48600 28 76
48600 57 76
48900 17 80
48900 21 84
48900 24 48
48900 35 75
48900 46 84
49200 2 10
49200 2 6
49200 6 10
49500 28 73
49500 62 73
49500 67 84
49500 67 76
49800 7 58
49800 12 15
49800 15 33
50100 4 79
50100 37 58
50100 75 79
50400 3 14
50400 19 24
50400 24 48
50400 53 70
50700 56 84
51000 17 18
51000 45 65
51000 49 52
51000 52 86
51300 14 58
51300 21 76
51600 9 62
51600 18 34
51600 21 66
51600 29 69
51600 45 83
51600 50 74
51600 55 79
51600 57 60
51900 1 12
51900 5 45
51900 9 73
51900 9 62
52200 4 86
52200 9 73
52200 9 62
52200 24 48
52500 9 63
52500 28 70
52500 28 53
52500 37 65
52500 53 70
52500 61 62
52800 0 14
52800 12 88
52800 31 51
52800 51 71
53100 50 84
53400 0 48
53400 4 50
53400 9 62
53400 9 73
53400 15 67
53400 52 75
53700 58 65
53700 76 84
54000 11 48
54000 12 49
54000 49 67
54000 58 65
54000 60 89
54300 0 24
54300 45 58
54300 50 86
54300 55 74
54600 22 38
54600 29 53
54600 29 30
54600 29 66
54600 30 53
54900 0 24
54900 4 86
54900 9 63
54900 9 69
54900 24 48
54900 61 62
55200 14 24
55200 50 55
55500 17 18
55800 9 29
55800 14 48
55800 53 66
56100 4 79
56100 9 29
56100 27 81
56400 4 50
56400 9 62
56400 23 30
56400 30 44
56400 35 52
56400 46 49
56400 49 86
56400 53 70
56700 9 62
56700 27 88
56700 28 69
56700 29 53
57000 45 65
57300 28 69
57300 46 60
57300 49 86
57300 49 55
57300 55 86
57600 35 75
57600 55 86
57900 35 52
57900 44 77
57900 56 84
58200 0 24
58500 30 66
58500 32 91
58500 34 72
58500 53 63
58800 4 86
58800 52 86
59100 1 6
59100 1 33
59100 1 40
59100 1 10
59100 1 16
59100 2 10
59100 5 39
59100 6 40
59100 6 10
59100 10 40
59100 10 38
59100 10 16
59100 12 44
59100 12 77
59100 16 33
59100 24 48
59100 33 40
59100 38 45
59100 38 85
59100 45 85
59400 7 58
59400 19 76
59400 21 69
59400 28 73
59400 59 76
59700 11 44
59700 24 48
60000 29 53
60000 35 75
60000 42 50
60300 21 69
60300 21 61
60300 24 45
60300 30 66
60300 69 73
60600 1 76
60600 27 76
60600 35 79
60600 44 51
60600 77 82
60900 9 62
60900 9 17
60900 24 48
60900 76 88
61200 15 33
61500 28 69
61500 29 70
61500 44 51
61800 21 61
61800 22 64
61800 57 88
62100 1 40
62100 1 6
62100 6 60
62100 27 84
62100 44 65
62100 58 65
62400 9 73
62400 9 62
62400 50 74
62700 29 53
63000 4 48
63000 8 34
63000 8 90
63000 8 58
63000 11 24
63000 27 76
63000 27 81
63000 45 58
63300 7 84
63300 35 86
63300 35 50
63300 37 80
63300 37 50
63300 38 86
63300 50 75
63300 50 80
63600 2 28
63600 2 39
63600 11 34
63600 28 38
63600 61 86
63600 77 86
63900 0 14
63900 16 59
63900 53 69
64200 3 72
64200 22 32
64200 52 79
64200 62 73
64200 79 86
64500 5 14
64500 29 70
64500 44 51
64800 3 14
64800 4 86
64800 7 12
64800 9 28
65100 36 50
65400 3 5
65400 9 62
65400 9 29
65400 11 24
65400 11 48
65400 18 37
65400 24 48
65700 9 62
65700 22 85
65700 29 53
65700 29 30
65700 50 86
66000 29 70
66300 1 16
66300 2 6
66300 2 10
66300 6 40
66300 6 27
66300 6 10
66300 10 16
66300 10 40
66300 12 77
66300 12 44
66300 16 33
66300 17 18
66300 24 48
66300 27 40
66300 27 46
66300 27 65
66300 27 57
66300 39 65
66300 46 56
66300 46 57
66600 29 53
66600 50 86
66900 24 48
66900 26 31
67200 0 48
67200 9 63
67200 32 71
67500 24 48
67800 17 34
67800 28 70
68100 22 80
68100 28 69
68100 53 70
68400 5 37
68400 5 34
68400 7 27
68400 7 88
68400 27 88
68400 34 37
68700 8 26
68700 9 62
68700 52 84
69000 35 75
69000 35 52
69300 9 62
69300 9 19
69300 22 64
69300 24 48
69300 38 44
69600 22 50
69900 9 73
69900 9 62
70200 21 27
70200 21 59
70200 34 45
70200 54 71
70500 9 63
70500 37 77
70800 6 40
71100 1 78
71100 9 19
71100 19 42
71100 19 50
71100 33 88
71100 58 72
71100 62 73
71400 5 85
71400 76 78
71700 34 84
71700 58 72
71700 80 85
72000 7 25
72000 19 79
72000 21 79
72000 21 61
72000 24 48
72000 24 45
72000 28 69
72000 61 66
72000 79 87
72300 11 44
72300 11 30
72300 24 48
72600 0 24
72600 0 48
72600 9 62
72600 15 67
72600 23 30
72900 0 14
72900 3 14
72900 8 90
72900 9 69
72900 16 84
72900 30 53
72900 65 82
73200 1 33
73200 1 7
73200 5 72
73200 24 45
73200 37 58
73200 58 65
73500 9 73
73500 24 28
73500 29 53
73800 8 82
73800 9 19
73800 9 62
73800 22 39
73800 22 64
73800 37 58
73800 38 44
74100 9 62
74100 17 68
74100 18 68
74400 15 33
74400 23 30
74400 53 63
74700 14 24
74700 21 69
74700 29 53
74700 85 91
75000 25 87
75300 24 28
75300 29 53
75600 5 22
75600 5 72
75600 5 37
75600 22 37
75600 22 72
75600 22 26
75600 26 37
75600 29 53
75600 37 72
75600 37 90
75900 8 26
75900 44 51
76200 22 64
76500 2 15
76500 23 30
76800 14 47
76800 45 72
77100 40 56
77400 28 70
77400 39 72
77400 72 90
77700 12 88
77700 22 85
77700 55 74
78000 37 84
78000 49 86
78000 50 74
78000 58 84
78300 2 15
78300 17 18
78300 35 75
78300 79 87
78600 35 55
78600 50 74
78900 3 14
78900 3 44
78900 9 73
78900 9 19
78900 9 62
78900 11 44
78900 19 73
78900 29 63
78900 62 73
78900 62 66
79200 52 79
79500 0 48
79500 4 50
79500 9 73
79500 9 62
79500 15 67
79500 52 75
79500 53 66
79800 1 84
79800 5 18
79800 6 84
79800 7 84
79800 20 84
79800 28 30
79800 29 53
79800 32 38
79800 33 84
79800 67 84
79800 81 84
79800 84 88
80100 3 5
80100 29 63
80100 29 73
80100 50 88
80400 39 58
80400 79 84
80400 79 88
80700 8 26
80700 9 62
80700 9 28
80700 28 73
80700 28 62
80700 50 52
80700 50 86
81000 44 51
81000 77 82
81300 19 62
81300 22 64
81300 77 82
81600 15 33
81900 0 45
81900 29 53
81900 37 58
81900 37 47
82200 53 70
82500 9 63
82800 9 73
83100 5 37
83100 35 75
83100 35 49
83100 46 57
83400 11 26
83400 35 75
83700 29 53
83700 69 70
84000 22 64
84000 28 57
84000 37 58
84300 7 78
84300 9 69
84300 9 29
84300 29 63
84600 9 66
84600 9 62
84600 9 73
84600 11 84
84600 62 73
84900 9 63
84900 9 73
85200 8 26
85200 14 44
85200 52 79
85500 7 27
85500 27 60
85500 27 57
85500 28 61
85500 29 53
85500 49 74
85500 57 60
85800 28 69
85800 46 89
86100 9 62
86100 9 19
86100 12 58
86100 14 37
86100 19 44
86100 21 61
86100 22 64
86100 29 53
86100 44 45
86100 44 58
86100 44 60
86100 53 63
86400 21 46
86400 21 26
86400 24 48
86400 26 31
86400 49 79
86400 75 79
86700 0 24
86700 4 84
86700 35 52
86700 55 79
87000 14 65
87000 14 45
87000 22 64
87000 29 53
87000 39 58
87000 39 85
87000 46 89
87000 58 85
87000 58 65
87300 29 53
87600 3 14
87600 21 84
87600 28 73
87600 29 70
87600 45 65
87900 23 49
87900 25 49
87900 28 69
87900 37 77
87900 52 75
87900 53 61
88200 1 7
88200 9 73
88200 9 62
88200 14 51
88200 23 29
88200 28 29
88200 29 53
88200 49 55
88500 7 12
88500 23 29
88800 17 18
88800 29 53
88800 36 79
89100 11 24
89100 49 55
89400 15 33
89400 22 85
89400 22 32
89400 28 66
89400 53 63
89400 58 72
89700 23 69
89700 23 30
89700 29 53
89700 30 63
89700 30 53
90000 29 53
90000 29 63
90000 45 65
90000 45 85
90000 58 65
90300 9 62
90600 35 75
90600 45 58
90900 0 24
90900 17 68
91200 8 58
91200 14 58
91200 19 27
91200 27 50
91200 27 84
91200 27 35
91200 27 52
91200 27 75
91200 35 75
91200 35 38
91200 45 58
91200 58 72
91500 7 21
91500 7 78
91500 17 68
91500 21 78
91500 29 53
91500 36 50
91800 28 69
91800 29 53
91800 44 51
92100 3 72
92100 22 38
92100 22 32
92400 9 62
92400 9 73
92400 17 18
92400 50 74
92400 53 69
92400 55 79
92700 8 37
92700 37 82
92700 37 58
92700 58 82
93000 0 65
93000 0 14
93000 22 64
93000 24 48
93000 44 51
93300 21 56
93300 22 64
93300 24 48
93300 35 79
93300 77 82
93600 21 84
93900 29 53
94200 9 62
94200 9 45
94200 12 57
94200 13 50
94200 14 85
94200 14 24
94200 27 75
94200 45 61
94200 45 83
94200 50 74
94500 8 16
94500 28 69
94800 9 63
94800 28 70
94800 35 75
95100 7 58
95100 15 33
95100 44 52
95400 1 27
95400 1 7
95400 6 27
95400 6 7
95400 27 33
95400 29 63
95400 37 58
95400 44 65
95700 7 25
95700 28 69
96000 5 22
96000 23 61
96300 8 26
96300 9 62
96300 9 73
96300 69 73
96600 0 48
96600 4 86
96600 9 63
96600 21 84
96600 52 87
96900 9 63
96900 9 28
97200 53 70
97500 4 52
97500 9 73
97500 9 69
97500 9 62
97500 29 53
97500 52 55
97500 55 79
97500 67 76
97800 7 76
97800 8 26
97800 15 33
97800 23 29
97800 29 53
97800 53 63
98100 9 62
98100 38 58
98100 38 45
98100 59 78
98100 76 78
98400 14 58
98400 21 40
98400 47 58
98700 0 14
98700 9 62
98700 29 53
98700 37 58
99000 7 84
99000 8 26
99000 21 84
99000 31 71
99300 14 37
99300 35 87
99300 35 52
99300 44 51
99600 9 30
99600 29 53
99600 30 62
99600 37 77
99600 49 52
99600 52 84
99900 2 15
99900 2 33
99900 9 73
99900 9 62
99900 15 72
99900 29 63
99900 50 75
99900 58 86
99900 58 78
99900 58 59
99900 59 78
99900 72 86
99900 72 78
99900 72 75
99900 75 86
100200 12 44
100200 17 56
100500 9 73
100500 29 53
100500 53 73
100800 1 88
100800 9 62
100800 9 69
100800 9 66
100800 27 88
100800 28 69
100800 29 30
100800 30 66
101100 8 26
101100 53 63
101400 45 65
101400 50 86
101400 55 74
101700 22 64
101700 35 79
101700 77 82
102000 0 14
102300 38 58
102300 59 78
102300 76 78
102600 14 58
102600 53 66
102900 1 7
102900 7 40
102900 33 59
103200 3 65
103200 9 73
103200 17 51
103200 51 68
103500 64 77
103800 7 84
103800 44 65
103800 58 65
104100 50 74
104400 7 16
104400 7 84
104400 7 25
104400 16 84
104400 16 25
104400 25 84
104400 50 84
104700 30 57
104700 51 90
104700 52 75
104700 56 59
104700 58 65
104700 59 78
105000 9 73
105000 28 53
105000 50 74
105300 14 32
105600 29 63
105900 17 18
105900 22 32
105900 79 87
105900 84 87
106200 22 64
106200 28 73
106500 15 33
106500 25 55
106500 56 60
106800 6 40
106800 9 30
106800 9 29
106800 28 29
106800 28 53
106800 29 53
107100 5 72
107100 5 37
107100 22 26
107100 22 37
107100 22 72
107100 26 37
107100 26 72
107100 29 53
107100 37 72
107100 53 63
107400 0 48
107400 8 90
107400 29 53
107700 30 53
107700 58 72
108000 6 40
108000 7 16
108300 8 26
108300 53 63
108600 8 26
108600 29 53
108600 36 79
108600 36 55
108600 55 79
108900 9 51
108900 9 39
108900 39 51
109200 7 27
109500 8 26
109500 28 70
109800 8 79
109800 14 24
109800 21 69
109800 29 53
109800 45 58
110100 28 53
110100 44 51
110400 14 24
110400 29 63
110400 35 75
110400 59 76
110700 29 53
111000 11 23
111000 17 18
111000 23 69
111000 35 74
111000 62 73
111300 7 16
111300 7 25
111300 16 25
111600 1 88
111600 9 73
111600 23 30
111600 29 63
111600 37 77
111600 62 73
111900 7 56
111900 9 62
112200 21 56
112200 36 50
112500 6 40
112500 9 73
112500 9 61
112500 50 86
112800 24 48
112800 31 32
113100 2 10
113100 2 6
113100 3 14
113100 6 10
113100 11 14
113100 14 34
113100 27 46
113100 44 51
113400 5 24
113400 5 65
113400 9 66
113400 9 13
113400 24 32
113400 57 60
113700 29 53
114000 0 24
114000 50 86
114000 56 84
114300 1 6
114300 1 59
114300 1 88
114300 7 81
114300 29 53
114600 7 58
114600 7 25
114600 21 69
114600 25 58
114600 27 76
114600 28 66
114600 75 79
114600 76 78
114900 15 33
114900 22 85
114900 28 66
114900 44 51
114900 53 63
115200 4 74
115200 24 48
115200 35 75
115500 55 79
115800 21 56
115800 24 48
116100 9 63
116100 9 73
116100 9 28
116100 9 69
116100 24 48
116100 28 70
116100 37 65
116100 53 70
116100 61 62
116400 44 51
116400 88 89
116700 21 69
116700 58 85
117000 28 29
117000 29 53
117000 35 52
117300 7 25
117300 16 25
117300 30 66
117300 50 86
117600 28 69
117600 37 82
117900 22 77
117900 22 64
118200 5 37
118200 5 13
118200 5 74
118200 9 62
118200 74 81
118500 9 73
118500 9 62
118500 17 18
118500 50 74
118500 53 69
118800 16 78
118800 28 73
118800 53 63
118800 70 73
118800 75 79
119100 8 26
119100 22 71
119100 38 85
119100 38 90
119100 39 65
119100 58 85
119100 72 90
119400 3 24
119400 15 33
119400 28 29
119400 44 51
119400 53 63
119700 24 48
119700 46 84
119700 74 79
120000 7 12
120000 33 84
120000 72 85
120000 79 88
120300 22 64
120300 35 52
120300 44 51
120300 46 89
120600 28 70
120900 9 62
120900 29 53
121200 28 53
121200 44 51
121500 8 26
121500 50 74
121800 21 28
121800 29 53
121800 67 78
122100 21 46
122100 24 48
122100 26 31
122100 75 79
122400 8 26
122400 26 80
122400 31 58
122400 39 85
122400 80 91
122700 37 58
122700 50 86
123000 4 87
123000 9 62
123000 22 85
123000 29 53
123000 36 50
123000 84 89
123300 5 75
123600 4 41
123600 27 57
123600 28 69
123900 34 84
123900 35 75
123900 55 74
123900 67 84
124200 12 59
124200 20 84
124200 37 58
124200 59 76
124500 17 18
124800 24 59
124800 29 53
124800 45 90
124800 53 63
125100 9 73
125100 29 69
125100 29 53
125100 37 58
125100 50 74
125100 53 69
125400 5 18
125400 7 88
125400 16 88
125400 28 73
125400 29 53
125400 39 51
125400 49 86
125400 49 55
125400 55 86
125700 7 16
125700 7 58
126000 0 14
126000 0 3
126000 3 14
126000 7 78
126300 6 40
126300 15 33
126300 38 45
126300 44 52
126600 29 53
126600 37 58
126900 3 45
127200 11 44
127200 24 63
127200 37 82
127200 86 91
127500 3 43
127500 29 53
127800 28 70
128100 29 70
128100 29 69
128100 29 53
128100 53 63
128100 59 78
128100 85 91
128400 28 53
128700 12 78
129000 28 84
129300 0 14
129300 14 37
129300 17 18
129300 37 82
129600 28 84
129600 39 51
129900 7 78
129900 7 59
129900 20 52
129900 20 35
129900 25 35
129900 28 40
129900 28 73
129900 35 52
129900 35 84
129900 35 87
129900 40 84
129900 42 79
129900 52 84
129900 56 87
129900 56 84
130200 0 24
130200 19 42
130200 19 50
130200 20 35
130200 22 32
130200 55 79
130200 84 87
130500 52 79
130800 9 73
130800 50 86
131100 14 37
131100 37 58
131100 44 51
131400 23 29
131400 55 74
131700 3 14
131700 14 37
131700 16 84
131700 50 75
132000 9 28
132000 12 84
132000 55 87
132300 11 58
132300 27 64
132300 28 53
132300 53 70
132300 85 90
132600 9 62
132600 18 90
132600 23 30
132600 50 60
132600 50 57
132600 57 88
132900 19 59
132900 19 76
132900 21 61
132900 24 45
132900 25 47
132900 27 57
132900 28 69
132900 44 51
132900 53 66
133200 29 53
133200 39 51
133200 53 63
133200 53 69
133200 66 69
133500 9 62
133800 14 24
134100 22 85
134100 76 78
134400 29 53
134400 37 58
134700 23 53
134700 28 69
134700 35 52
134700 46 50
134700 50 86
134700 53 70
135000 25 36
135000 53 63
135300 9 73
135300 14 24
135300 59 76
135600 18 22
135600 22 85
135600 28 66
135600 80 85
135900 18 37
135900 53 70
136200 5 74
136200 5 37
136200 9 62
136200 9 73
136200 24 48
136200 24 77
136200 24 74
136500 24 69
136500 28 69
136800 5 51
136800 5 35
136800 14 39
136800 17 51
136800 27 65
136800 27 72
136800 27 35
136800 27 75
136800 35 37
136800 35 45
136800 35 75
136800 45 58
136800 45 72
136800 51 68
136800 58 72
137100 9 53
137100 29 53
137100 37 58
137100 50 86
137100 53 73
137400 29 53
137400 57 88
137700 14 48
137700 14 24
137700 24 48
137700 53 63
138000 1 88
138000 1 59
138000 22 32
138300 3 80
138600 16 76
138600 32 38
138900 32 85
138900 50 86
139200 1 76
139200 37 58
139500 3 22
139500 28 66
139500 28 69
139800 29 63
140100 9 73
140100 28 84
140100 28 76
140100 76 84
140400 51 54
140400 63 89
140700 53 66
141000 37 58
141000 44 51
141300 2 15
141300 9 73
141300 9 30
141300 29 63
141300 61 63
141600 5 14
141600 9 62
141600 37 58
141600 44 45
141900 20 35
141900 39 45
141900 42 79
142200 34 86
142500 29 70
142500 44 72
142500 53 70
142800 1 59
142800 6 88
142800 32 38
143100 7 58
143100 29 53
143100 35 48
143100 55 79
143400 49 74
143700 5 18
143700 7 88
143700 8 26
143700 53 63
144000 17 18
144000 21 56
144000 21 59
144000 24 48
144000 32 58
144300 3 37
144300 8 26
144300 22 37
144300 23 30
144300 29 63
144300 37 90
144600 21 84
144600 22 85
144900 29 63
144900 50 86
145200 27 60
145200 29 63
145500 17 68
145500 42 50
145800 3 85
145800 50 86
146100 1 16
146100 35 84
146100 35 52
146400 29 53
146700 11 24
146700 23 30
146700 50 86
146700 84 88
147000 52 79
147300 0 45
147300 3 5
147300 9 29
147300 9 30
147300 9 70
147300 9 28
147600 4 55
147900 5 37
147900 5 18
147900 14 77
147900 18 37
147900 64 77
148200 58 59
148200 59 76
148200 59 78
148200 60 81
148200 76 88
148500 0 45
148500 7 78
148500 7 21
148500 14 24
148800 14 18
148800 25 58
148800 29 53
148800 35 75
148800 50 75
148800 53 63
148800 56 60
149100 7 76
149400 35 75
149400 76 84
149700 24 58
149700 28 84
149700 28 62
150000 0 65
150000 14 65
150000 39 45
150300 24 45
150300 29 53
150300 37 58
150300 44 51
150600 14 71
150600 44 51
150600 50 86
150900 17 68
150900 45 58
150900 63 70
150900 64 77
151200 9 73
151200 35 50
151200 50 86
151200 50 84
151500 17 68
151800 5 72
151800 29 69
151800 29 53
151800 50 74
151800 53 69
151800 55 79
152100 35 75
152100 62 73
152400 9 30
152400 12 76
152400 21 56
152400 22 64
152400 38 45
152400 56 76
152700 3 22
152700 11 24
152700 42 79
152700 52 79
152700 55 79
153000 9 66
153000 9 62
153000 30 66
153000 50 74
153000 58 72
153300 5 21
153300 21 84
153600 52 79
153900 52 79
154200 25 86
154200 30 53
154200 53 77
154500 29 53
154800 28 29
154800 49 86
155100 7 25
155100 7 16
155100 30 66
155100 61 69
155400 19 73
155400 52 75
155700 19 50
155700 19 75
155700 27 60
155700 35 50
155700 35 75
155700 50 75
156000 8 26
156000 14 44
156300 9 62
156300 36 55
156300 36 79
156300 55 79
156600 7 16
156600 7 25
156600 16 25
156600 17 18
156600 30 66
156900 32 80
156900 50 74
157200 14 24
157200 22 77
157500 0 48
157500 8 90
157500 16 84
157500 29 53
157800 14 47
157800 32 38
158100 9 28
158100 15 60
158100 16 76
158100 28 62
158100 35 50
158100 38 90
158100 39 65
158100 50 75
158100 85 90
158400 9 62
158400 53 63
158700 29 53
159000 32 38
159300 4 52
159300 8 26
159300 28 29
159300 29 70
159300 37 77
159300 38 39
159600 0 48
159600 9 73
159600 15 67
159600 52 75
159900 69 70
160200 7 25
160200 22 64
160200 49 84
160200 50 84
160200 50 52
160200 52 84
160500 8 26
160500 44 51
160800 11 38
160800 23 30
160800 29 53
160800 62 73
160800 84 88
161100 3 68
161100 29 63
161400 3 44
161400 5 72
161400 7 58
161400 9 23
161700 15 33
162000 9 73
162300 12 44
162300 12 72
162300 12 58
162300 17 34
162300 35 50
162300 43 58
162300 44 58
162300 44 56
162300 50 75
162300 53 70
162300 56 58
162300 56 65
162600 7 12
162600 22 91
162600 24 32
162600 33 84
162600 79 88
162600 85 91
162900 53 63
163200 3 5
163200 3 22
163200 5 18
163200 11 24
163200 18 22
163200 22 64
163200 55 79
163500 13 88
163500 21 88
163500 29 53
163500 29 69
163500 45 83
163500 50 74
163500 55 79
163800 5 14
164100 17 68
164100 29 53
164100 35 49
164100 57 60
164400 7 12
164400 22 32
164700 9 29
164700 11 48
164700 27 81
164700 57 88
165000 24 48
165000 35 52
165000 39 45
165000 57 62
165300 0 45
165300 4 86
165300 29 91
165300 29 53
165300 53 63
165600 9 62
165600 29 53
165900 14 58
165900 25 79
166200 3 19
166200 3 14
166200 9 14
166200 19 42
166200 29 63
166500 12 78
166500 58 65
166500 84 89
166800 5 18
166800 29 90
166800 44 51
166800 45 64
166800 81 88
167100 23 29
167100 29 63
167100 31 71
167100 52 79
167400 12 43
167700 3 37
167700 9 30
167700 32 88
168000 5 11
168000 8 85
168000 9 62
168000 12 29
168000 22 51
168000 29 53
168000 38 45
168000 40 41
168000 50 75
168000 61 90
168300 12 44
168300 58 65
168600 8 26
168600 23 30
168600 23 53
168600 29 53
168600 30 53
168600 39 58
168900 21 59
169200 29 63
169500 29 53
169800 5 18
169800 12 77
169800 12 64
169800 24 48
169800 64 77
170100 5 85
170100 5 80
170100 21 84
170100 28 69
170400 24 44
170400 29 63
170700 12 64
170700 12 45
170700 12 58
170700 17 18
170700 18 68
170700 34 58
170700 64 77
171000 49 55
171300 5 72
171300 9 62
171300 49 86
171600 12 56
171600 56 58
171900 9 62
171900 77 82
172200 0 14
172200 7 16
172200 8 90
172200 8 60
172200 9 69
172200 17 68
172200 17 18
172500 1 84
172500 5 18
172500 15 88
172500 15 40
172500 15 84
172500 18 32
172500 22 32
172500 23 69
172500 28 30
172500 29 53
172500 59 88
172500 59 84
172500 62 75
172500 81 84
172500 84 88
172800 1 33
172800 11 72
172800 14 37
172800 64 77
173100 19 62
173100 21 56
173100 22 64
173100 77 82
173400 5 11
173400 14 48
173400 28 73
173400 29 53
173400 39 51
173400 61 71
173400 70 73
173700 53 62
173700 76 78
174000 25 87
174300 2 71
174300 14 58
174300 14 39
174300 14 24
174300 37 82
174300 39 58
174300 53 70
174300 58 82
174600 7 76
174900 9 73
174900 29 63
175200 4 49
175200 29 53
175200 57 88
175500 22 64
175500 24 48
175800 24 48
175800 29 53
175800 35 75
176100 7 59
176100 8 90
176100 24 48
176100 79 86
176400 29 53
176400 35 49
176400 37 84
176400 58 84
176700 12 58
176700 58 72
176700 59 78
176700 65 72
177000 0 14
177300 28 29
177300 29 70
177600 9 62
177600 14 24
177600 19 58
177600 21 69
177600 25 79
177600 39 51
177600 51 65
177600 58 72
177600 65 72
177600 66 70
177900 9 23
177900 9 73
177900 14 24
178200 7 78
178200 8 26
178200 14 24
178200 14 64
178200 17 68
178200 29 53
178500 21 56
178500 24 48
178800 24 48
178800 26 31
178800 35 75
178800 37 91
179100 9 62
179100 23 53
179100 23 73
179100 28 53
179100 28 73
179100 29 53
179100 39 51
179400 7 27
179400 7 57
179400 27 77
179400 27 58
179400 58 77
179700 14 24
180000 9 62
180000 9 53
180000 12 58
180000 12 44
180000 12 77
180000 39 65
180000 39 58
180000 44 65
180000 53 70
180000 58 65
180300 15 33
180600 67 84
180900 7 58
181200 11 23
181200 21 30
181200 23 69
181200 37 58
181200 74 86
181500 9 46
181500 55 84
181800 9 62
181800 39 51
182100 23 30
182100 29 53
182100 29 30
182100 35 52
182100 37 84
182100 43 45
182100 44 51
182400 5 39
182400 8 84
182400 9 31
182400 24 48
182400 29 53
182400 46 84
182700 5 18
183000 7 84
183000 16 84
183000 25 84
183000 64 77
183300 24 48
183300 52 84
183300 53 63
183600 7 25
183600 35 84
183600 52 84
183900 7 58
183900 21 84
183900 24 45
183900 56 60
184200 8 85
184200 8 37
184200 9 62
184200 21 61
184200 59 76
184500 2 15
184500 7 16
184500 7 12
184500 12 16
184800 59 76
185100 14 24
185100 28 84
185100 39 51
185400 28 69
185400 29 53
185400 37 82
185400 44 51
185700 0 48
185700 9 77
185700 9 62
185700 28 73
185700 44 51
186000 4 86
186000 23 29
186000 29 53
186300 23 30
186300 45 72
186300 45 65
186300 49 74
186300 50 86
186300 52 84
186300 65 72
186600 8 26
186600 49 74
186900 42 43
186900 42 72
186900 42 58
186900 58 72
187200 9 29
187200 29 62
187200 29 63
187200 62 73
187200 63 66
187500 11 24
187500 24 48
187800 28 69
187800 65 91
188100 9 73
188100 16 88
188100 21 69
188100 22 64
188100 53 70
188400 1 78
188400 3 5
188400 29 63
188700 1 2
188700 2 10
188700 5 39
188700 6 10
188700 21 56
188700 45 58
189000 29 53
189000 59 76
189300 29 63
189600 22 64
189600 40 88
189600 44 51
189600 67 78
189900 0 14
189900 18 45
189900 35 52
190200 9 19
190200 9 62
190200 9 73
190200 19 73
190200 45 65
190200 62 73
190500 23 30
190500 24 48
190800 7 12
190800 29 53
191100 62 73
191100 71 83
191400 12 77
191400 12 84
191400 26 32
191400 77 84
191700 79 86
192000 29 53
192300 35 52
192600 28 69
192900 24 58
192900 32 80
192900 67 76
193200 67 84
193500 11 23
193500 23 69
193500 45 58
193800 14 58
193800 21 61
194100 29 53
194400 12 44
194700 3 85
194700 22 85
195000 25 49
195000 55 79
195300 15 33
195600 9 62
195600 29 69
195600 50 74
195600 53 69
195600 55 79
195900 31 71
195900 44 51
195900 53 63
196200 29 70
196500 7 76
196500 12 16
196500 14 37
196500 27 81
196500 35 75
196800 5 14
196800 6 88
196800 14 24
196800 28 30
197100 7 88
197100 17 51
197100 29 53
197100 29 63
197100 39 51
197400 3 8
197400 14 85
197400 19 79
197400 24 48
197400 45 65
197700 24 48
198000 37 58
198000 44 52
198300 28 69
198600 17 18
198600 32 38
198900 17 18
198900 29 63
199200 1 16
199200 7 88
199200 9 62
199200 35 79
199200 35 52
199200 35 36
199200 36 79
199200 76 88
199500 1 59
199500 1 88
199500 1 84
199500 11 24
199500 12 88
199500 15 88
199500 23 69
199500 24 55
199800 29 53
199800 53 70
199800 59 76
200100 5 34
200100 29 63
200400 35 75
200400 50 86
200700 35 75
200700 39 58
200700 65 84
200700 79 88
201000 2 60
201000 28 53
201000 39 58
201000 58 65
201300 4 86
201300 7 12
201300 9 28
201300 9 63
201300 37 58
201300 52 87
201600 29 53
201600 52 87
201900 9 30
201900 9 28
201900 9 53
201900 17 18
201900 28 30
201900 28 73
201900 29 53
201900 44 51
201900 50 75
202200 29 69
202200 66 69
202500 9 62
202800 20 31
202800 24 31
202800 24 48
202800 31 48
202800 71 83
203100 1 16
203100 1 59
203100 15 16
203100 16 59
203100 49 55
203100 55 79
203400 50 86
203700 15 33
203700 23 61
204000 9 62
204000 22 32
204000 76 78
204300 0 24
204300 0 14
204300 14 24
204300 14 48
204300 22 77
204300 24 48
204300 45 48
204600 21 84
204600 23 29
204600 51 65
204900 0 14
204900 5 22
204900 5 37
204900 16 45
204900 22 37
204900 22 26
204900 22 34
204900 26 37
204900 26 72
204900 34 37
204900 37 72
204900 40 84
204900 40 78
204900 60 81
204900 60 88
204900 81 88
205200 14 72
205200 28 53
205500 28 70
205500 38 39
205800 9 62
205800 29 53
205800 37 58
205800 50 74
205800 57 88
206100 35 75
206100 45 65
206100 56 86
206100 56 84
206100 84 86
206400 11 24
206400 11 51
206400 17 68
206400 22 64
206400 27 51
206400 27 68
206700 9 73
206700 49 73
206700 50 86
206700 57 60
207000 11 24
207300 2 15
207300 5 11
207300 14 19
207300 17 18
207300 19 79
207300 42 79
207600 26 32
207600 57 60
207900 3 5
207900 9 29
207900 11 48
207900 11 24
207900 24 48
207900 57 88
207900 74 86
208200 0 48
208200 9 62
208200 15 67
208200 16 59
208200 24 48
208200 28 30
208200 28 69
208200 44 51
208200 52 75
208200 62 73
208500 44 86
208500 58 65
208800 17 34
209100 14 37
209100 17 68
209400 3 68
209400 9 62
209400 28 69
209400 37 77
209400 52 75
209400 62 73
209700 0 24
209700 5 24
209700 39 58
209700 79 88
210000 28 62
210000 29 53
210000 45 85
210000 45 65
210300 29 53
210600 24 48
210600 57 76
210900 14 72
210900 14 34
210900 14 85
210900 24 48
210900 27 75
210900 27 35
210900 35 75
211200 20 40
211200 29 53
211500 12 58
211500 43 58
211500 44 45
211500 79 88
211800 0 14
211800 8 54
211800 8 32
211800 8 26
211800 22 91
211800 25 39
211800 39 51
212100 9 63
212100 9 28
212100 61 62
212400 6 40
212400 24 45
212400 49 86
212400 57 60
212700 0 51
212700 17 18
212700 26 65
212700 29 53
212700 45 72
213000 22 85
213000 29 53
213000 32 38
213300 18 37
213300 29 53
213300 35 55
213300 39 72
213300 80 85
213600 2 88
213600 7 88
213600 40 88
213600 40 84
213600 84 88
213900 28 62
213900 28 29
213900 29 53
214200 21 69
214200 24 45
214500 2 84
214500 3 68
214500 9 62
214500 9 30
214500 24 48
214500 52 75
214500 62 73
214800 29 53
215100 7 12
215100 29 53
215100 45 83
215100 50 74
215400 12 42
215700 24 48
215700 26 71
215700 29 53
215700 35 75
216000 11 86
216000 12 86
216000 76 78
216300 22 64
216300 42 52
216600 4 50
216600 4 52
216600 14 24
216600 21 69
216600 29 53
216900 8 26
216900 22 91
216900 24 48
216900 29 91
216900 39 58
216900 42 43
217200 37 58
217200 53 66
217200 53 61
217200 53 70
217200 62 73
217500 28 84
217500 39 51
217800 24 48
217800 66 69
218100 24 45
218100 25 47
218100 27 57
218100 53 70
218400 25 88
218400 29 53
218400 38 51
218400 45 58
218400 51 72
218700 29 53
219000 12 59
219000 50 86
219000 75 84
219300 7 46
219300 17 34
219300 17 18
219300 17 46
219300 32 85
219300 32 38
219300 35 75
219300 64 77
219600 31 71
219900 0 24
219900 21 42
219900 22 38
219900 24 45
219900 25 28
219900 27 57
219900 67 76
220200 44 51
220200 57 62
220500 55 79
220800 20 35
220800 29 61
220800 39 45
220800 42 79
220800 52 84
220800 56 84
220800 84 87
221100 4 50
221100 15 67
221100 28 69
221100 30 66
221100 44 51
221100 52 75
221100 55 86
221400 9 62
221400 11 44
221700 14 58
221700 14 37
221700 22 91
221700 23 30
221700 38 80
221700 85 91
222000 3 72
222000 3 83
222000 14 44
222000 44 51
222300 24 48
222300 24 45
222300 29 63
222300 29 70
222300 39 45
222300 42 50
222300 42 65
222300 45 72
222300 45 48
222600 23 29
222900 12 60
222900 19 75
222900 35 75
222900 35 50
222900 50 75
222900 50 52
222900 52 75
223200 42 86
223200 55 86
223500 11 77
223500 12 27
223500 17 34
223500 22 48
223500 27 81
223500 27 48
223500 27 77
223500 48 64
223500 64 77
223800 11 84
223800 12 84
223800 16 33
223800 29 53
223800 42 43
223800 49 84
223800 49 58
223800 49 64
223800 58 84
223800 64 77
223800 79 88
224100 26 32
224400 1 7
224400 1 27
224400 7 27
224400 14 37
224400 29 53
224700 7 78
224700 28 69
224700 28 66
224700 42 51
224700 46 60
225000 28 69
225300 40 88
225300 55 74
225600 8 26
225900 17 68
225900 28 45
225900 44 45
226200 14 39
226200 14 58
226500 14 48
226500 23 30
226500 24 48
226500 39 58
226500 45 58
226500 45 72
226500 58 72
226800 35 75
227100 24 48
227100 31 91
227100 66 69
227400 22 32
227700 3 18
227700 9 62
227700 18 65
227700 29 53
228000 14 58
228000 21 61
228300 9 62
228300 16 84
228300 24 48
228600 0 24
228600 17 18
228600 79 87
228600 84 87
228900 8 26
228900 42 59
228900 53 63
229200 24 31
229200 31 48
229200 81 88
229500 49 55
229500 50 86
229800 5 24
229800 7 16
229800 8 26
229800 14 90
229800 18 37
230100 39 72
230400 12 58
230400 39 58
230400 79 88
230700 29 63
231000 12 16
231000 27 81
231000 39 57
231000 50 86
231300 0 24
231600 1 15
231600 29 63
231600 55 79
231600 56 87
231600 75 79
231900 29 53
231900 37 58
232200 1 16
232200 2 15
232200 31 71
232200 33 40
232500 11 16
232500 35 51
232500 35 84
232500 40 57
232500 44 51
232500 44 45
232500 45 51
232500 53 70
232500 56 88
232500 57 88
232800 7 78
232800 20 35
232800 29 73
232800 35 52
232800 56 87
232800 56 84
232800 63 70
232800 84 87
233100 58 65
233100 76 78
233100 76 81
233100 78 81
233400 11 48
233400 49 84
233400 50 74
233400 75 88
233400 79 88
233700 19 73
233700 29 63
233700 56 84
234000 2 28
234000 5 22
234000 22 85
234300 7 12
234300 38 69
234600 3 14
234600 7 88
234600 9 63
234600 9 28
234900 5 37
234900 24 48
234900 24 31
234900 31 48
235200 9 62
235200 24 31
235200 24 48
235200 31 48
235500 16 61
235500 23 53
235500 28 69
235500 30 53
235800 17 18
235800 18 68
235800 24 48
235800 32 58
236100 9 66
236100 14 24
236100 24 58
236100 28 84
236400 0 14
236400 7 16
236400 8 60
236400 15 67
236700 24 45
236700 55 79
236700 69 73
237000 17 84
237000 24 28
237000 29 53
237300 45 72
237600 15 33
237600 49 50
237900 37 58
238200 29 53
238500 29 53
238500 37 58
238500 62 69
238800 8 26
238800 42 43
238800 53 63
239100 28 30
239400 8 26
239400 9 28
239400 9 62
239400 22 64
239400 28 73
239700 29 53
239700 37 77
240000 0 24
240000 42 79
240000 42 44
240000 56 84
240300 2 88
240300 7 58
240600 49 84
240900 8 26
240900 9 62
240900 21 84
241200 3 18
241200 7 58
241200 15 33
241500 1 78
241500 29 70
241500 45 65
241800 22 64
241800 24 48
241800 44 51
241800 77 82
242100 12 88
242100 17 18
242100 55 74
242400 17 18
242400 22 32
242400 79 87
242700 9 28
242700 9 69
242700 9 63
242700 17 68
242700 28 73
242700 28 70
242700 28 30
242700 28 69
242700 30 62
242700 35 75
242700 53 62
242700 53 70
242700 61 62
243000 9 73
243000 29 63
243300 7 58
243300 24 35
243300 29 53
243300 49 52
243300 55 79
243600 14 44
243600 14 22
243900 3 51
243900 3 23
243900 23 49
243900 28 69
243900 42 51
243900 52 75
243900 80 90
244200 42 84
244200 52 84
244200 53 63
244500 11 23
244800 16 84
244800 28 73
244800 44 51
245100 7 16
245100 29 53
245100 49 52
245400 5 54
245400 7 59
245400 9 62
245400 62 69
245700 8 83
245700 29 53
245700 44 51
246000 24 28
246000 29 53
246000 55 74
246000 76 81
246300 29 53
246300 30 62
246300 49 52
246600 29 63
246600 50 84
246600 58 65
246600 59 76
246600 76 81
246900 11 26
246900 35 75
247200 3 80
247200 28 53
247200 49 55
247500 29 53
247500 46 89
247500 69 70
247800 17 68
247800 36 50
248100 5 14
248100 37 58
248400 45 58
248400 45 72
248400 63 70
248700 9 73
248700 9 19
248700 33 88
248700 50 75
249000 11 84
249000 14 71
249000 37 58
249000 50 86
249300 18 37
249300 23 30
249300 38 91
249600 23 69
249900 8 90
249900 8 58
249900 45 58
249900 70 73
250200 24 48
250200 28 69
250500 7 84
250500 24 84
250500 27 84
250500 33 84
250500 51 58
250800 3 44
250800 22 64
250800 44 51
250800 45 58
251100 5 44
251100 11 44
251100 28 69
251100 29 70
251100 44 51
251400 23 30
251400 42 76
251400 49 55
251700 5 47
251700 9 28
251700 9 63
251700 9 69
251700 9 73
251700 9 62
251700 24 48
251700 28 73
252000 24 48
252000 37 58
252300 9 62
252300 38 58
252300 38 45
252300 45 58
252600 6 58
252600 6 7
252600 7 58
252600 8 14
252600 9 62
252600 14 37
252600 35 75
252900 52 86
252900 63 70
253200 42 51
253200 46 60
253200 53 70
253500 28 84
253800 9 62
253800 29 53
253800 50 74
253800 58 72
254100 4 36
254100 14 24
254100 27 56
254100 27 60
254100 28 53
254100 29 70
254100 29 53
254100 45 65
254100 65 72
254400 7 25
254400 16 25
254400 30 66
254700 18 90
254700 23 30
254700 35 75
254700 46 84
254700 50 86
254700 50 60
254700 57 88
254700 62 73
255000 15 33
255000 46 76
255000 60 81
255300 22 64
255300 24 48
255300 44 51
255300 52 87
255300 77 82
255600 16 84
255600 28 69
255600 32 38
255600 35 50
255600 37 82
255600 37 77
255600 45 65
255900 39 58
255900 44 58
255900 49 58
255900 49 79
255900 49 88
255900 79 88
255900 79 84
256200 1 76
256200 19 76
256200 22 64
256200 35 79
256200 77 82
256500 14 22
256500 14 39
256500 21 84
256500 30 90
256500 59 78
256800 5 34
256800 5 37
256800 7 27
256800 23 30
256800 30 34
257100 37 84
257400 11 44
257400 44 53
257400 53 70
257700 14 72
257700 30 73
257700 30 69
257700 53 69
258000 0 14
258000 14 37
258000 17 18
258000 28 30
258000 64 77
258300 14 58
258300 22 38
258600 22 85
258600 46 89
258900 49 55
258900 49 86
258900 50 86
258900 52 55
259200 8 26
259200 21 61
259200 22 64
259500 14 58
259500 21 61
259800 1 12
259800 9 73
259800 9 62
259800 51 71
260100 23 30
260100 49 74
260100 49 55
260100 55 74
260100 69 73
260400 17 68
260400 50 86
260700 0 48
260700 8 90
260700 8 16
260700 29 53
260700 29 30
260700 62 73
261000 29 53
261000 50 74
261000 52 86
261300 17 18
261300 42 43
261300 45 58
261600 9 69
261600 9 63
261600 24 48
261600 28 70
261600 53 70
261600 61 62
261900 29 53
261900 52 86
262200 2 15
262200 2 3
262200 2 48
262200 15 48
262200 24 48
262200 24 49
262200 35 75
262200 48 49
262500 4 79
262500 16 84
262800 21 84
262800 24 48
262800 35 75
262800 55 79
263100 14 50
263100 22 64
263100 30 66
263100 44 86
263400 5 11
263400 5 72
263400 9 62
263700 3 58
264000 21 76
264000 21 69
264000 22 85
264300 14 24
264300 14 58
264300 24 58
264600 29 53
264900 2 15
264900 9 73
264900 20 40
264900 40 75
264900 44 70
265200 24 45
265200 29 53
265200 44 51
265500 1 88
265500 5 51
265500 7 81
265500 7 88
265500 29 53
265500 39 51
265500 49 67
265500 55 86
265800 2 10
265800 10 16
265800 10 33
265800 11 84
265800 12 44
265800 24 31
265800 39 51
265800 51 58
265800 58 65
266100 24 48
266400 24 32
266700 28 69
266700 30 53
266700 53 70
267000 29 63
267000 37 77
267000 55 86
267300 3 5
267300 29 63
267600 9 62
267900 7 27
267900 27 57
267900 57 60
268200 19 78
268200 21 63
268200 29 53
268500 9 62
268500 29 53
268500 57 88
268800 11 48
268800 22 32
268800 58 65
269100 0 48
269100 0 14
269100 9 62
269100 18 68
269100 28 29
269400 7 16
269400 29 53
269400 45 58
269700 1 7
269700 17 18
269700 55 79
269700 75 79
270000 7 33
270000 58 72
270000 64 77
270300 9 28
270300 9 63
270600 2 39
270600 5 48
270600 12 48
270600 12 14
270600 12 20
270600 14 20
270600 14 58
270600 14 78
270600 20 58
270600 20 78
270600 24 87
270600 29 39
270600 31 58
270600 58 78
270900 1 33
270900 1 2
270900 1 6
270900 2 6
270900 6 84
270900 6 33
270900 10 84
270900 12 44
270900 33 44
270900 39 51
270900 51 58
270900 51 65
270900 56 84
270900 58 65
270900 67 84
271200 9 28
271200 9 63
271200 9 69
271200 28 69
271200 28 70
271500 9 62
271500 15 33
271500 44 52
271500 62 73
271800 22 32
271800 53 70
272100 25 86
272100 29 53
272100 50 86
272400 22 64
272400 24 48
272400 77 82
272700 14 24
272700 76 78
273000 5 80
273000 5 18
273000 18 80
273300 0 24
273300 5 34
273300 23 29
273300 29 30
273600 3 53
273600 7 33
273600 11 56
273600 22 32
273600 22 45
273600 28 70
273600 44 51
273600 53 70
273600 53 61
273900 29 53
274200 15 33
274200 25 86
274500 63 70
274800 6 88
274800 18 37
274800 22 85
274800 23 69
274800 28 62
275100 9 62
275100 35 75
275400 29 53
275400 51 65
275700 9 62
275700 15 33
275700 35 75
275700 52 55
275700 60 81
276000 15 27
276000 23 30
276000 29 71
276000 37 58
276300 7 27
276300 8 17
276300 8 51
276300 8 39
276300 8 14
276300 14 51
276300 14 90
276300 19 51
276300 39 51
276300 51 90
276600 4 50
276600 5 24
276600 7 57
276600 8 26
276600 9 62
276600 13 50
276600 14 90
276600 14 37
276600 32 80
276600 37 90
276900 3 14
276900 9 62
276900 9 28
276900 9 44
276900 34 44
276900 44 45
277200 44 51
277200 55 79
277500 0 14
277500 7 16
277500 8 60
277500 8 90
277500 9 62
277500 53 66
277800 28 66
278100 24 48
278100 29 30
278100 30 63
278100 47 58
278400 17 68
278400 22 85
278400 26 37
278400 28 70
278400 37 72
278400 55 86
