0 22 64
0 24 48
0 77 82
300 9 62
300 38 58
300 38 45
300 45 58
600 8 58
600 14 58
600 19 27
600 27 50
600 27 84
600 27 35
600 27 52
600 27 75
600 35 75
600 35 38
600 45 58
600 58 72
900 20 35
900 39 45
900 42 79
1200 22 72
1200 28 69
1500 7 25
1500 19 79
1500 21 79
1500 21 61
1500 24 48
1500 24 45
1500 28 69
1500 61 66
1500 79 87
1800 9 62
1800 11 44
2100 28 69
2400 7 16
2400 7 25
2400 16 25
2400 17 18
2400 30 66
2700 7 78
2700 8 26
2700 14 24
2700 14 64
2700 17 68
2700 29 53
3000 37 58
3000 44 52
3300 17 18
3600 12 59
3600 20 84
3600 37 58
3600 59 76
3900 9 28
3900 9 69
3900 9 63
3900 17 68
3900 28 73
3900 28 70
3900 28 30
3900 28 69
3900 30 62
3900 35 75
3900 53 62
3900 53 70
3900 61 62
4200 21 76
4200 21 69
4200 22 85
4500 29 53
4500 35 75
4500 42 50
4800 7 25
4800 16 25
4800 30 66
5100 5 72
5100 49 55
5100 49 86
5100 55 86
5400 12 44
5400 12 58
5400 12 77
5400 24 48
5400 58 65
5700 3 83
5700 50 74
6000 15 67
6000 30 66
6000 37 58
6000 37 77
6000 52 75
6000 62 73
6000 64 82
6000 65 82
6300 4 79
6300 37 58
6300 75 79
6600 9 62
6600 29 53
6900 42 51
6900 46 60
6900 53 70
7200 1 59
7200 29 53
7200 75 79
7500 5 84
7500 22 77
7500 24 48
7800 11 44
7800 44 53
7800 53 70
8100 7 46
8100 17 34
8100 17 18
8100 17 46
8100 32 85
8100 32 38
8100 35 75
8100 64 77
8400 12 44
8400 12 72
8400 12 58
8400 17 34
8400 35 50
8400 43 58
8400 44 58
8400 44 56
8400 50 75
8400 53 70
8400 56 58
8400 56 65
8700 24 48
8700 42 43
8700 44 45
8700 48 49
8700 53 70
8700 79 88
9000 11 58
9000 27 64
9000 28 53
9000 53 70
9000 85 90
9300 1 16
9300 1 59
9300 15 16
9300 16 59
9300 49 55
9300 55 79
9600 2 88
9600 7 58
9900 3 37
9900 8 26
9900 22 37
9900 23 30
9900 29 63
9900 37 90
10200 11 23
10500 5 80
10500 5 18
10500 18 80
10800 17 68
10800 17 34
10800 34 68
10800 35 75
10800 36 75
10800 75 86
11100 1 78
11100 3 5
11100 29 63
11400 8 39
11400 8 85
11400 9 62
11400 38 45
11700 14 24
12000 28 69
12000 29 53
12000 37 82
12000 44 51
12300 22 85
12300 76 78
12600 5 11
12600 14 48
12600 28 73
12600 29 53
12600 39 51
12600 61 71
12600 70 73
12900 5 47
12900 9 28
12900 9 63
12900 9 69
12900 9 73
12900 9 62
12900 24 48
12900 28 73
13200 29 53
13500 7 33
13500 58 72
13500 64 77
13800 14 24
14100 8 26
14100 9 62
14100 52 84
14400 28 53
14700 1 88
14700 1 59
14700 22 32
15000 9 73
15000 28 53
15000 50 74
15300 15 33
15600 7 12
15600 38 69
15900 52 86
15900 63 70
16200 7 84
16200 44 65
16200 58 65
16500 19 73
16500 52 75
16800 5 22
16800 5 72
16800 5 37
16800 22 37
16800 22 72
16800 22 26
16800 26 37
16800 29 53
16800 37 72
16800 37 90
17100 29 53
17100 39 51
17100 53 63
17100 53 69
17100 66 69
17400 11 16
17400 35 51
17400 35 84
17400 40 57
17400 44 51
17400 44 45
17400 45 51
17400 53 70
17400 56 88
17400 57 88
17700 7 58
17700 24 35
17700 29 53
17700 49 52
17700 55 79
18000 4 55
18300 16 46
18300 35 84
18300 44 51
18300 57 88
18600 0 48
18600 4 50
18600 9 62
18600 9 73
18600 15 67
18600 52 75
18900 35 75
18900 50 86
19200 9 46
19200 55 84
19500 49 55
19800 7 16
19800 7 58
20100 17 18
20100 29 61
20100 44 51
20400 11 44
20700 7 58
20700 7 25
20700 21 69
20700 25 58
20700 27 76
20700 28 66
20700 75 79
20700 76 78
21000 0 48
21000 8 90
21000 29 53
21300 11 48
21300 12 49
21300 49 67
21300 58 65
21300 60 89
21600 23 30
21600 24 48
21900 0 48
21900 8 90
21900 9 80
21900 9 30
21900 15 67
21900 24 48
21900 30 53
21900 53 73
21900 53 62
22200 52 79
22500 8 26
22500 49 74
22800 9 73
22800 16 88
22800 21 69
22800 22 64
22800 53 70
23100 7 12
23100 22 91
23100 24 32
23100 33 84
23100 79 88
23100 85 91
23400 12 16
23400 27 81
23400 39 57
23400 50 86
23700 9 63
23700 9 73
24000 5 14
24000 6 88
24000 14 24
24000 28 30
24300 4 50
24300 4 52
24300 14 24
24300 21 69
24300 29 53
24600 4 52
24600 9 73
24600 9 69
24600 9 62
24600 29 53
24600 52 55
24600 55 79
24600 67 76
24900 2 10
24900 2 6
24900 3 14
24900 6 10
24900 11 14
24900 14 34
24900 27 46
24900 44 51
25200 0 24
25200 21 42
25200 22 38
25200 24 45
25200 25 28
25200 27 57
25200 67 76
25500 28 70
25800 7 78
25800 20 35
25800 29 73
25800 35 52
25800 56 87
25800 56 84
25800 63 70
25800 84 87
26100 29 63
26100 37 77
26100 55 86
26400 20 40
26400 29 53
26700 7 12
26700 29 53
27000 17 68
27000 29 53
27000 35 49
27000 57 60
27300 50 74
27600 3 68
27600 9 62
27600 28 69
27600 37 77
27600 52 75
27600 62 73
27900 7 12
27900 33 84
27900 72 85
27900 79 88
28200 11 23
28200 23 69
28200 53 63
28500 3 43
28500 29 53
28800 0 48
28800 8 90
28800 8 16
28800 29 53
28800 29 30
28800 62 73
29100 29 53
29400 15 33
29400 23 61
29700 28 69
30000 63 70
30300 11 44
30600 11 44
30600 11 30
30600 24 48
30900 2 28
30900 5 22
30900 22 85
31200 55 79
31200 75 79
31500 7 88
31500 9 62
31500 29 53
31800 0 14
31800 7 78
31800 9 62
31800 21 84
31800 21 56
31800 29 53
31800 52 87
32100 9 62
32100 14 24
32100 19 58
32100 21 69
32100 25 79
32100 39 51
32100 51 65
32100 58 72
32100 65 72
32100 66 70
32400 3 5
32400 29 63
32400 29 73
32400 50 88
32700 5 14
32700 29 70
32700 44 51
33000 3 8
33000 14 85
33000 19 79
33000 24 48
33000 45 65
33300 0 51
33300 17 18
33300 26 65
33300 29 53
33300 45 72
33600 3 19
33600 3 14
33600 9 14
33600 19 42
33600 29 63
33900 28 53
33900 44 51
34200 7 81
34200 14 45
34200 57 60
34500 7 27
34500 27 60
34500 27 57
34500 28 61
34500 29 53
34500 49 74
34500 57 60
34800 29 53
35100 0 24
35100 4 84
35100 35 52
35100 55 79
35400 22 50
35700 55 79
36000 42 43
36000 42 72
36000 42 58
36000 58 72
36300 9 73
36300 14 24
36300 59 76
36600 7 50
36900 37 58
36900 50 86
37200 0 14
37200 18 45
37200 35 52
37500 31 71
37500 44 51
37500 53 63
37800 24 48
37800 57 76
38100 1 7
38100 7 40
38100 33 59
38400 55 79
38700 29 53
38700 35 49
38700 37 84
38700 58 84
39000 24 48
39000 31 32
39300 12 60
39300 19 75
39300 35 75
39300 35 50
39300 50 75
39300 50 52
39300 52 75
39600 27 73
39600 29 53
39600 37 84
39600 49 86
39600 49 50
39900 3 18
39900 9 62
39900 18 65
39900 29 53
40200 9 73
40200 35 50
40200 50 86
40200 50 84
40500 22 32
40800 5 18
40800 5 11
40800 62 73
41100 24 48
41100 26 31
41100 35 75
41100 37 91
41400 7 25
41400 7 16
41400 30 66
41400 61 69
41700 0 14
41700 7 16
41700 8 60
41700 15 67
42000 7 76
42300 14 47
42300 32 38
42600 67 84
42900 22 64
42900 24 48
42900 44 51
42900 77 82
43200 14 58
43200 14 37
43200 22 91
43200 23 30
43200 38 80
43200 85 91
43500 8 83
43500 29 53
43500 44 51
43800 29 70
44100 29 53
44400 5 85
44400 76 78
44700 29 63
45000 11 48
45000 49 84
45000 50 74
45000 75 88
45000 79 88
45300 9 62
45300 9 53
45300 12 58
45300 12 44
45300 12 77
45300 39 65
45300 39 58
45300 44 65
45300 53 70
45300 58 65
45600 14 24
45600 21 69
45600 29 53
45600 85 91
45900 9 30
45900 9 28
45900 9 53
45900 17 18
45900 28 30
45900 28 73
45900 29 53
45900 44 51
45900 50 75
46200 21 69
46200 29 63
46500 3 80
46800 4 86
46800 7 12
46800 9 28
46800 9 63
46800 37 58
46800 52 87
47100 21 76
47400 14 58
47400 21 61
47700 11 24
48000 8 26
48000 23 30
48000 23 53
48000 29 53
48000 30 53
48000 39 58
48300 9 62
48300 38 58
48300 38 45
48300 59 78
48300 76 78
48600 29 53
48600 37 58
48600 44 51
48600 67 76
48900 8 26
48900 44 51
49200 11 24
49200 49 55
49500 3 14
49500 14 37
49500 16 84
49500 50 75
49800 6 40
49800 9 73
49800 9 61
49800 50 86
50100 1 84
50100 5 18
50100 15 88
50100 15 40
50100 15 84
50100 18 32
50100 22 32
50100 23 69
50100 28 30
50100 29 53
50100 59 88
50100 59 84
50100 62 75
50100 81 84
50100 84 88
50400 34 86
50700 9 62
50700 12 16
50700 35 75
50700 57 60
50700 57 88
50700 58 90
51000 58 65
51300 29 53
51600 11 57
51600 22 64
51600 29 30
51600 30 63
51600 47 58
51600 56 57
51900 29 53
51900 37 58
52200 22 38
52200 29 53
52200 29 30
52200 29 66
52200 30 53
52500 21 46
52500 24 48
52500 26 31
52500 75 79
52800 7 88
52800 9 62
52800 52 75
53100 0 14
53100 9 62
53100 12 32
53100 17 51
53100 21 56
53100 24 45
53100 28 62
53100 56 60
53400 5 39
53400 14 58
53400 40 88
53400 49 55
53700 7 12
53700 22 32
54000 17 18
54000 32 38
54300 11 86
54300 12 86
54300 76 78
54600 23 29
54600 29 63
54600 31 71
54600 52 79
54900 9 73
54900 29 53
54900 53 73
55200 1 40
55200 2 12
55200 7 40
55200 12 72
55200 58 72
55500 5 18
55500 35 50
55500 42 50
55500 50 86
55800 0 45
55800 7 78
55800 7 21
55800 14 24
56100 8 26
56100 9 62
56100 21 84
56400 9 62
56400 18 90
56400 23 30
56400 50 60
56400 50 57
56400 57 88
56700 14 37
56700 37 58
56700 44 51
57000 9 28
57000 9 63
57000 28 69
57000 37 77
57300 19 78
57300 21 63
57300 29 53
57600 29 53
57900 1 6
57900 1 59
57900 1 88
57900 7 81
57900 29 53
58200 0 14
58200 7 16
58200 8 90
58200 8 60
58200 9 69
58200 17 68
58200 17 18
58500 29 53
58500 29 63
58800 19 62
58800 21 56
58800 22 64
58800 77 82
59100 28 62
59100 28 29
59100 29 53
59400 5 22
59400 23 61
59700 17 68
59700 42 50
60000 3 18
60000 7 58
60000 15 33
60300 2 15
60300 9 73
60300 17 18
60300 35 75
60600 44 51
60600 77 82
60900 1 78
60900 29 70
60900 45 65
61200 8 26
61200 42 59
61200 53 63
61500 7 27
61500 8 17
61500 8 51
61500 8 39
61500 8 14
61500 14 51
61500 14 90
61500 19 51
61500 39 51
61500 51 90
61800 5 72
61800 29 69
61800 29 53
61800 50 74
61800 53 69
61800 55 79
62100 0 45
62100 29 53
62100 37 58
62100 37 47
62400 29 53
62700 5 18
62700 7 88
62700 16 88
62700 28 73
62700 29 53
62700 39 51
62700 49 86
62700 49 55
62700 55 86
63000 14 58
63000 21 40
63000 47 58
63300 9 63
63300 28 70
63300 35 75
63600 22 77
63600 22 64
63900 44 86
63900 58 65
64200 22 38
64500 17 18
64500 35 75
64500 39 90
64800 1 16
64800 8 26
65100 23 29
65400 29 53
65700 7 76
65700 8 26
65700 15 33
65700 23 29
65700 29 53
65700 53 63
66000 2 84
66000 3 68
66000 9 62
66000 9 30
66000 24 48
66000 52 75
66000 62 73
66300 28 29
66300 29 70
66600 6 40
66900 29 53
66900 50 74
66900 52 86
67200 6 40
67200 9 30
67200 9 29
67200 28 29
67200 28 53
67200 29 53
67500 8 90
67500 8 58
67500 45 58
67500 70 73
67800 18 37
67800 29 53
67800 35 55
67800 39 72
67800 80 85
68100 22 64
68400 23 29
68400 55 74
68700 12 58
68700 58 72
68700 59 78
68700 65 72
69000 6 40
69000 15 33
69000 38 45
69000 44 52
69300 14 58
69300 21 61
69600 29 63
69900 23 30
69900 45 72
69900 45 65
69900 49 74
69900 50 86
69900 52 84
69900 65 72
70200 35 75
70200 45 58
70500 52 79
70800 69 70
71100 12 58
71100 43 58
71100 44 45
71100 79 88
71400 35 75
71400 39 58
71400 65 84
71400 79 88
71700 58 65
71700 76 78
71700 76 81
71700 78 81
72000 9 66
72000 16 59
72000 50 59
72000 59 76
72300 14 58
72300 21 76
72600 18 47
72600 18 37
72600 58 65
72900 11 48
72900 22 32
72900 58 65
73200 28 84
73200 39 51
73500 3 72
73500 3 83
73500 14 44
73500 44 51
73800 0 14
73800 7 16
73800 8 60
73800 8 90
73800 9 62
73800 53 66
74100 28 66
74400 7 58
74400 19 76
74400 21 69
74400 28 73
74400 59 76
74700 35 75
74700 35 52
74700 52 75
75000 7 58
75000 21 69
75000 36 50
75300 5 37
75300 5 13
75300 5 74
75300 9 62
75300 74 81
75600 9 62
75600 17 18
75600 50 86
75600 79 87
75900 15 33
75900 49 50
76200 1 88
76200 5 51
76200 7 81
76200 7 88
76200 29 53
76200 39 51
76200 49 67
76200 55 86
76500 23 30
76500 29 53
76500 29 30
76500 35 52
76500 37 84
76500 43 45
76500 44 51
76800 21 69
76800 29 63
77100 7 25
77100 16 25
77100 30 66
77100 50 86
77400 1 40
77400 1 6
77400 6 60
77400 27 84
77400 44 65
77400 58 65
77700 14 50
77700 22 64
77700 30 66
77700 44 86
78000 0 24
78000 4 86
78000 9 63
78000 9 69
78000 24 48
78000 61 62
78300 0 48
78300 9 62
78300 15 67
78300 16 59
78300 24 48
78300 28 30
78300 28 69
78300 44 51
78300 52 75
78300 62 73
78600 6 40
78600 12 44
78600 18 68
78600 28 30
78600 64 77
78900 3 5
78900 3 22
78900 5 18
78900 11 24
78900 18 22
78900 22 64
78900 55 79
79200 24 48
79200 37 58
79500 3 68
79500 29 63
79800 17 68
79800 28 45
79800 44 45
80100 5 18
80400 7 46
80400 17 18
80400 17 68
80400 45 58
80700 14 58
80700 21 61
81000 50 74
81000 53 69
81300 22 85
81300 46 89
81600 28 69
81600 30 66
81600 52 75
81900 12 44
81900 58 65
82200 1 7
82200 17 18
82200 55 79
82200 75 79
82500 9 63
82500 9 28
82500 61 62
82800 22 64
82800 24 48
83100 24 32
83400 28 62
83400 29 53
83400 45 85
83400 45 65
83700 9 73
83700 50 86
84000 28 53
84000 44 51
84300 9 62
84300 18 34
84300 21 66
84300 29 69
84300 45 83
84300 50 74
84300 55 79
84300 57 60
84600 9 62
84600 16 76
84600 17 68
84600 21 61
84600 24 37
84600 35 75
84600 42 75
84600 45 90
84600 55 79
84600 59 76
84900 7 76
84900 9 63
85200 29 53
85200 37 58
85500 24 48
85500 52 84
85500 53 63
85800 20 35
85800 29 61
85800 39 45
85800 42 79
85800 52 84
85800 56 84
85800 84 87
86100 2 10
86100 2 6
86100 6 10
86400 35 52
86700 1 33
86700 11 72
86700 14 37
86700 64 77
87000 9 62
87000 17 68
87000 18 68
87300 0 24
87300 0 14
87300 14 24
87300 14 48
87300 22 77
87300 24 48
87300 45 48
87600 16 25
87600 52 87
87900 5 34
87900 5 37
87900 7 27
87900 23 30
87900 30 34
88200 21 56
88200 36 50
88500 9 62
88500 27 88
88500 28 69
88500 29 53
88800 24 28
88800 29 53
88800 55 74
88800 76 81
89100 9 62
89100 24 31
89100 24 48
89100 31 48
89400 9 62
89700 22 80
89700 28 69
89700 53 70
90000 3 14
90000 3 44
90000 9 73
90000 9 19
90000 9 62
90000 11 44
90000 19 73
90000 29 63
90000 62 73
90000 62 66
90300 0 14
90300 41 79
90300 53 69
90300 77 82
90600 7 78
90600 9 69
90600 9 29
90600 29 63
90900 2 15
90900 17 18
90900 35 75
90900 79 87
91200 9 23
91200 9 62
91500 1 76
91500 37 58
91800 9 73
91800 9 19
91800 33 88
91800 50 75
92100 5 39
92100 8 84
92100 9 31
92100 24 48
92100 29 53
92100 46 84
92400 14 24
92400 50 55
92700 3 5
92700 29 73
92700 50 86
93000 37 58
93000 53 66
93000 53 61
93000 53 70
93000 62 73
93300 7 27
93600 53 63
93900 4 50
93900 5 24
93900 7 57
93900 8 26
93900 9 62
93900 13 50
93900 14 90
93900 14 37
93900 32 80
93900 37 90
94200 5 72
94200 9 62
94200 49 86
94500 9 62
94500 9 66
94500 14 48
94500 24 32
94500 50 75
94500 59 76
94800 15 33
94800 50 86
94800 60 81
94800 76 88
95100 0 45
95100 4 86
95100 29 91
95100 29 53
95100 53 63
95400 5 11
95400 8 85
95400 9 62
95400 12 29
95400 22 51
95400 29 53
95400 38 45
95400 40 41
95400 50 75
95400 61 90
95700 11 23
96000 17 18
96300 0 24
96300 45 58
96300 50 86
96300 55 74
96600 0 45
96600 3 5
96600 9 29
96600 9 30
96600 9 70
96600 9 28
96900 29 53
96900 52 86
97200 17 84
97200 24 28
97200 29 53
97500 24 48
97500 52 75
97500 69 70
97800 2 33
97800 24 87
97800 58 62
98100 11 44
98100 19 28
98100 25 86
98100 35 75
98100 35 52
98100 45 65
98100 52 75
98400 28 29
98400 49 86
98700 4 50
98700 9 62
98700 23 30
98700 30 44
98700 35 52
98700 46 49
98700 49 86
98700 53 70
99000 21 27
99000 21 59
99000 34 45
99000 54 71
99300 24 45
99300 25 47
99300 27 57
99300 53 70
99600 3 5
99600 9 62
99600 9 29
99600 11 24
99600 11 48
99600 18 37
99600 24 48
99900 29 63
100200 0 24
100500 5 11
100500 5 72
100500 9 62
100800 14 18
100800 25 58
100800 29 53
100800 35 75
100800 50 75
100800 53 63
100800 56 60
101100 5 37
101100 35 75
101100 35 49
101100 46 57
101400 29 63
101400 50 84
101400 58 65
101400 59 76
101400 76 81
101700 29 70
102000 1 27
102000 1 7
102000 6 27
102000 6 7
102000 27 33
102000 29 63
102000 37 58
102000 44 65
102300 52 79
102600 17 34
102600 28 70
102900 8 26
102900 22 91
102900 24 48
102900 29 91
102900 39 58
102900 42 43
103200 0 24
103200 9 66
103200 23 29
103500 0 24
103500 5 24
103500 39 58
103500 79 88
103800 0 48
103800 8 90
103800 16 84
103800 29 53
104100 23 30
104100 42 76
104100 49 55
104400 51 54
104400 63 89
104700 25 88
104700 29 53
104700 38 51
104700 45 58
104700 51 72
105000 12 88
105000 22 85
105000 55 74
105300 50 84
105600 2 15
105600 9 73
105600 9 30
105600 29 63
105600 61 63
105900 0 48
105900 9 73
105900 15 67
105900 52 75
106200 28 69
106200 30 53
106200 53 70
106500 7 59
106500 8 90
106500 24 48
106500 79 86
106800 7 84
106800 8 26
106800 21 84
106800 31 71
107100 15 33
107400 9 63
107400 28 70
107400 28 53
107400 37 65
107400 53 70
107400 61 62
107700 12 77
107700 12 84
107700 26 32
107700 77 84
108000 25 84
108000 64 77
108000 75 79
108300 22 64
108300 35 52
108300 44 51
108300 46 89
108600 24 58
108600 32 80
108600 67 76
108900 29 53
108900 46 89
108900 69 70
109200 17 34
109500 29 63
109800 35 75
110100 14 32
110400 27 60
110400 29 63
110400 37 58
110400 50 75
110700 3 14
110700 7 88
110700 9 63
110700 9 28
111000 12 64
111000 12 45
111000 12 58
111000 17 18
111000 18 68
111000 34 58
111000 64 77
111300 1 84
111300 5 18
111300 6 84
111300 7 84
111300 20 84
111300 28 30
111300 29 53
111300 32 38
111300 33 84
111300 67 84
111300 81 84
111300 84 88
111600 29 63
111600 50 86
111900 29 53
111900 69 70
112200 64 77
112500 1 12
112500 9 73
112500 9 62
112500 51 71
112800 24 58
112800 28 84
112800 28 62
113100 29 63
113100 50 86
113400 1 88
113400 9 62
113400 9 69
113400 9 66
113400 27 88
113400 28 69
113400 29 30
113400 30 66
113700 42 86
113700 55 86
114000 0 24
114000 17 68
114300 24 48
114600 9 73
114600 45 70
114600 52 84
114600 53 70
114900 14 37
114900 35 87
114900 35 52
114900 44 51
115200 27 60
115200 29 63
115500 2 15
115500 5 11
115500 14 19
115500 17 18
115500 19 79
115500 42 79
115800 7 78
115800 16 25
115800 27 60
116100 7 12
116100 29 53
116100 45 83
116100 50 74
116400 8 37
116400 37 82
116400 37 58
116400 58 82
116700 0 48
116700 9 77
116700 9 62
116700 28 73
116700 44 51
117000 29 53
117000 29 63
117000 45 65
117000 45 85
117000 58 65
117300 7 84
117300 16 84
117300 25 84
117300 64 77
117600 1 88
117600 9 73
117600 23 30
117600 29 63
117600 37 77
117600 62 73
117900 39 72
118200 21 84
118500 14 48
118500 23 30
118500 24 48
118500 39 58
118500 45 58
118500 45 72
118500 58 72
118800 15 60
119100 29 53
119400 17 18
119400 45 65
119700 16 84
119700 28 69
119700 32 38
119700 35 50
119700 37 82
119700 37 77
119700 45 65
120000 6 12
120000 6 26
120000 9 62
120000 9 26
120000 12 46
120000 14 24
120300 17 18
120300 22 32
120300 79 87
120600 28 69
120900 26 32
121200 50 86
121500 22 64
121500 24 48
121500 77 82
121800 8 82
121800 9 19
121800 9 62
121800 22 39
121800 22 64
121800 37 58
121800 38 44
122100 17 18
122400 9 73
122400 29 63
122700 7 84
122700 35 86
122700 35 50
122700 37 80
122700 37 50
122700 38 86
122700 50 75
122700 50 80
123000 0 24
123000 50 86
123000 56 84
123300 11 24
123300 11 51
123300 17 68
123300 22 64
123300 27 51
123300 27 68
123600 1 78
123600 9 19
123600 19 42
123600 19 50
123600 33 88
123600 58 72
123600 62 73
123900 16 78
123900 28 73
123900 53 63
123900 70 73
123900 75 79
124200 17 68
124500 9 62
124500 22 32
124500 76 78
124800 17 68
124800 18 34
124800 35 75
124800 35 36
124800 36 75
125100 35 55
125100 50 74
125400 24 48
125400 35 52
125400 39 45
125400 57 62
125700 21 69
125700 24 45
126000 11 44
126000 25 75
126300 28 69
126300 29 70
126300 44 51
126600 9 62
126900 5 54
126900 7 59
126900 9 62
126900 62 69
127200 14 24
127200 76 78
127500 5 18
127500 7 88
127500 8 26
127500 53 63
127800 0 14
127800 53 70
127800 60 79
128100 24 59
128100 29 53
128100 45 90
128100 53 63
128400 11 84
128400 12 84
128400 16 33
128400 29 53
128400 42 43
128400 49 84
128400 49 58
128400 49 64
128400 58 84
128400 64 77
128400 79 88
128700 2 15
128700 2 3
128700 2 48
128700 15 48
128700 24 48
128700 24 49
128700 35 75
128700 48 49
129000 29 53
129000 53 70
129000 59 76
129300 11 23
129300 17 18
129300 23 69
129300 35 74
129300 62 73
129600 35 52
129600 44 77
129600 56 84
129900 29 53
129900 59 76
130200 58 59
130200 59 76
130200 59 78
130200 60 81
130200 76 88
130500 8 26
130800 23 69
130800 23 30
130800 29 53
130800 30 63
130800 30 53
131100 24 48
131100 28 69
131400 5 34
131400 29 63
131700 7 25
131700 28 69
132000 9 62
132000 15 33
132000 35 75
132000 52 55
132000 60 81
132300 9 53
132300 29 53
132300 37 58
132300 50 86
132300 53 73
132600 14 24
132600 14 58
132600 24 58
132900 11 23
132900 21 30
132900 23 69
132900 37 58
132900 74 86
133200 62 73
133500 28 70
133500 38 39
133800 21 56
133800 24 48
134100 32 80
134100 50 74
134400 0 65
134400 0 14
134400 22 64
134400 24 48
134400 44 51
134700 8 26
134700 26 80
134700 31 58
134700 39 85
134700 80 91
135000 3 37
135000 9 30
135000 32 88
135300 1 33
135300 1 2
135300 1 6
135300 2 6
135300 6 84
135300 6 33
135300 10 84
135300 12 44
135300 33 44
135300 39 51
135300 51 58
135300 51 65
135300 56 84
135300 58 65
135300 67 84
135600 29 53
135600 52 87
135900 5 39
135900 35 87
135900 35 86
135900 35 52
136200 4 86
136200 52 86
136500 11 44
136500 24 48
136800 5 72
136800 5 37
136800 22 26
136800 22 37
136800 22 72
136800 26 37
136800 26 72
136800 29 53
136800 37 72
136800 53 63
137100 6 40
137100 9 62
137100 35 49
137100 55 74
137400 15 33
137400 60 81
137400 76 88
137700 14 48
137700 14 24
137700 24 48
137700 53 63
138000 53 70
138300 21 84
138300 22 85
138600 21 28
138600 29 53
138600 67 78
138900 0 48
138900 0 14
138900 9 62
138900 18 68
138900 28 29
139200 0 14
139200 0 3
139200 3 14
139200 7 78
139500 9 66
139500 14 24
139500 24 58
139500 28 84
139800 38 58
139800 59 78
139800 76 78
140100 17 18
140100 29 63
140400 9 29
140400 29 62
140400 29 63
140400 62 73
140400 63 66
140700 40 88
140700 55 74
141000 2 10
141000 2 40
141000 6 10
141000 21 88
141000 44 51
141000 57 88
141300 7 58
141300 12 15
141300 15 33
141600 14 71
141600 44 51
141600 50 86
141900 7 58
142200 14 72
142200 14 34
142200 14 85
142200 24 48
142200 27 75
142200 27 35
142200 35 75
142500 21 56
142500 24 48
142800 1 7
142800 1 27
142800 7 27
142800 14 37
142800 29 53
143100 23 53
143100 28 69
143100 35 52
143100 46 50
143100 50 86
143100 53 70
143400 3 24
143400 15 33
143400 28 29
143400 44 51
143400 53 63
143700 3 11
143700 28 76
143700 57 76
144000 11 77
144000 12 27
144000 17 34
144000 22 48
144000 27 81
144000 27 48
144000 27 77
144000 48 64
144000 64 77
144300 28 69
144300 29 53
144300 44 51
144600 35 75
144600 35 52
144900 2 60
144900 28 53
144900 39 58
144900 58 65
145200 44 51
145200 58 65
145500 24 48
145500 46 84
145500 74 79
145800 0 14
145800 16 59
145800 53 69
146100 22 38
146100 25 28
146100 25 53
146100 28 53
146100 53 69
146400 21 59
146700 16 76
146700 32 38
147000 5 18
147000 12 77
147000 12 44
147000 12 64
147000 24 48
147000 39 65
147000 44 65
147300 21 84
147300 30 66
147300 55 86
147600 1 78
147600 7 78
147600 21 76
147600 24 48
147600 77 82
147900 1 65
147900 8 39
147900 8 85
147900 9 62
147900 14 45
147900 29 63
147900 38 45
147900 41 86
147900 50 75
147900 53 70
147900 75 79
148200 24 48
148200 24 45
148200 29 63
148200 29 70
148200 39 45
148200 42 50
148200 42 65
148200 45 72
148200 45 48
148500 19 59
148500 19 76
148500 21 61
148500 24 45
148500 25 47
148500 27 57
148500 28 69
148500 44 51
148500 53 66
148800 7 27
148800 27 57
148800 57 60
149100 7 58
149100 29 53
149100 35 48
149100 55 79
149400 4 50
149400 15 67
149400 28 69
149400 30 66
149400 44 51
149400 52 75
149400 55 86
149700 45 83
149700 55 79
149700 58 72
149700 58 85
149700 80 85
150000 14 24
150000 22 77
150300 9 62
150600 14 24
150600 18 47
150900 29 53
151200 7 16
151200 29 53
151200 49 52
151500 5 18
151500 29 90
151500 44 51
151500 45 64
151500 81 88
151800 22 85
151800 61 69
152100 0 48
152100 9 63
152100 32 71
152400 52 79
152700 2 15
152700 9 73
152700 20 40
152700 40 75
152700 44 70
153000 17 18
153000 22 32
153000 79 87
153000 84 87
153300 29 53
153600 28 73
153600 62 73
153600 67 84
153600 67 76
153900 9 73
153900 9 62
153900 17 18
153900 50 74
153900 53 69
154200 17 18
154200 42 43
154200 45 58
154500 7 25
154500 35 84
154500 52 84
154800 28 69
154800 46 60
154800 49 86
154800 49 55
154800 55 86
155100 28 70
155100 39 72
155100 72 90
155400 17 80
155400 21 84
155400 24 48
155400 35 75
155400 46 84
155700 29 53
156000 15 33
156300 14 47
156300 45 72
156600 7 78
156600 29 53
156900 0 14
156900 9 62
156900 29 53
156900 37 58
157200 24 48
157200 31 91
157200 66 69
157500 19 62
157500 22 64
157500 77 82
157800 3 80
157800 28 53
157800 49 55
158100 5 14
158100 37 58
158400 29 53
158400 51 65
158700 34 84
158700 35 75
158700 35 50
158700 37 84
158700 50 86
158700 75 86
159000 3 5
159000 29 63
159300 12 78
159300 58 65
159300 84 89
159600 12 88
159600 17 18
159600 55 74
159900 28 70
160200 14 24
160200 28 84
160200 39 51
160500 3 53
160500 7 33
160500 11 56
160500 22 32
160500 22 45
160500 28 70
160500 44 51
160500 53 70
160500 53 61
160800 3 51
160800 3 23
160800 23 49
160800 28 69
160800 42 51
160800 52 75
160800 80 90
161100 5 18
161100 11 24
161100 79 84
161400 35 75
161400 76 84
161700 17 68
161700 45 58
161700 63 70
161700 64 77
162000 1 2
162000 2 10
162000 5 39
162000 6 10
162000 21 56
162000 45 58
162300 34 84
162300 58 72
162300 80 85
162600 23 49
162600 25 49
162600 28 69
162600 37 77
162600 52 75
162600 53 61
162900 42 84
162900 52 84
162900 53 63
163200 6 40
163200 24 45
163200 49 86
163200 57 60
163500 52 79
163800 3 72
163800 22 38
163800 22 32
164100 3 14
164100 9 62
164100 9 28
164100 9 44
164100 34 44
164100 44 45
164400 24 48
164700 4 86
164700 9 73
164700 9 62
164700 24 48
165000 29 69
165000 66 69
165300 3 22
165300 28 66
165300 28 69
165600 0 24
165600 32 91
165600 57 60
165900 22 32
165900 53 70
166200 8 26
166200 50 74
166500 2 28
166500 5 22
166500 23 61
166800 28 70
167100 0 24
167100 19 42
167100 19 50
167100 20 35
167100 22 32
167100 55 79
167100 84 87
167400 15 27
167400 23 30
167400 29 71
167400 37 58
167700 1 6
167700 1 33
167700 1 40
167700 1 10
167700 1 16
167700 2 10
167700 5 39
167700 6 40
167700 6 10
167700 10 40
167700 10 38
167700 10 16
167700 12 44
167700 12 77
167700 16 33
167700 24 48
167700 33 40
167700 38 45
167700 38 85
167700 45 85
168000 29 53
168300 11 24
168300 24 48
168600 9 73
168600 24 28
168600 29 53
168900 24 48
168900 29 30
168900 30 63
168900 47 58
169200 11 26
169200 35 75
169500 9 19
169500 9 62
169500 9 73
169500 19 73
169500 45 65
169500 62 73
169800 21 61
169800 22 64
169800 57 88
170100 45 65
170100 50 86
170100 55 74
170400 1 16
170400 7 88
170400 9 62
170400 35 79
170400 35 52
170400 35 36
170400 36 79
170400 76 88
170700 16 84
170700 28 73
170700 44 51
171000 9 62
171000 15 33
171000 44 52
171000 62 73
171300 3 85
171300 22 85
171600 37 58
171900 5 24
171900 7 16
171900 8 26
171900 14 90
171900 18 37
172200 45 65
172500 0 48
172500 4 50
172500 9 73
172500 9 62
172500 15 67
172500 52 75
172500 53 66
172800 7 88
172800 22 64
172800 59 67
172800 61 66
173100 21 84
173100 24 48
173100 35 75
173100 55 79
173400 25 36
173400 53 63
173700 6 58
173700 6 7
173700 7 58
173700 8 14
173700 9 62
173700 14 37
173700 35 75
174000 28 69
174000 46 89
174300 15 60
174300 21 60
174300 85 90
174600 49 55
174600 50 86
174900 45 58
174900 45 72
174900 63 70
175200 14 22
175200 14 39
175200 21 84
175200 30 90
175200 59 78
175500 12 42
175800 12 58
175800 39 58
175800 79 88
176100 0 24
176100 20 84
176100 35 52
176100 35 84
176100 55 79
176100 56 87
176100 56 84
176400 3 22
176400 11 24
176400 42 79
176400 52 79
176400 55 79
176700 29 53
177000 50 86
177300 29 53
177300 37 58
177300 62 69
177600 9 73
177900 24 48
177900 26 71
177900 29 53
177900 35 75
178200 9 62
178200 39 51
178500 14 58
178500 22 38
178800 9 62
179100 28 69
179100 65 91
179400 5 72
179400 5 37
179400 5 22
179400 18 72
179400 22 37
179400 22 72
179400 22 26
179400 26 72
179400 26 37
179400 26 71
179400 28 73
179400 37 72
179700 2 15
179700 3 14
179700 7 50
179700 9 62
179700 9 73
180000 14 72
180000 30 73
180000 30 69
180000 53 69
180300 29 53
180300 37 58
180300 50 86
180300 51 65
180600 9 62
180600 16 84
180600 24 48
180900 53 70
181200 67 84
181500 3 5
181500 9 29
181500 11 48
181500 11 24
181500 24 48
181500 57 88
181500 74 86
181800 24 44
181800 29 63
182100 5 18
182100 12 77
182100 12 64
182100 24 48
182100 64 77
182400 14 44
182400 14 22
182700 4 86
182700 23 29
182700 29 53
183000 22 85
183000 29 53
183000 32 38
183300 22 64
183300 45 85
183300 45 65
183300 65 85
183600 1 7
183600 9 73
183600 9 62
183600 14 51
183600 23 29
183600 28 29
183600 29 53
183600 49 55
183900 9 62
183900 29 53
183900 50 74
183900 58 72
184200 37 58
184200 44 51
184500 18 90
184500 23 30
184500 35 75
184500 46 84
184500 50 86
184500 50 60
184500 57 88
184500 62 73
184800 9 62
184800 35 75
185100 14 58
185100 53 66
185400 28 84
185700 79 86
186000 0 24
186000 42 79
186000 42 44
186000 56 84
186300 1 33
186300 1 7
186300 5 72
186300 24 45
186300 37 58
186300 58 65
186600 9 66
186600 9 62
186600 9 73
186600 11 84
186600 62 73
186900 49 74
187200 7 16
187200 7 84
187200 7 25
187200 16 84
187200 16 25
187200 25 84
187200 50 84
187500 12 44
187500 17 56
187800 17 18
187800 21 56
187800 21 59
187800 24 48
187800 32 58
188100 8 26
188100 22 71
188100 38 85
188100 38 90
188100 39 65
188100 58 85
188100 72 90
188400 0 14
188400 8 54
188400 8 32
188400 8 26
188400 22 91
188400 25 39
188400 39 51
188700 59 76
189000 50 86
189000 52 84
189000 52 75
189000 59 76
189000 75 84
189300 5 85
189300 5 72
189300 55 86
189300 72 80
189300 80 85
189600 0 14
189600 5 22
189600 5 37
189600 16 45
189600 22 37
189600 22 26
189600 22 34
189600 26 37
189600 26 72
189600 34 37
189600 37 72
189600 40 84
189600 40 78
189600 60 81
189600 60 88
189600 81 88
189900 8 26
189900 53 63
190200 5 37
190200 5 34
190200 7 27
190200 7 88
190200 27 88
190200 34 37
190500 1 15
190500 29 63
190500 55 79
190500 56 87
190500 75 79
190800 7 88
191100 9 23
191100 9 73
191100 14 24
191400 53 66
191700 17 68
191700 50 86
192000 2 71
192000 14 58
192000 14 39
192000 14 24
192000 37 82
192000 39 58
192000 53 70
192000 58 82
192300 2 10
192300 6 10
192300 6 12
192300 11 58
192300 16 53
192300 16 70
192300 39 65
192300 44 51
192300 51 58
192300 51 65
192300 53 70
192300 58 65
192300 67 84
192300 79 84
192300 84 86
192600 7 88
192600 17 51
192600 29 53
192600 29 63
192600 39 51
192900 9 29
192900 14 48
192900 53 66
193200 28 69
193200 37 82
193500 20 31
193500 24 31
193500 24 48
193500 31 48
193500 71 83
193800 22 64
193800 28 57
193800 37 58
194100 44 51
194100 88 89
194400 24 45
194400 29 53
194400 44 51
194700 9 60
194700 15 33
194700 35 75
195000 30 66
195000 32 91
195000 34 72
195000 53 63
195300 1 84
195300 1 59
195300 6 84
195300 9 73
195300 20 84
195300 28 69
195300 67 84
195300 84 88
195600 24 69
195600 28 69
195900 19 86
196200 7 58
196200 24 48
196200 29 53
196200 49 52
196500 40 56
196800 9 73
197100 12 78
197400 32 38
197700 5 24
197700 5 65
197700 9 66
197700 9 13
197700 24 32
197700 57 60
198000 53 69
198000 61 69
198300 11 24
198300 19 59
198300 19 76
198300 37 72
198300 59 76
198300 70 73
198600 24 31
198600 31 48
198600 81 88
198900 5 37
198900 24 48
198900 24 31
198900 31 48
199200 29 53
199500 9 30
199500 12 76
199500 21 56
199500 22 64
199500 38 45
199500 56 76
199800 9 73
199800 11 23
199800 17 18
199800 22 85
200100 14 22
200400 17 68
200400 36 50
200700 7 86
201000 25 86
201000 30 53
201000 53 77
201300 53 62
201300 76 78
201600 7 76
201900 25 87
202200 49 84
202500 25 87
202800 32 85
202800 50 86
203100 9 51
203100 9 39
203100 39 51
203400 4 79
203400 16 84
203700 9 73
203700 28 84
203700 28 76
203700 76 84
204000 29 53
204300 35 75
204300 44 51
204600 8 30
204600 8 90
204600 9 73
204600 15 67
204600 52 75
204600 53 73
204900 15 33
205200 8 26
205200 9 28
205200 9 62
205200 22 64
205200 28 73
205500 3 14
205500 19 24
205500 24 48
205500 53 70
205800 12 43
206100 9 73
206100 49 73
206100 50 86
206100 57 60
206400 15 33
206400 23 30
206400 53 63
206700 11 44
206700 63 70
207000 14 58
207000 25 79
207300 9 63
207300 37 77
207600 3 5
207600 29 63
207900 1 59
207900 1 88
207900 1 84
207900 11 24
207900 12 88
207900 15 88
207900 23 69
207900 24 55
208200 24 48
208200 66 69
208500 2 15
208500 2 33
208500 9 73
208500 9 62
208500 15 72
208500 29 63
208500 50 75
208500 58 86
208500 58 78
208500 58 59
208500 59 78
208500 72 86
208500 72 78
208500 72 75
208500 75 86
208800 19 50
208800 19 75
208800 27 60
208800 35 50
208800 35 75
208800 50 75
209100 9 63
209100 9 73
209100 9 28
209100 9 69
209100 24 48
209100 28 70
209100 37 65
209100 53 70
209100 61 62
209400 29 53
209400 30 62
209400 49 52
209700 29 63
210000 18 22
210000 22 85
210000 28 66
210000 80 85
210300 24 45
210300 55 79
210300 69 73
210600 29 53
210600 37 58
210900 9 62
210900 9 19
210900 12 58
210900 14 37
210900 19 44
210900 21 61
210900 22 64
210900 29 53
210900 44 45
210900 44 58
210900 44 60
210900 53 63
211200 3 85
211200 50 86
211500 45 72
211800 4 74
211800 24 48
211800 35 75
212100 29 53
212400 2 39
212400 5 48
212400 12 48
212400 12 14
212400 12 20
212400 14 20
212400 14 58
212400 14 78
212400 20 58
212400 20 78
212400 24 87
212400 29 39
212400 31 58
212400 58 78
212700 9 62
212700 9 17
212700 24 48
212700 76 88
213000 21 56
213000 22 64
213000 24 48
213000 35 79
213000 77 82
213300 8 26
213300 28 70
213600 5 37
213600 5 18
213600 14 77
213600 18 37
213600 64 77
213900 3 44
213900 5 72
213900 7 58
213900 9 23
214200 29 63
214500 7 27
214500 7 57
214500 27 77
214500 27 58
214500 58 77
214800 4 87
214800 9 62
214800 22 85
214800 29 53
214800 36 50
214800 84 89
215100 2 6
215100 5 51
215100 5 39
215100 6 10
215100 7 16
215100 9 62
215100 14 82
215400 3 58
215400 29 63
215400 37 58
215400 50 75
215700 29 53
216000 3 65
216000 9 73
216000 17 51
216000 51 68
216300 29 53
216300 57 88
216600 29 53
216600 37 77
216900 11 26
216900 35 75
217200 7 84
217200 24 84
217200 27 84
217200 33 84
217200 51 58
217500 5 85
217500 5 80
217500 21 84
217500 28 69
217800 2 15
217800 7 16
217800 7 12
217800 12 16
218100 9 62
218100 9 73
218100 17 18
218100 50 74
218100 53 69
218100 55 79
218400 7 25
218400 9 72
218400 22 64
218400 35 52
218700 34 84
218700 35 75
218700 55 74
218700 67 84
219000 24 48
219000 46 84
219000 79 86
219300 28 30
219600 8 16
219600 28 69
219900 8 26
219900 29 53
219900 36 79
219900 36 55
219900 55 79
220200 6 88
220200 18 37
220200 22 85
220200 23 69
220200 28 62
220500 8 79
220500 14 24
220500 21 69
220500 29 53
220500 45 58
220800 7 16
220800 29 53
220800 45 58
221100 22 64
221400 9 62
221400 50 86
221700 9 62
221700 29 69
221700 50 74
221700 53 69
221700 55 79
222000 0 48
222000 4 86
222000 9 63
222000 21 84
222000 52 87
222300 4 36
222300 14 24
222300 27 56
222300 27 60
222300 28 53
222300 29 70
222300 29 53
222300 45 65
222300 65 72
222600 14 24
222600 29 63
222600 35 75
222600 59 76
222900 1 16
222900 35 84
222900 35 52
223200 1 76
223200 27 76
223200 35 79
223200 44 51
223200 77 82
223500 0 14
223800 5 75
224100 9 28
224100 12 84
224100 55 87
224400 9 69
224400 9 66
224400 9 62
224400 12 57
224400 27 75
224400 50 74
224400 62 69
224400 80 85
224700 16 61
224700 23 53
224700 28 69
224700 30 53
225000 9 62
225300 24 48
225600 8 26
225600 9 62
225600 9 28
225600 28 73
225600 28 62
225600 50 52
225600 50 86
225900 44 51
225900 57 62
226200 8 26
226200 9 62
226200 9 73
226200 69 73
226500 44 51
226500 55 79
226800 4 49
226800 29 53
226800 57 88
227100 5 51
227100 5 35
227100 14 39
227100 17 51
227100 27 65
227100 27 72
227100 27 35
227100 27 75
227100 35 37
227100 35 45
227100 35 75
227100 45 58
227100 45 72
227100 51 68
227100 58 72
227400 22 64
227400 27 57
227400 44 51
227400 77 82
227700 9 28
227700 9 63
227700 9 69
227700 28 69
227700 28 70
228000 29 70
228000 44 72
228000 53 70
228300 22 64
228300 35 79
228300 77 82
228600 15 33
228600 25 86
228900 4 41
228900 27 57
228900 28 69
229200 49 55
229200 49 86
229200 50 86
229200 52 55
229500 11 24
229500 23 30
229500 50 86
229500 84 88
229800 7 78
229800 7 59
229800 20 52
229800 20 35
229800 25 35
229800 28 40
229800 28 73
229800 35 52
229800 35 84
229800 35 87
229800 40 84
229800 42 79
229800 52 84
229800 56 87
229800 56 84
230100 17 18
230400 2 15
230400 23 30
230700 5 21
230700 21 84
231000 37 84
231000 49 86
231000 50 74
231000 58 84
231300 0 24
231300 17 18
231300 79 87
231300 84 87
231600 15 33
231600 25 55
231600 56 60
231900 22 64
231900 28 73
232200 0 48
232200 9 69
232200 9 43
232200 9 73
232200 15 67
232200 23 69
232200 30 66
232200 44 51
232200 52 75
232200 62 73
232200 69 73
232500 8 26
232500 14 44
232500 52 79
232800 9 62
232800 53 63
233100 21 84
233100 23 29
233100 51 65
233400 26 32
233400 57 60
233700 4 52
233700 8 26
233700 28 29
233700 29 70
233700 37 77
233700 38 39
234000 7 16
234000 9 29
234000 22 32
234000 52 55
234000 55 74
234300 9 62
234300 29 53
234600 35 75
234600 45 65
234600 56 86
234600 56 84
234600 84 86
234900 35 75
234900 62 73
235200 9 73
235200 29 63
235500 3 72
235500 22 32
235500 52 79
235500 62 73
235500 79 86
235800 25 49
235800 55 79
236100 8 26
236100 26 32
236100 38 90
236100 38 85
236100 58 90
236100 58 85
236100 85 90
236400 36 50
236700 11 44
236700 24 63
236700 37 82
236700 86 91
237000 11 69
237000 11 23
237000 23 69
237000 53 63
237300 9 66
237300 9 62
237300 30 66
237300 50 74
237300 58 72
237600 17 68
237600 28 69
237600 29 53
237600 37 82
237600 44 51
237900 29 63
238200 24 48
238200 29 53
238200 35 75
238500 17 18
238500 29 53
238500 36 79
238800 58 65
238800 76 84
239100 8 85
239100 8 37
239100 9 62
239100 21 61
239100 59 76
239400 4 79
239400 9 29
239400 27 81
239700 9 62
239700 16 88
239700 23 53
239700 28 73
239700 29 73
239700 35 52
239700 53 73
240000 22 64
240000 35 79
240000 77 82
240300 7 21
240300 7 78
240300 17 68
240300 21 78
240300 29 53
240300 36 50
240600 0 24
240600 0 48
240600 9 62
240600 15 67
240600 23 30
240900 8 26
240900 21 61
240900 22 64
241200 25 86
241200 29 53
241200 50 86
241500 21 69
241500 29 53
241500 75 79
241800 14 72
241800 28 53
242100 8 26
242100 42 43
242100 53 63
242400 3 58
242700 9 63
243000 22 85
243300 7 25
243300 9 66
243300 22 64
243600 7 58
243600 15 33
243600 44 52
243900 35 52
244200 0 14
244500 39 58
244500 44 58
244500 49 58
244500 49 79
244500 49 88
244500 79 88
244500 79 84
244800 21 69
244800 21 61
244800 24 45
244800 30 66
244800 69 73
245100 7 16
245100 7 25
245100 16 25
245400 17 68
245400 22 85
245400 26 37
245400 28 70
245400 37 72
245400 55 86
245700 9 28
245700 9 63
246000 12 44
246300 7 76
246300 12 16
246300 14 37
246300 27 81
246300 35 75
246600 0 14
246600 12 88
246600 31 51
246600 51 71
246900 3 14
246900 4 86
246900 7 12
246900 9 28
247200 9 73
247500 0 14
247500 3 14
247500 8 90
247500 9 69
247500 16 84
247500 30 53
247500 65 82
247800 9 69
247800 9 63
247800 24 48
247800 28 70
247800 53 70
247800 61 62
248100 7 78
248100 28 69
248100 28 66
248100 42 51
248100 46 60
248400 22 64
248400 40 88
248400 44 51
248400 67 78
248700 5 14
249000 30 53
249000 58 72
249300 9 62
249300 36 55
249300 36 79
249300 55 79
249600 8 26
249600 53 63
249900 9 73
249900 9 62
249900 50 74
250200 23 30
250200 49 74
250200 49 55
250200 55 74
250200 69 73
250500 17 18
250500 45 65
250500 49 52
250500 52 86
250800 9 62
250800 29 53
250800 57 88
251100 5 44
251100 11 44
251100 28 69
251100 29 70
251100 44 51
251400 1 76
251400 19 76
251400 22 64
251400 35 79
251400 77 82
251700 0 24
251700 5 34
251700 23 29
251700 29 30
252000 1 16
252000 2 6
252000 2 10
252000 6 40
252000 6 27
252000 6 10
252000 10 16
252000 10 40
252000 12 77
252000 12 44
252000 16 33
252000 17 18
252000 24 48
252000 27 40
252000 27 46
252000 27 65
252000 27 57
252000 39 65
252000 46 56
252000 46 57
252300 29 53
252300 50 86
252600 14 37
252600 17 68
252900 26 52
252900 29 53
253200 7 56
253200 9 62
253500 14 39
253500 14 58
253800 19 73
253800 29 63
253800 56 84
254100 18 37
254100 23 30
254100 38 91
254400 11 38
254400 23 30
254400 29 53
254400 62 73
254400 84 88
254700 28 84
254700 35 75
254700 39 51
254700 55 75
255000 3 24
255000 14 45
255000 24 29
255000 24 53
255000 24 28
255000 29 53
255000 44 51
255300 28 70
255600 24 48
255600 26 31
255900 11 84
255900 14 71
255900 37 58
255900 50 86
256200 31 71
256500 3 45
256800 28 29
256800 29 53
256800 35 52
257100 28 84
257100 39 51
257400 21 69
257400 58 85
257700 9 73
257700 63 70
258000 11 23
258000 23 69
258000 45 58
258300 62 73
258300 71 83
258600 2 88
258600 7 88
258600 40 88
258600 40 84
258600 84 88
258900 9 63
258900 9 28
259200 9 62
259200 29 53
259200 37 58
259200 50 74
259200 57 88
259500 23 30
259500 29 53
259500 52 86
259500 57 60
259500 74 86
259800 17 18
259800 22 58
259800 22 32
259800 32 58
260100 5 11
260100 18 37
260100 29 53
260400 29 70
260400 29 69
260400 29 53
260400 53 63
260400 59 78
260400 85 91
260700 9 73
260700 29 69
260700 29 53
260700 37 58
260700 50 74
260700 53 69
261000 1 59
261000 6 88
261000 32 38
261300 7 58
261300 21 84
261300 24 45
261300 56 60
261600 24 58
261900 15 33
261900 22 85
261900 22 32
261900 28 66
261900 53 63
261900 58 72
262200 14 85
262200 23 69
262200 23 31
262200 27 75
262200 31 69
262500 8 26
262500 29 53
262500 50 74
262500 53 69
262800 2 10
262800 10 16
262800 10 33
262800 11 84
262800 12 44
262800 24 31
262800 39 51
262800 51 58
262800 58 65
263100 8 26
263100 14 44
263400 9 62
263400 77 82
263700 21 46
263700 21 26
263700 24 48
263700 26 31
263700 49 79
263700 75 79
264000 13 88
264000 21 88
264000 29 53
264000 29 69
264000 45 83
264000 50 74
264000 55 79
264300 6 40
264300 7 16
264600 39 58
264600 79 84
264600 79 88
264900 9 62
264900 29 73
264900 29 63
265200 9 62
265200 23 53
265200 23 73
265200 28 53
265200 28 73
265200 29 53
265200 39 51
265500 28 43
265500 39 51
265800 37 84
266100 24 28
266100 29 53
266400 22 64
266400 24 48
266400 44 51
266400 52 87
266400 77 82
266700 24 45
266700 29 53
266700 37 58
266700 44 51
267000 3 44
267000 22 64
267000 44 51
267000 45 58
267300 15 33
267300 22 85
267300 28 66
267300 44 51
267300 53 63
267600 1 16
267600 2 15
267600 31 71
267600 33 40
267900 23 69
268200 9 30
268200 29 53
268200 30 62
268200 37 77
268200 49 52
268200 52 84
268500 12 59
268500 50 86
268500 75 84
268800 15 33
268800 46 76
268800 60 81
269100 28 84
269400 5 74
269400 5 37
269400 9 62
269400 9 73
269400 24 48
269400 24 77
269400 24 74
269700 0 65
269700 14 65
269700 39 45
270000 22 64
270000 42 52
270300 7 12
270300 23 29
270600 30 57
270600 51 90
270600 52 75
270600 56 59
270600 58 65
270600 59 78
270900 3 14
270900 21 84
270900 28 73
270900 29 70
270900 45 65
271200 56 84
271500 15 33
271800 14 65
271800 14 45
271800 22 64
271800 29 53
271800 39 58
271800 39 85
271800 46 89
271800 58 85
271800 58 65
272100 9 62
272100 9 45
272100 12 57
272100 13 50
272100 14 85
272100 14 24
272100 27 75
272100 45 61
272100 45 83
272100 50 74
272400 12 56
272400 56 58
272700 17 18
272700 18 68
272700 24 48
272700 32 58
273000 9 62
273000 9 19
273000 22 64
273000 24 48
273000 38 44
273300 1 12
273300 5 45
273300 9 73
273300 9 62
273600 9 73
273600 9 62
273900 21 69
273900 21 61
273900 61 69
274200 9 29
274200 11 48
274200 27 81
274200 57 88
274500 18 37
274500 53 70
274800 0 14
274800 14 37
274800 17 18
274800 28 30
274800 64 77
275100 7 58
275100 9 73
275100 24 35
275100 29 53
275100 35 48
275100 42 55
275100 49 52
275400 35 75
275400 55 86
275700 9 28
275700 15 60
275700 16 76
275700 28 62
275700 35 50
275700 38 90
275700 39 65
275700 50 75
275700 85 90
276000 7 25
276000 22 64
276000 49 84
276000 50 84
276000 50 52
276000 52 84
276300 4 48
276300 8 34
276300 8 90
276300 8 58
276300 11 24
276300 27 76
276300 27 81
276300 45 58
276600 9 62
276600 22 85
276600 29 53
276600 29 30
276600 50 86
276900 8 26
276900 44 51
277200 0 24
277500 2 28
277500 2 39
277500 11 34
277500 28 38
277500 61 86
277500 77 86
277800 0 14
277800 14 37
277800 17 18
277800 37 82
278100 8 50
278100 9 62
278100 38 58
278100 38 45
278100 50 75
278400 5 14
278400 9 62
278400 37 58
278400 44 45
