0 1 88
0 9 62
0 9 69
0 9 66
0 27 88
0 28 69
0 29 30
0 30 66
300 0 24
600 3 5
600 3 22
600 5 18
600 11 24
600 18 22
600 22 64
600 55 79
900 9 73
900 9 62
900 50 74
1200 0 24
1200 20 84
1200 35 52
1200 35 84
1200 55 79
1200 56 87
1200 56 84
1500 32 80
1500 50 74
1800 14 22
1800 14 39
1800 21 84
1800 30 90
1800 59 78
2100 3 80
2100 28 53
2100 49 55
2400 29 53
2400 52 87
2700 7 84
2700 35 86
2700 35 50
2700 37 80
2700 37 50
2700 38 86
2700 50 75
2700 50 80
3000 7 78
3000 7 59
3000 20 52
3000 20 35
3000 25 35
3000 28 40
3000 28 73
3000 35 52
3000 35 84
3000 35 87
3000 40 84
3000 42 79
3000 52 84
3000 56 87
3000 56 84
3300 9 62
3600 3 8
3600 14 85
3600 19 79
3600 24 48
3600 45 65
3900 6 40
3900 9 73
3900 9 61
3900 50 86
4200 34 84
4200 35 75
4200 55 74
4200 67 84
4500 17 18
4500 21 56
4500 21 59
4500 24 48
4500 32 58
4800 0 24
4800 17 68
5100 21 46
5100 21 26
5100 24 48
5100 26 31
5100 49 79
5100 75 79
5400 17 18
5400 29 53
5400 36 79
5700 28 70
5700 38 39
6000 9 28
6000 12 84
6000 55 87
6300 9 30
6300 29 53
6300 30 62
6300 37 77
6300 49 52
6300 52 84
6600 9 28
6600 9 63
6900 2 39
6900 5 48
6900 12 48
6900 12 14
6900 12 20
6900 14 20
6900 14 58
6900 14 78
6900 20 58
6900 20 78
6900 24 87
6900 29 39
6900 31 58
6900 58 78
7200 30 53
7200 58 72
7500 22 80
7500 28 69
7500 53 70
7800 28 84
8100 29 53
8100 46 89
8100 69 70
8400 11 48
8400 12 49
8400 49 67
8400 58 65
8400 60 89
8700 28 69
8700 46 60
8700 49 86
8700 49 55
8700 55 86
9000 26 32
9300 0 14
9300 53 70
9300 60 79
9600 24 45
9600 29 53
9600 44 51
9900 12 16
9900 27 81
9900 39 57
9900 50 86
10200 29 53
10200 35 75
10200 42 50
10500 44 51
10500 77 82
10800 0 48
10800 9 73
10800 15 67
10800 52 75
11100 1 33
11100 1 7
11100 5 72
11100 24 45
11100 37 58
11100 58 65
11400 15 33
11700 28 53
11700 44 51
12000 29 53
12300 9 62
12300 29 53
12600 15 27
12600 23 30
12600 29 71
12600 37 58
12900 2 15
12900 9 73
12900 9 30
12900 29 63
12900 61 63
13200 12 58
13200 58 72
13200 59 78
13200 65 72
13500 8 26
13500 22 71
13500 38 85
13500 38 90
13500 39 65
13500 58 85
13500 72 90
13800 1 7
13800 9 73
13800 9 62
13800 14 51
13800 23 29
13800 28 29
13800 29 53
13800 49 55
14100 49 55
14100 49 86
14100 50 86
14100 52 55
14400 1 16
14400 35 84
14400 35 52
14700 0 14
14700 3 14
14700 8 90
14700 9 69
14700 16 84
14700 30 53
14700 65 82
15000 3 14
15000 14 37
15000 16 84
15000 50 75
15300 24 48
15300 57 76
15600 9 73
15900 29 53
15900 30 62
15900 49 52
16200 22 64
16200 40 88
16200 44 51
16200 67 78
16500 37 58
16500 44 52
16800 4 86
16800 23 29
16800 29 53
17100 9 62
17100 9 19
17100 12 58
17100 14 37
17100 19 44
17100 21 61
17100 22 64
17100 29 53
17100 44 45
17100 44 58
17100 44 60
17100 53 63
17400 6 40
17700 29 53
17700 37 58
18000 0 48
18000 8 90
18000 9 80
18000 9 30
18000 15 67
18000 24 48
18000 30 53
18000 53 73
18000 53 62
18300 0 65
18300 14 65
18300 39 45
18600 8 26
18600 26 32
18600 38 90
18600 38 85
18600 58 90
18600 58 85
18600 85 90
18900 0 24
18900 42 79
18900 42 44
18900 56 84
19200 5 39
19200 14 58
19200 40 88
19200 49 55
19500 4 79
19500 16 84
19800 16 25
19800 52 87
20100 9 62
20100 27 88
20100 28 69
20100 29 53
20400 3 53
20400 7 33
20400 11 56
20400 22 32
20400 22 45
20400 28 70
20400 44 51
20400 53 70
20400 53 61
20700 0 14
20700 16 59
20700 53 69
21000 0 24
21000 19 42
21000 19 50
21000 20 35
21000 22 32
21000 55 79
21000 84 87
21300 22 50
21600 8 79
21600 14 24
21600 21 69
21600 29 53
21600 45 58
21900 3 5
21900 29 73
21900 50 86
22200 9 63
22200 37 77
22500 29 53
22800 17 68
22800 28 69
22800 29 53
22800 37 82
22800 44 51
23100 9 62
23100 50 86
23400 4 86
23400 7 12
23400 9 28
23400 9 63
23400 37 58
23400 52 87
23700 15 33
23700 23 61
24000 3 14
24000 9 62
24000 9 28
24000 9 44
24000 34 44
24000 44 45
24300 11 24
24300 11 51
24300 17 68
24300 22 64
24300 27 51
24300 27 68
24600 17 68
24900 2 28
24900 2 39
24900 11 34
24900 28 38
24900 61 86
24900 77 86
25200 4 41
25200 27 57
25200 28 69
25500 22 32
25800 9 23
25800 9 62
26100 25 87
26400 22 72
26400 28 69
26700 22 85
26700 46 89
27000 5 37
27000 5 34
27000 7 27
27000 7 88
27000 27 88
27000 34 37
27300 16 84
27300 28 73
27300 44 51
27600 2 28
27600 5 22
27600 22 85
27900 0 24
27900 9 66
27900 23 29
28200 1 84
28200 5 18
28200 15 88
28200 15 40
28200 15 84
28200 18 32
28200 22 32
28200 23 69
28200 28 30
28200 29 53
28200 59 88
28200 59 84
28200 62 75
28200 81 84
28200 84 88
28500 28 69
28500 46 89
28800 35 75
28800 45 65
28800 56 86
28800 56 84
28800 84 86
29100 3 68
29100 9 62
29100 28 69
29100 37 77
29100 52 75
29100 62 73
29400 11 44
29400 19 28
29400 25 86
29400 35 75
29400 35 52
29400 45 65
29400 52 75
29700 29 53
29700 37 77
30000 5 18
30000 12 77
30000 12 44
30000 12 64
30000 24 48
30000 39 65
30000 44 65
30300 3 5
30300 29 63
30600 24 28
30600 29 53
30900 9 62
30900 17 18
30900 50 86
30900 79 87
31200 17 18
31500 5 18
31500 35 50
31500 42 50
31500 50 86
31800 7 58
31800 21 84
31800 24 45
31800 56 60
32100 0 14
32100 7 16
32100 8 90
32100 8 60
32100 9 69
32100 17 68
32100 17 18
32400 9 63
32400 28 70
32400 28 53
32400 37 65
32400 53 70
32400 61 62
32700 11 48
32700 22 32
32700 58 65
33000 11 84
33000 12 84
33000 16 33
33000 29 53
33000 42 43
33000 49 84
33000 49 58
33000 49 64
33000 58 84
33000 64 77
33000 79 88
33300 21 69
33300 29 63
33600 24 48
33600 26 31
33900 8 83
33900 29 53
33900 44 51
34200 34 84
34200 58 72
34200 80 85
34500 22 38
34500 29 53
34500 29 30
34500 29 66
34500 30 53
34800 24 48
34800 35 52
34800 39 45
34800 57 62
35100 8 26
35100 49 74
35400 7 58
35400 9 73
35400 24 35
35400 29 53
35400 35 48
35400 42 55
35400 49 52
35700 28 69
36000 28 70
36300 59 76
36600 25 86
36600 29 53
36600 50 86
36900 21 84
36900 22 85
37200 12 59
37200 20 84
37200 37 58
37200 59 76
37500 29 53
37500 37 58
37800 0 48
37800 8 90
37800 8 16
37800 29 53
37800 29 30
37800 62 73
38100 21 69
38100 29 63
38400 4 48
38400 8 34
38400 8 90
38400 8 58
38400 11 24
38400 27 76
38400 27 81
38400 45 58
38700 29 53
38700 50 74
38700 52 86
39000 24 48
39000 52 75
39000 69 70
39300 21 84
39300 23 29
39300 51 65
39600 35 75
39600 35 52
39900 1 84
39900 5 18
39900 6 84
39900 7 84
39900 20 84
39900 28 30
39900 29 53
39900 32 38
39900 33 84
39900 67 84
39900 81 84
39900 84 88
40200 49 55
40200 50 86
40500 19 59
40500 19 76
40500 21 61
40500 24 45
40500 25 47
40500 27 57
40500 28 69
40500 44 51
40500 53 66
40800 8 50
40800 9 62
40800 38 58
40800 38 45
40800 50 75
41100 7 58
41100 12 15
41100 15 33
41400 23 30
41400 24 48
41700 4 86
41700 52 86
42000 14 47
42000 32 38
42300 0 48
42300 9 63
42300 32 71
42600 9 73
42600 63 70
42900 18 47
42900 18 37
42900 58 65
43200 1 16
43200 7 88
43200 9 62
43200 35 79
43200 35 52
43200 35 36
43200 36 79
43200 76 88
43500 29 63
43800 8 26
43800 9 62
43800 52 84
44100 9 63
44100 9 73
44100 9 28
44100 9 69
44100 24 48
44100 28 70
44100 37 65
44100 53 70
44100 61 62
44400 5 44
44400 11 44
44400 28 69
44400 29 70
44400 44 51
44700 35 75
45000 1 78
45000 7 78
45000 21 76
45000 24 48
45000 77 82
45300 5 24
45300 5 65
45300 9 66
45300 9 13
45300 24 32
45300 57 60
45600 7 46
45600 17 18
45600 17 68
45600 45 58
45900 9 62
46200 7 27
46500 1 7
46500 17 18
46500 55 79
46500 75 79
46800 11 48
46800 49 84
46800 50 74
46800 75 88
46800 79 88
47100 24 48
47100 46 84
47100 79 86
47400 8 58
47400 14 58
47400 19 27
47400 27 50
47400 27 84
47400 27 35
47400 27 52
47400 27 75
47400 35 75
47400 35 38
47400 45 58
47400 58 72
47700 14 58
47700 22 38
48000 2 71
48000 14 58
48000 14 39
48000 14 24
48000 37 82
48000 39 58
48000 53 70
48000 58 82
48300 0 48
48300 9 77
48300 9 62
48300 28 73
48300 44 51
48600 9 30
48600 9 28
48600 9 53
48600 17 18
48600 28 30
48600 28 73
48600 29 53
48600 44 51
48600 50 75
48900 64 77
49200 7 84
49200 8 26
49200 21 84
49200 31 71
49500 15 33
49500 50 86
49500 60 81
49500 76 88
49800 17 68
49800 18 34
49800 35 75
49800 35 36
49800 36 75
50100 34 84
50100 35 75
50100 35 50
50100 37 84
50100 50 86
50100 75 86
50400 3 14
50400 7 88
50400 9 63
50400 9 28
50700 11 69
50700 11 23
50700 23 69
50700 53 63
51000 9 66
51000 14 24
51000 24 58
51000 28 84
51300 7 88
51300 22 64
51300 59 67
51300 61 66
51600 17 18
51600 35 75
51600 39 90
51900 1 76
51900 27 76
51900 35 79
51900 44 51
51900 77 82
52200 7 58
52200 21 69
52200 36 50
52500 11 38
52500 23 30
52500 29 53
52500 62 73
52500 84 88
52800 0 24
52800 0 14
52800 14 24
52800 14 48
52800 22 77
52800 24 48
52800 45 48
53100 7 16
53100 7 84
53100 7 25
53100 16 84
53100 16 25
53100 25 84
53100 50 84
53400 53 70
53700 7 88
53700 17 51
53700 29 53
53700 29 63
53700 39 51
54000 0 14
54300 9 66
54300 9 62
54300 9 73
54300 11 84
54300 62 73
54600 4 74
54600 24 48
54600 35 75
54900 9 53
54900 29 53
54900 37 58
54900 50 86
54900 53 73
55200 1 76
55200 37 58
55500 44 51
55500 58 65
55800 53 66
56100 29 63
56400 22 64
56400 35 52
56400 44 51
56400 46 89
56700 1 2
56700 2 10
56700 5 39
56700 6 10
56700 21 56
56700 45 58
57000 7 78
57000 16 25
57000 27 60
57300 8 26
57300 50 74
57600 14 44
57600 14 22
57900 29 53
57900 59 76
58200 62 73
58200 71 83
58500 17 18
58500 22 58
58500 22 32
58500 32 58
58800 1 78
58800 3 5
58800 29 63
59100 4 55
59400 17 18
59400 22 32
59400 79 87
59700 14 85
59700 23 69
59700 23 31
59700 27 75
59700 31 69
60000 0 51
60000 17 18
60000 26 65
60000 29 53
60000 45 72
60300 22 64
60600 12 44
60900 29 53
61200 7 58
61200 29 53
61200 35 48
61200 55 79
61500 9 62
61500 15 33
61500 35 75
61500 52 55
61500 60 81
61800 28 73
61800 62 73
61800 67 84
61800 67 76
62100 9 62
62100 38 58
62100 38 45
62100 59 78
62100 76 78
62400 3 43
62400 29 53
62700 35 75
62700 44 51
63000 0 24
63300 29 53
63300 53 70
63300 59 76
63600 17 18
63600 45 65
63900 49 55
64200 9 62
64200 18 90
64200 23 30
64200 50 60
64200 50 57
64200 57 88
64500 9 62
64500 16 84
64500 24 48
64800 5 85
64800 5 72
64800 55 86
64800 72 80
64800 80 85
65100 7 81
65100 14 45
65100 57 60
65400 34 86
65700 50 86
66000 21 76
66000 21 69
66000 22 85
66300 29 53
66300 35 49
66300 37 84
66300 58 84
66600 2 10
66600 2 6
66600 3 14
66600 6 10
66600 11 14
66600 14 34
66600 27 46
66600 44 51
66900 9 51
66900 9 39
66900 39 51
67200 17 18
67200 32 38
67500 29 53
67800 7 59
67800 8 90
67800 24 48
67800 79 86
68100 15 60
68400 35 75
68400 62 73
68700 21 56
68700 22 64
68700 24 48
68700 35 79
68700 77 82
69000 22 64
69000 27 57
69000 44 51
69000 77 82
69300 9 73
69300 28 84
69300 28 76
69300 76 84
69600 12 58
69600 39 58
69600 79 88
69900 21 56
69900 24 48
70200 22 64
70500 6 40
70500 9 30
70500 9 29
70500 28 29
70500 28 53
70500 29 53
70800 25 86
70800 30 53
70800 53 77
71100 7 76
71400 9 62
71400 24 31
71400 24 48
71400 31 48
71700 7 25
71700 16 25
71700 30 66
71700 50 86
72000 22 85
72300 0 14
72300 7 78
72300 9 62
72300 21 84
72300 21 56
72300 29 53
72300 52 87
72600 9 73
72600 14 24
72600 59 76
72900 9 62
72900 38 58
72900 38 45
72900 45 58
73200 5 14
73200 29 70
73200 44 51
73500 7 76
73800 5 14
73800 9 62
73800 37 58
73800 44 45
74100 3 5
74100 29 63
74100 29 73
74100 50 88
74400 0 14
74400 9 62
74400 29 53
74400 37 58
74700 2 15
74700 17 18
74700 35 75
74700 79 87
75000 20 35
75000 39 45
75000 42 79
75300 7 16
75300 7 58
75600 14 24
75900 7 84
75900 16 84
75900 25 84
75900 64 77
76200 22 64
76200 24 48
76200 77 82
76500 0 14
76800 37 58
77100 14 39
77100 14 58
77400 7 25
77400 16 25
77400 30 66
77700 29 53
77700 69 70
78000 15 60
78000 21 60
78000 85 90
78300 14 58
78300 21 76
78600 24 48
78600 31 32
78900 21 84
78900 24 48
78900 35 75
78900 55 79
79200 9 73
79200 29 63
79500 9 73
79500 11 23
79500 17 18
79500 22 85
79800 18 37
79800 23 30
79800 38 91
80100 4 50
80100 4 52
80100 14 24
80100 21 69
80100 29 53
80400 9 23
80400 9 73
80400 14 24
80700 5 39
80700 35 87
80700 35 86
80700 35 52
81000 15 33
81000 23 30
81000 53 63
81300 17 34
81600 42 43
81600 42 72
81600 42 58
81600 58 72
81900 29 53
82200 8 30
82200 8 90
82200 9 73
82200 15 67
82200 52 75
82200 53 73
82500 24 48
82800 5 14
82800 6 88
82800 14 24
82800 28 30
83100 26 52
83100 29 53
83400 29 53
83400 37 58
83400 62 69
83700 29 63
83700 50 84
83700 58 65
83700 59 76
83700 76 81
84000 23 69
84300 24 48
84300 52 84
84300 53 63
84600 16 78
84600 28 73
84600 53 63
84600 70 73
84600 75 79
84900 0 14
84900 5 22
84900 5 37
84900 16 45
84900 22 37
84900 22 26
84900 22 34
84900 26 37
84900 26 72
84900 34 37
84900 37 72
84900 40 84
84900 40 78
84900 60 81
84900 60 88
84900 81 88
85200 9 62
85200 22 85
85200 29 53
85200 29 30
85200 50 86
85500 12 44
85500 17 56
85800 22 64
85800 42 52
86100 17 18
86100 45 65
86100 49 52
86100 52 86
86400 11 44
86400 44 53
86400 53 70
86700 9 73
86700 29 63
87000 0 48
87000 9 62
87000 15 67
87000 16 59
87000 24 48
87000 28 30
87000 28 69
87000 44 51
87000 52 75
87000 62 73
87300 32 85
87300 50 86
87600 29 63
87900 2 88
87900 7 58
88200 29 53
88500 19 73
88500 29 63
88500 56 84
88800 7 58
89100 24 44
89100 29 63
89400 0 14
89400 0 3
89400 3 14
89400 7 78
89700 5 37
89700 35 75
89700 35 49
89700 46 57
90000 9 73
90000 50 86
90300 53 69
90300 61 69
90600 25 36
90600 53 63
90900 4 52
90900 9 73
90900 9 69
90900 9 62
90900 29 53
90900 52 55
90900 55 79
90900 67 76
91200 15 33
91200 60 81
91200 76 88
91500 9 46
91500 55 84
91800 3 37
91800 9 30
91800 32 88
92100 21 69
92100 24 45
92400 29 63
92700 42 84
92700 52 84
92700 53 63
93000 39 58
93000 44 58
93000 49 58
93000 49 79
93000 49 88
93000 79 88
93000 79 84
93300 29 63
93300 50 86
93600 44 51
93600 55 79
93900 2 10
93900 2 40
93900 6 10
93900 21 88
93900 44 51
93900 57 88
94200 0 24
94200 0 48
94200 9 62
94200 15 67
94200 23 30
94500 14 72
94500 14 34
94500 14 85
94500 24 48
94500 27 75
94500 27 35
94500 35 75
94800 11 84
94800 14 71
94800 37 58
94800 50 86
95100 7 58
95100 24 48
95100 29 53
95100 49 52
95400 1 88
95400 5 51
95400 7 81
95400 7 88
95400 29 53
95400 39 51
95400 49 67
95400 55 86
95700 29 53
95700 37 58
96000 5 18
96000 7 88
96000 8 26
96000 53 63
96300 12 60
96300 19 75
96300 35 75
96300 35 50
96300 50 75
96300 50 52
96300 52 75
96600 9 28
96600 9 63
96600 28 69
96600 37 77
96900 7 25
96900 35 84
96900 52 84
97200 8 26
97200 22 91
97200 24 48
97200 29 91
97200 39 58
97200 42 43
97500 25 88
97500 29 53
97500 38 51
97500 45 58
97500 51 72
97800 12 64
97800 12 45
97800 12 58
97800 17 18
97800 18 68
97800 34 58
97800 64 77
98100 12 88
98100 22 85
98100 55 74
98400 9 73
98400 9 19
98400 33 88
98400 50 75
98700 19 78
98700 21 63
98700 29 53
99000 45 58
99000 45 72
99000 63 70
99300 29 70
99600 5 11
99600 14 48
99600 28 73
99600 29 53
99600 39 51
99600 61 71
99600 70 73
99900 39 58
99900 79 84
99900 79 88
100200 7 84
100200 44 65
100200 58 65
100500 62 73
100800 3 5
100800 29 63
101100 11 23
101100 23 69
101100 45 58
101400 35 75
101400 35 52
101400 52 75
101700 35 75
101700 55 86
102000 17 84
102000 24 28
102000 29 53
102300 12 78
102600 0 14
102600 8 54
102600 8 32
102600 8 26
102600 22 91
102600 25 39
102600 39 51
102900 3 24
102900 14 45
102900 24 29
102900 24 53
102900 24 28
102900 29 53
102900 44 51
103200 23 30
103200 45 72
103200 45 65
103200 49 74
103200 50 86
103200 52 84
103200 65 72
103500 23 30
103500 49 74
103500 49 55
103500 55 74
103500 69 73
103800 29 63
104100 4 49
104100 29 53
104100 57 88
104400 14 18
104400 25 58
104400 29 53
104400 35 75
104400 50 75
104400 53 63
104400 56 60
104700 14 37
104700 35 87
104700 35 52
104700 44 51
105000 15 67
105000 30 66
105000 37 58
105000 37 77
105000 52 75
105000 62 73
105000 64 82
105000 65 82
105300 18 22
105300 22 85
105300 28 66
105300 80 85
105600 37 84
105900 1 88
105900 1 59
105900 22 32
106200 2 33
106200 24 87
106200 58 62
106500 3 44
106500 5 72
106500 7 58
106500 9 23
106800 17 18
107100 2 84
107100 3 68
107100 9 62
107100 9 30
107100 24 48
107100 52 75
107100 62 73
107400 28 84
107400 39 51
107700 15 33
107700 46 76
107700 60 81
108000 5 37
108000 24 48
108000 24 31
108000 31 48
108300 3 83
108300 50 74
108600 11 23
108900 17 18
108900 29 61
108900 44 51
109200 9 62
109200 23 53
109200 23 73
109200 28 53
109200 28 73
109200 29 53
109200 39 51
109500 6 12
109500 6 26
109500 9 62
109500 9 26
109500 12 46
109500 14 24
109800 7 76
109800 12 16
109800 14 37
109800 27 81
109800 35 75
110100 2 10
110100 10 16
110100 10 33
110100 11 84
110100 12 44
110100 24 31
110100 39 51
110100 51 58
110100 58 65
110400 21 56
110400 36 50
110700 8 26
110700 23 30
110700 23 53
110700 29 53
110700 30 53
110700 39 58
111000 53 63
111300 52 79
111600 0 45
111600 29 53
111600 37 58
111600 37 47
111900 11 57
111900 22 64
111900 29 30
111900 30 63
111900 47 58
111900 56 57
112200 44 51
112200 57 62
112500 29 53
112800 5 72
112800 5 37
112800 5 22
112800 18 72
112800 22 37
112800 22 72
112800 22 26
112800 26 72
112800 26 37
112800 26 71
112800 28 73
112800 37 72
113100 8 26
113100 53 63
113400 12 88
113400 17 18
113400 55 74
113700 7 12
113700 38 69
114000 0 48
114000 8 90
114000 29 53
114300 22 64
114300 28 57
114300 37 58
114600 8 26
114600 9 62
114600 21 84
114900 29 53
114900 37 58
114900 44 51
114900 67 76
115200 28 66
115500 14 37
115500 37 58
115500 44 51
115800 9 69
115800 9 63
115800 24 48
115800 28 70
115800 53 70
115800 61 62
116100 9 62
116100 14 24
116100 19 58
116100 21 69
116100 25 79
116100 39 51
116100 51 65
116100 58 72
116100 65 72
116100 66 70
116400 5 24
116400 7 16
116400 8 26
116400 14 90
116400 18 37
116700 24 48
116700 42 43
116700 44 45
116700 48 49
116700 53 70
116700 79 88
117000 24 45
117000 25 47
117000 27 57
117000 53 70
117300 1 6
117300 1 33
117300 1 40
117300 1 10
117300 1 16
117300 2 10
117300 5 39
117300 6 40
117300 6 10
117300 10 40
117300 10 38
117300 10 16
117300 12 44
117300 12 77
117300 16 33
117300 24 48
117300 33 40
117300 38 45
117300 38 85
117300 45 85
117600 28 69
117600 65 91
117900 22 85
117900 61 69
118200 7 16
118200 9 29
118200 22 32
118200 52 55
118200 55 74
118500 11 24
118500 19 59
118500 19 76
118500 37 72
118500 59 76
118500 70 73
118800 12 43
119100 7 78
119100 20 35
119100 29 73
119100 35 52
119100 56 87
119100 56 84
119100 63 70
119100 84 87
119400 69 70
119700 7 78
119700 9 69
119700 9 29
119700 29 63
120000 9 62
120000 9 66
120000 14 48
120000 24 32
120000 50 75
120000 59 76
120300 7 58
120300 19 76
120300 21 69
120300 28 73
120300 59 76
120600 11 86
120600 12 86
120600 76 78
120900 4 50
120900 5 24
120900 7 57
120900 8 26
120900 9 62
120900 13 50
120900 14 90
120900 14 37
120900 32 80
120900 37 90
121200 2 15
121200 9 73
121200 17 18
121200 35 75
121500 2 15
121500 23 30
121800 9 73
121800 49 73
121800 50 86
121800 57 60
122100 3 58
122400 9 62
122400 39 51
122700 9 62
122700 9 53
122700 12 58
122700 12 44
122700 12 77
122700 39 65
122700 39 58
122700 44 65
122700 53 70
122700 58 65
123000 0 24
123000 5 34
123000 23 29
123000 29 30
123300 4 36
123300 14 24
123300 27 56
123300 27 60
123300 28 53
123300 29 70
123300 29 53
123300 45 65
123300 65 72
123600 28 29
123600 49 86
123900 23 30
123900 29 53
123900 52 86
123900 57 60
123900 74 86
124200 0 48
124200 0 14
124200 9 62
124200 18 68
124200 28 29
124500 29 63
124500 37 77
124500 55 86
124800 14 32
125100 21 46
125100 24 48
125100 26 31
125100 75 79
125400 52 79
125700 7 88
126000 9 62
126000 35 75
126300 17 18
126300 22 32
126300 79 87
126300 84 87
126600 28 69
126600 29 70
126600 44 51
126900 24 48
127200 3 45
127500 31 71
127800 3 72
127800 22 32
127800 52 79
127800 62 73
127800 79 86
128100 6 88
128100 18 37
128100 22 85
128100 23 69
128100 28 62
128400 28 69
128400 37 82
128700 11 44
128700 24 48
129000 3 18
129000 9 62
129000 18 65
129000 29 53
129300 14 47
129300 45 72
129600 9 62
129600 29 53
129600 37 58
129600 50 74
129600 57 88
129900 58 65
129900 76 84
130200 24 58
130200 32 80
130200 67 76
130500 5 18
130500 7 88
130500 16 88
130500 28 73
130500 29 53
130500 39 51
130500 49 86
130500 49 55
130500 55 86
130800 42 51
130800 46 60
130800 53 70
131100 28 53
131400 5 80
131400 5 18
131400 18 80
131700 36 50
132000 5 18
132000 5 11
132000 62 73
132300 29 53
132600 9 63
132600 9 28
132600 61 62
132900 28 69
132900 29 53
132900 44 51
133200 14 72
133200 30 73
133200 30 69
133200 53 69
133500 56 84
133800 9 62
133800 29 53
134100 58 65
134100 76 78
134100 76 81
134100 78 81
134400 18 90
134400 23 30
134400 35 75
134400 46 84
134400 50 86
134400 50 60
134400 57 88
134400 62 73
134700 9 62
134700 16 88
134700 23 53
134700 28 73
134700 29 73
134700 35 52
134700 53 73
135000 17 18
135000 29 63
135300 24 48
135300 31 91
135300 66 69
135600 29 53
135600 37 58
135600 50 86
135600 51 65
135900 3 14
135900 4 86
135900 7 12
135900 9 28
136200 28 69
136200 30 66
136200 52 75
136500 22 38
136500 25 28
136500 25 53
136500 28 53
136500 53 69
136800 24 31
136800 31 48
136800 81 88
137100 28 69
137400 0 45
137400 3 5
137400 9 29
137400 9 30
137400 9 70
137400 9 28
137700 7 16
137700 29 53
137700 45 58
138000 22 64
138000 35 79
138000 77 82
138300 28 43
138300 39 51
138600 13 88
138600 21 88
138600 29 53
138600 29 69
138600 45 83
138600 50 74
138600 55 79
138900 2 15
138900 2 3
138900 2 48
138900 15 48
138900 24 48
138900 24 49
138900 35 75
138900 48 49
139200 0 48
139200 8 90
139200 16 84
139200 29 53
139500 0 45
139500 4 86
139500 29 91
139500 29 53
139500 53 63
139800 17 18
140100 7 25
140100 9 66
140100 22 64
140400 29 53
140700 7 27
140700 27 60
140700 27 57
140700 28 61
140700 29 53
140700 49 74
140700 57 60
141000 3 80
141300 14 24
141300 28 84
141300 39 51
141600 29 53
141900 8 39
141900 8 85
141900 9 62
141900 38 45
142200 14 65
142200 14 45
142200 22 64
142200 29 53
142200 39 58
142200 39 85
142200 46 89
142200 58 85
142200 58 65
142500 51 54
142500 63 89
142800 7 78
142800 28 69
142800 28 66
142800 42 51
142800 46 60
143100 9 19
143100 9 62
143100 9 73
143100 19 73
143100 45 65
143100 62 73
143400 35 75
143400 50 86
143700 22 64
143700 24 48
143700 77 82
144000 24 45
144000 55 79
144000 69 73
144300 17 68
144300 42 50
144600 24 58
144600 28 84
144600 28 62
144900 14 71
144900 44 51
144900 50 86
145200 11 23
145500 24 48
145500 46 84
145500 74 79
145800 67 84
146100 14 58
146100 53 66
146400 49 74
146700 29 53
146700 52 86
147000 12 44
147000 12 58
147000 12 77
147000 24 48
147000 58 65
147300 3 14
147300 21 84
147300 28 73
147300 29 70
147300 45 65
147600 11 23
147600 23 69
147600 53 63
147900 8 26
147900 44 51
148200 15 33
148200 49 50
148500 29 53
148500 29 63
148800 28 70
149100 11 77
149100 12 27
149100 17 34
149100 22 48
149100 27 81
149100 27 48
149100 27 77
149100 48 64
149100 64 77
149400 17 68
149400 17 34
149400 34 68
149400 35 75
149400 36 75
149400 75 86
149700 12 58
149700 43 58
149700 44 45
149700 79 88
150000 9 73
150000 29 53
150000 53 73
150300 8 37
150300 37 82
150300 37 58
150300 58 82
150600 3 65
150600 9 73
150600 17 51
150600 51 68
150900 7 84
150900 24 84
150900 27 84
150900 33 84
150900 51 58
151200 8 26
151200 42 43
151200 53 63
151500 7 12
151500 22 32
151800 52 79
152100 45 65
152100 50 86
152100 55 74
152400 3 5
152400 9 29
152400 11 48
152400 11 24
152400 24 48
152400 57 88
152400 74 86
152700 0 48
152700 4 50
152700 9 73
152700 9 62
152700 15 67
152700 52 75
152700 53 66
153000 24 48
153000 66 69
153300 7 27
153300 27 57
153300 57 60
153600 3 24
153600 15 33
153600 28 29
153600 44 51
153600 53 63
153900 9 63
154200 9 62
154200 9 17
154200 24 48
154200 76 88
154500 23 69
154500 23 30
154500 29 53
154500 30 63
154500 30 53
154800 11 16
154800 35 51
154800 35 84
154800 40 57
154800 44 51
154800 44 45
154800 45 51
154800 53 70
154800 56 88
154800 57 88
155100 7 12
155100 22 91
155100 24 32
155100 33 84
155100 79 88
155100 85 91
155400 7 88
155400 9 62
155400 29 53
155700 29 53
155700 57 88
156000 35 75
156000 76 84
156300 9 29
156300 29 62
156300 29 63
156300 62 73
156300 63 66
156600 3 19
156600 3 14
156600 9 14
156600 19 42
156600 29 63
156900 28 29
156900 29 53
156900 35 52
157200 1 59
157200 29 53
157200 75 79
157500 0 24
157500 17 18
157500 79 87
157500 84 87
157800 14 58
157800 21 61
158100 5 21
158100 21 84
158400 7 25
158400 28 69
158700 29 53
159000 7 12
159000 23 29
159300 3 58
159300 29 63
159300 37 58
159300 50 75
159600 7 56
159600 9 62
159900 11 58
159900 27 64
159900 28 53
159900 53 70
159900 85 90
160200 50 74
160200 53 69
160500 3 72
160500 3 83
160500 14 44
160500 44 51
160800 7 86
161100 24 45
161100 29 53
161100 37 58
161100 44 51
161400 9 28
161400 9 63
161400 9 69
161400 28 69
161400 28 70
161700 17 18
161700 42 43
161700 45 58
162000 21 84
162000 30 66
162000 55 86
162300 11 44
162600 9 73
162600 9 62
162900 21 61
162900 22 64
162900 57 88
163200 15 33
163500 37 58
163500 53 66
163500 53 61
163500 53 70
163500 62 73
163800 23 29
164100 37 58
164100 50 86
164400 24 48
164400 26 31
164400 35 75
164400 37 91
164700 5 72
164700 5 37
164700 22 26
164700 22 37
164700 22 72
164700 26 37
164700 26 72
164700 29 53
164700 37 72
164700 53 63
165000 5 72
165000 49 55
165000 49 86
165000 55 86
165300 7 12
165300 29 53
165600 0 48
165600 4 86
165600 9 63
165600 21 84
165600 52 87
165900 29 70
165900 29 69
165900 29 53
165900 53 63
165900 59 78
165900 85 91
166200 1 12
166200 9 73
166200 9 62
166200 51 71
166500 24 69
166500 28 69
166800 1 16
166800 2 6
166800 2 10
166800 6 40
166800 6 27
166800 6 10
166800 10 16
166800 10 40
166800 12 77
166800 12 44
166800 16 33
166800 17 18
166800 24 48
166800 27 40
166800 27 46
166800 27 65
166800 27 57
166800 39 65
166800 46 56
166800 46 57
167100 17 18
167100 18 68
167100 24 48
167100 32 58
167400 21 69
167400 21 61
167400 61 69
167700 2 15
167700 5 11
167700 14 19
167700 17 18
167700 19 79
167700 42 79
168000 24 48
168000 29 30
168000 30 63
168000 47 58
168300 23 30
168300 42 76
168300 49 55
168600 22 64
168600 35 79
168600 77 82
168900 22 77
168900 22 64
169200 29 53
169500 29 69
169500 66 69
169800 1 12
169800 5 45
169800 9 73
169800 9 62
170100 16 76
170100 32 38
170400 12 78
170400 58 65
170400 84 89
170700 28 70
170700 39 72
170700 72 90
171000 30 66
171000 32 91
171000 34 72
171000 53 63
171300 1 59
171300 1 88
171300 1 84
171300 11 24
171300 12 88
171300 15 88
171300 23 69
171300 24 55
171600 9 62
171900 4 52
171900 8 26
171900 28 29
171900 29 70
171900 37 77
171900 38 39
172200 58 65
172500 22 38
172800 2 88
172800 7 88
172800 40 88
172800 40 84
172800 84 88
173100 8 26
173100 9 62
173100 9 28
173100 28 73
173100 28 62
173100 50 52
173100 50 86
173400 55 79
173700 8 90
173700 8 58
173700 45 58
173700 70 73
174000 3 85
174000 50 86
174300 11 44
174300 25 75
174600 7 58
174600 15 33
174600 44 52
174900 3 22
174900 28 66
174900 28 69
175200 7 12
175200 33 84
175200 72 85
175200 79 88
175500 11 44
175500 24 63
175500 37 82
175500 86 91
175800 55 79
175800 75 79
176100 1 78
176100 9 19
176100 19 42
176100 19 50
176100 33 88
176100 58 72
176100 62 73
176400 12 56
176400 56 58
176700 2 15
176700 2 33
176700 9 73
176700 9 62
176700 15 72
176700 29 63
176700 50 75
176700 58 86
176700 58 78
176700 58 59
176700 59 78
176700 72 86
176700 72 78
176700 72 75
176700 75 86
177000 19 73
177000 52 75
177300 11 23
177300 21 30
177300 23 69
177300 37 58
177300 74 86
177600 23 29
177600 29 63
177600 31 71
177600 52 79
177900 29 53
178200 0 48
178200 4 50
178200 9 62
178200 9 73
178200 15 67
178200 52 75
178500 28 69
178500 30 53
178500 53 70
178800 15 33
178800 22 85
178800 28 66
178800 44 51
178800 53 63
179100 3 51
179100 3 23
179100 23 49
179100 28 69
179100 42 51
179100 52 75
179100 80 90
179400 9 29
179400 14 48
179400 53 66
179700 28 62
179700 29 53
179700 45 85
179700 45 65
180000 0 14
180000 7 16
180000 8 60
180000 15 67
180300 29 53
180300 50 86
180600 12 42
180900 9 73
180900 16 88
180900 21 69
180900 22 64
180900 53 70
181200 9 60
181200 15 33
181200 35 75
181500 8 26
181500 9 28
181500 9 62
181500 22 64
181500 28 73
181800 15 33
181800 22 85
181800 22 32
181800 28 66
181800 53 63
181800 58 72
182100 0 24
182100 4 84
182100 35 52
182100 55 79
182400 9 30
182400 12 76
182400 21 56
182400 22 64
182400 38 45
182400 56 76
182700 14 58
182700 21 61
183000 21 84
183300 9 63
183300 9 73
183600 14 24
183600 76 78
183900 7 78
183900 8 26
183900 14 24
183900 14 64
183900 17 68
183900 29 53
184200 8 26
184200 42 59
184200 53 63
184500 29 53
184500 39 51
184500 53 63
184500 53 69
184500 66 69
184800 5 72
184800 29 69
184800 29 53
184800 50 74
184800 53 69
184800 55 79
185100 7 33
185100 58 72
185100 64 77
185400 5 75
185700 9 73
186000 6 40
186000 24 45
186000 49 86
186000 57 60
186300 7 58
186300 7 25
186300 21 69
186300 25 58
186300 27 76
186300 28 66
186300 75 79
186300 76 78
186600 8 16
186600 28 69
186900 31 71
186900 44 51
186900 53 63
187200 24 48
187200 26 71
187200 29 53
187200 35 75
187500 28 84
187500 39 51
187800 50 74
188100 1 16
188100 1 59
188100 15 16
188100 16 59
188100 49 55
188100 55 79
188400 24 48
188400 28 69
188700 0 14
188700 9 62
188700 12 32
188700 17 51
188700 21 56
188700 24 45
188700 28 62
188700 56 60
189000 5 11
189000 5 72
189000 9 62
189300 0 24
189300 4 86
189300 9 63
189300 9 69
189300 24 48
189300 61 62
189600 7 76
189600 9 63
189900 11 26
189900 35 75
190200 32 38
190500 7 16
190500 29 53
190500 49 52
190800 0 45
190800 7 78
190800 7 21
190800 14 24
191100 1 7
191100 7 40
191100 33 59
191400 17 68
191400 45 58
191400 63 70
191400 64 77
191700 9 62
191700 9 19
191700 22 64
191700 24 48
191700 38 44
192000 9 62
192000 9 45
192000 12 57
192000 13 50
192000 14 85
192000 14 24
192000 27 75
192000 45 61
192000 45 83
192000 50 74
192300 14 24
192300 22 77
192600 19 62
192600 21 56
192600 22 64
192600 77 82
192900 5 72
192900 9 62
192900 49 86
193200 2 6
193200 5 51
193200 5 39
193200 6 10
193200 7 16
193200 9 62
193200 14 82
193500 5 37
193500 5 13
193500 5 74
193500 9 62
193500 74 81
193800 29 53
194100 15 33
194400 35 75
194400 39 58
194400 65 84
194400 79 88
194700 9 62
194700 17 68
194700 18 68
195000 1 15
195000 29 63
195000 55 79
195000 56 87
195000 75 79
195300 22 64
195300 24 48
195600 3 14
195600 3 44
195600 9 73
195600 9 19
195600 9 62
195600 11 44
195600 19 73
195600 29 63
195600 62 73
195600 62 66
195900 24 48
195900 24 45
195900 29 63
195900 29 70
195900 39 45
195900 42 50
195900 42 65
195900 45 72
195900 45 48
196200 14 24
196200 18 47
196500 0 14
196500 7 16
196500 8 60
196500 8 90
196500 9 62
196500 53 66
196800 44 86
196800 58 65
197100 7 27
197100 8 17
197100 8 51
197100 8 39
197100 8 14
197100 14 51
197100 14 90
197100 19 51
197100 39 51
197100 51 90
197400 3 72
197400 22 38
197400 22 32
197700 2 15
197700 9 73
197700 20 40
197700 40 75
197700 44 70
198000 8 26
198000 26 80
198000 31 58
198000 39 85
198000 80 91
198300 2 10
198300 6 10
198300 6 12
198300 11 58
198300 16 53
198300 16 70
198300 39 65
198300 44 51
198300 51 58
198300 51 65
198300 53 70
198300 58 65
198300 67 84
198300 79 84
198300 84 86
198600 2 15
198600 7 16
198600 7 12
198600 12 16
198900 14 48
198900 23 30
198900 24 48
198900 39 58
198900 45 58
198900 45 72
198900 58 72
199200 16 46
199200 35 84
199200 44 51
199200 57 88
199500 7 25
199500 22 64
199500 49 84
199500 50 84
199500 50 52
199500 52 84
199800 35 52
199800 44 77
199800 56 84
200100 9 62
200100 9 73
200100 17 18
200100 50 74
200100 53 69
200100 55 79
200400 1 33
200400 11 72
200400 14 37
200400 64 77
200700 9 73
200700 24 28
200700 29 53
201000 58 59
201000 59 76
201000 59 78
201000 60 81
201000 76 88
201300 8 26
201300 44 51
201600 8 85
201600 8 37
201600 9 62
201600 21 61
201600 59 76
201900 5 74
201900 5 37
201900 9 62
201900 9 73
201900 24 48
201900 24 77
201900 24 74
202200 21 69
202200 29 53
202200 75 79
202500 24 58
202800 24 59
202800 29 53
202800 45 90
202800 53 63
203100 12 77
203100 12 84
203100 26 32
203100 77 84
203400 5 39
203400 8 84
203400 9 31
203400 24 48
203400 29 53
203400 46 84
203700 14 50
203700 22 64
203700 30 66
203700 44 86
204000 9 62
204300 7 50
204600 35 52
204900 27 60
204900 29 63
204900 37 58
204900 50 75
205200 17 18
205500 4 86
205500 9 73
205500 9 62
205500 24 48
205800 0 14
205800 12 88
205800 31 51
205800 51 71
206100 5 22
206100 23 61
206400 9 28
206400 15 60
206400 16 76
206400 28 62
206400 35 50
206400 38 90
206400 39 65
206400 50 75
206400 85 90
206700 9 63
206700 28 70
206700 35 75
207000 45 65
207300 14 24
207300 14 58
207300 24 58
207600 5 85
207600 76 78
207900 28 29
207900 29 70
208200 15 33
208200 25 86
208500 11 24
208500 49 55
208800 5 54
208800 7 59
208800 9 62
208800 62 69
209100 5 18
209100 12 77
209100 12 64
209100 24 48
209100 64 77
209400 28 69
209400 29 53
209400 37 82
209400 44 51
209700 22 64
209700 24 48
209700 44 51
209700 52 87
209700 77 82
210000 53 70
210300 2 15
210300 3 14
210300 7 50
210300 9 62
210300 9 73
210600 8 26
210600 29 53
210600 36 79
210600 36 55
210600 55 79
210900 7 88
210900 9 62
210900 52 75
211200 3 37
211200 8 26
211200 22 37
211200 23 30
211200 29 63
211200 37 90
211500 37 84
211500 49 86
211500 50 74
211500 58 84
211800 9 62
211800 36 55
211800 36 79
211800 55 79
212100 25 84
212100 64 77
212100 75 79
212400 29 53
212700 7 78
212700 29 53
213000 9 62
213000 16 76
213000 17 68
213000 21 61
213000 24 37
213000 35 75
213000 42 75
213000 45 90
213000 55 79
213000 59 76
213300 23 53
213300 28 69
213300 35 52
213300 46 50
213300 50 86
213300 53 70
213600 29 63
213900 1 6
213900 1 59
213900 1 88
213900 7 81
213900 29 53
214200 18 37
214200 53 70
214500 22 64
214500 45 85
214500 45 65
214500 65 85
214800 45 72
215100 52 79
215400 40 56
215700 11 24
215700 23 30
215700 50 86
215700 84 88
216000 38 58
216000 59 78
216000 76 78
216300 9 62
216300 18 34
216300 21 66
216300 29 69
216300 45 83
216300 50 74
216300 55 79
216300 57 60
216600 0 14
216600 41 79
216600 53 69
216600 77 82
216900 22 85
216900 76 78
217200 3 11
217200 28 76
217200 57 76
217500 79 86
217800 24 28
217800 29 53
217800 55 74
217800 76 81
218100 3 68
218100 29 63
218400 9 69
218400 9 66
218400 9 62
218400 12 57
218400 27 75
218400 50 74
218400 62 69
218400 80 85
218700 1 27
218700 1 7
218700 6 27
218700 6 7
218700 27 33
218700 29 63
218700 37 58
218700 44 65
219000 9 62
219000 22 32
219000 76 78
219300 39 72
219600 9 63
219600 9 28
219900 3 5
219900 9 62
219900 9 29
219900 11 24
219900 11 48
219900 18 37
219900 24 48
220200 42 86
220200 55 86
220500 19 86
220800 7 58
220800 24 35
220800 29 53
220800 49 52
220800 55 79
221100 0 24
221100 21 42
221100 22 38
221100 24 45
221100 25 28
221100 27 57
221100 67 76
221400 5 18
221700 5 34
221700 29 63
222000 6 40
222000 7 16
222300 7 27
222300 7 57
222300 27 77
222300 27 58
222300 58 77
222600 0 14
222600 14 37
222600 17 18
222600 28 30
222600 64 77
222900 6 58
222900 6 7
222900 7 58
222900 8 14
222900 9 62
222900 14 37
222900 35 75
223200 29 53
223200 51 65
223500 8 26
223500 21 61
223500 22 64
223800 9 62
223800 29 53
223800 57 88
224100 20 35
224100 29 61
224100 39 45
224100 42 79
224100 52 84
224100 56 84
224100 84 87
224400 9 62
224400 77 82
224700 25 87
225000 49 84
225300 5 51
225300 5 35
225300 14 39
225300 17 51
225300 27 65
225300 27 72
225300 27 35
225300 27 75
225300 35 37
225300 35 45
225300 35 75
225300 45 58
225300 45 72
225300 51 68
225300 58 72
225600 0 24
225600 50 86
225600 56 84
225900 4 50
225900 15 67
225900 28 69
225900 30 66
225900 44 51
225900 52 75
225900 55 86
226200 5 14
226200 37 58
226500 1 84
226500 1 59
226500 6 84
226500 9 73
226500 20 84
226500 28 69
226500 67 84
226500 84 88
226800 14 58
226800 25 79
227100 3 14
227100 19 24
227100 24 48
227100 53 70
227400 29 53
227400 29 63
227400 45 65
227400 45 85
227400 58 65
227700 8 26
227700 53 63
228000 7 16
228000 7 25
228000 16 25
228000 17 18
228000 30 66
228300 24 48
228300 29 53
228300 35 75
228600 21 59
228900 21 28
228900 29 53
228900 67 78
229200 7 21
229200 7 78
229200 17 68
229200 21 78
229200 29 53
229200 36 50
229500 28 30
229800 67 84
230100 0 65
230100 0 14
230100 22 64
230100 24 48
230100 44 51
230400 0 24
230400 45 58
230400 50 86
230400 55 74
230700 5 11
230700 18 37
230700 29 53
231000 29 53
231300 1 16
231300 2 15
231300 31 71
231300 33 40
231600 21 76
231900 53 62
231900 76 78
232200 28 53
232200 44 51
232500 16 84
232500 28 69
232500 32 38
232500 35 50
232500 37 82
232500 37 77
232500 45 65
232800 29 53
233100 6 40
233100 12 44
233100 18 68
233100 28 30
233100 64 77
233400 8 26
233400 14 44
233700 6 40
233700 15 33
233700 38 45
233700 44 52
234000 9 62
234300 23 30
234300 29 53
234300 29 30
234300 35 52
234300 37 84
234300 43 45
234300 44 51
234600 0 14
234600 18 45
234600 35 52
234900 11 44
235200 18 37
235200 29 53
235200 35 55
235200 39 72
235200 80 85
235500 52 79
235800 17 68
235800 50 86
236100 0 14
236100 14 37
236100 17 18
236100 37 82
236400 52 86
236400 63 70
236700 5 37
236700 5 18
236700 14 77
236700 18 37
236700 64 77
237000 22 64
237000 24 48
237000 44 51
237000 77 82
237300 9 62
237300 11 44
237600 28 62
237600 28 29
237600 29 53
237900 9 66
237900 9 62
237900 30 66
237900 50 74
237900 58 72
238200 40 88
238200 55 74
238500 8 26
238500 28 70
238800 30 57
238800 51 90
238800 52 75
238800 56 59
238800 58 65
238800 59 78
239100 35 75
239100 45 58
239400 28 70
239700 50 86
240000 2 28
240000 5 22
240000 23 61
240300 1 7
240300 1 27
240300 7 27
240300 14 37
240300 29 53
240600 12 59
240600 50 86
240600 75 84
240900 17 68
240900 22 85
240900 26 37
240900 28 70
240900 37 72
240900 55 86
241200 35 55
241200 50 74
241500 15 33
241800 14 48
241800 14 24
241800 24 48
241800 53 63
242100 7 25
242100 9 72
242100 22 64
242100 35 52
242400 5 18
242400 11 24
242400 79 84
242700 9 62
242700 12 16
242700 35 75
242700 57 60
242700 57 88
242700 58 90
243000 11 24
243000 24 48
243300 19 50
243300 19 75
243300 27 60
243300 35 50
243300 35 75
243300 50 75
243600 26 32
243600 57 60
243900 9 66
243900 16 59
243900 50 59
243900 59 76
244200 7 16
244200 7 25
244200 16 25
244500 29 70
244500 44 72
244500 53 70
244800 14 24
244800 21 69
244800 29 53
244800 85 91
245100 24 48
245400 14 24
245400 50 55
245700 8 26
245700 29 53
245700 50 74
245700 53 69
246000 9 28
246000 9 69
246000 9 63
246000 17 68
246000 28 73
246000 28 70
246000 28 30
246000 28 69
246000 30 62
246000 35 75
246000 53 62
246000 53 70
246000 61 62
246300 21 69
246300 58 85
246600 9 73
246600 35 50
246600 50 86
246600 50 84
246900 5 11
246900 8 85
246900 9 62
246900 12 29
246900 22 51
246900 29 53
246900 38 45
246900 40 41
246900 50 75
246900 61 90
247200 9 73
247200 9 62
247200 17 18
247200 50 74
247200 53 69
247500 55 79
247800 35 52
248100 3 44
248100 22 64
248100 44 51
248100 45 58
248400 14 58
248400 21 61
248700 14 58
248700 21 40
248700 47 58
249000 9 73
249000 28 53
249000 50 74
249300 14 24
249300 29 63
249300 35 75
249300 59 76
249600 25 49
249600 55 79
249900 3 18
249900 7 58
249900 15 33
250200 5 47
250200 9 28
250200 9 63
250200 9 69
250200 9 73
250200 9 62
250200 24 48
250200 28 73
250500 7 25
250500 19 79
250500 21 79
250500 21 61
250500 24 48
250500 24 45
250500 28 69
250500 61 66
250500 79 87
250800 1 65
250800 8 39
250800 8 85
250800 9 62
250800 14 45
250800 29 63
250800 38 45
250800 41 86
250800 50 75
250800 53 70
250800 75 79
251100 17 34
251100 28 70
251400 23 29
251400 55 74
251700 5 84
251700 22 77
251700 24 48
252000 1 33
252000 1 2
252000 1 6
252000 2 6
252000 6 84
252000 6 33
252000 10 84
252000 12 44
252000 33 44
252000 39 51
252000 51 58
252000 51 65
252000 56 84
252000 58 65
252000 67 84
252300 14 37
252300 17 68
252600 7 76
252600 8 26
252600 15 33
252600 23 29
252600 29 53
252600 53 63
252900 28 69
253200 4 87
253200 9 62
253200 22 85
253200 29 53
253200 36 50
253200 84 89
253500 37 58
253500 44 51
253800 9 73
254100 5 14
254400 9 73
254400 29 69
254400 29 53
254400 37 58
254400 50 74
254400 53 69
254700 5 85
254700 5 80
254700 21 84
254700 28 69
255000 1 40
255000 1 6
255000 6 60
255000 27 84
255000 44 65
255000 58 65
255300 9 62
255300 29 73
255300 29 63
255600 0 48
255600 9 69
255600 9 43
255600 9 73
255600 15 67
255600 23 69
255600 30 66
255600 44 51
255600 52 75
255600 62 73
255600 69 73
255900 5 18
255900 29 90
255900 44 51
255900 45 64
255900 81 88
256200 14 58
256200 14 37
256200 22 91
256200 23 30
256200 38 80
256200 85 91
256500 24 48
256500 37 58
256800 45 83
256800 55 79
256800 58 72
256800 58 85
256800 80 85
257100 14 24
257400 4 79
257400 9 29
257400 27 81
257700 11 44
257700 63 70
258000 20 31
258000 24 31
258000 24 48
258000 31 48
258000 71 83
258300 21 27
258300 21 59
258300 34 45
258300 54 71
258600 15 33
258600 25 55
258600 56 60
258900 9 62
258900 29 69
258900 50 74
258900 53 69
258900 55 79
259200 17 68
259200 36 50
259500 1 16
259500 8 26
259800 3 85
259800 22 85
260100 11 23
260100 17 18
260100 23 69
260100 35 74
260100 62 73
260400 9 62
260400 53 63
260700 11 26
260700 35 75
261000 7 12
261000 29 53
261000 45 83
261000 50 74
261300 28 84
261600 20 40
261600 29 53
261900 14 72
261900 28 53
262200 50 86
262200 52 84
262200 52 75
262200 59 76
262200 75 84
262500 1 88
262500 9 73
262500 23 30
262500 29 63
262500 37 77
262500 62 73
262800 4 50
262800 9 62
262800 23 30
262800 30 44
262800 35 52
262800 46 49
262800 49 86
262800 53 70
263100 44 51
263100 88 89
263400 8 26
263400 14 44
263400 52 79
263700 14 22
264000 16 61
264000 23 53
264000 28 69
264000 30 53
264300 8 26
264300 9 62
264300 9 73
264300 69 73
264600 11 24
264900 21 69
264900 21 61
264900 24 45
264900 30 66
264900 69 73
265200 19 62
265200 22 64
265200 77 82
265500 12 44
265500 58 65
265800 22 32
265800 53 70
266100 22 64
266100 28 73
266400 27 73
266400 29 53
266400 37 84
266400 49 86
266400 49 50
266700 11 44
266700 11 30
266700 24 48
267000 24 32
267300 29 53
267600 3 22
267600 11 24
267600 42 79
267600 52 79
267600 55 79
267900 12 44
267900 12 72
267900 12 58
267900 17 34
267900 35 50
267900 43 58
267900 44 58
267900 44 56
267900 50 75
267900 53 70
267900 56 58
267900 56 65
268200 17 68
268200 29 53
268200 35 49
268200 57 60
268500 0 24
268500 5 24
268500 39 58
268500 79 88
268800 63 70
269100 9 73
269100 45 70
269100 52 84
269100 53 70
269400 1 78
269400 29 70
269400 45 65
269700 7 46
269700 17 34
269700 17 18
269700 17 46
269700 32 85
269700 32 38
269700 35 75
269700 64 77
270000 2 60
270000 28 53
270000 39 58
270000 58 65
270300 27 60
270300 29 63
270600 9 29
270600 11 48
270600 27 81
270600 57 88
270900 1 76
270900 19 76
270900 22 64
270900 35 79
270900 77 82
271200 28 84
271200 35 75
271200 39 51
271200 55 75
271500 5 34
271500 5 37
271500 7 27
271500 23 30
271500 30 34
271800 17 68
271800 28 45
271800 44 45
272100 29 63
272400 17 80
272400 21 84
272400 24 48
272400 35 75
272400 46 84
272700 7 25
272700 7 16
272700 30 66
272700 61 69
273000 21 56
273000 24 48
273300 6 40
273300 9 62
273300 35 49
273300 55 74
273600 29 70
273900 4 79
273900 37 58
273900 75 79
274200 2 10
274200 2 6
274200 6 10
274500 8 26
274800 22 85
274800 29 53
274800 32 38
275100 9 62
275100 15 33
275100 44 52
275100 62 73
275400 8 82
275400 9 19
275400 9 62
275400 22 39
275400 22 64
275400 37 58
275400 38 44
275700 15 33
276000 1 40
276000 2 12
276000 7 40
276000 12 72
276000 58 72
276300 23 49
276300 25 49
276300 28 69
276300 37 77
276300 52 75
276300 53 61
276600 1 59
276600 6 88
276600 32 38
276900 29 63
276900 50 86
277200 9 62
277200 29 53
277200 50 74
277200 58 72
277500 28 70
277800 50 84
278100 5 22
278100 5 72
278100 5 37
278100 22 37
278100 22 72
278100 22 26
278100 26 37
278100 29 53
278100 37 72
278100 37 90
278400 0 24
278400 32 91
278400 57 60
0 28 53
0 44 51
300 2 15
300 3 14
300 7 50
300 9 62
300 9 73
600 7 25
600 9 66
600 22 64
900 12 42
1200 5 11
1200 5 72
1200 9 62
1500 28 69
1500 29 70
1500 44 51
1800 17 68
1800 50 86
2100 4 79
2100 16 84
2400 25 88
2400 29 53
2400 38 51
2400 45 58
2400 51 72
2700 2 15
2700 9 73
2700 17 18
2700 35 75
3000 17 18
3000 45 65
3300 22 77
3300 22 64
3600 0 24
3600 9 66
3600 23 29
3900 29 53
4200 0 51
4200 17 18
4200 26 65
4200 29 53
4200 45 72
4500 28 84
4800 8 26
4800 44 51
5100 21 56
5100 36 50
5400 3 68
5400 29 63
5700 7 88
5700 17 51
5700 29 53
5700 29 63
5700 39 51
6000 3 22
6000 11 24
6000 42 79
6000 52 79
6000 55 79
6300 24 44
6300 29 63
6600 35 75
6600 45 58
6900 1 16
6900 35 84
6900 35 52
7200 9 73
7200 63 70
7500 1 84
7500 1 59
7500 6 84
7500 9 73
7500 20 84
7500 28 69
7500 67 84
7500 84 88
7800 22 64
7800 28 73
8100 20 40
8100 29 53
8400 8 79
8400 14 24
8400 21 69
8400 29 53
8400 45 58
8700 5 47
8700 9 28
8700 9 63
8700 9 69
8700 9 73
8700 9 62
8700 24 48
8700 28 73
9000 32 85
9000 50 86
9300 9 62
9600 17 68
9600 42 50
9900 12 44
9900 17 56
10200 45 83
10200 55 79
10200 58 72
10200 58 85
10200 80 85
10500 9 62
10500 22 32
10500 76 78
10800 24 69
10800 28 69
11100 0 48
11100 9 62
11100 15 67
11100 16 59
11100 24 48
11100 28 30
11100 28 69
11100 44 51
11100 52 75
11100 62 73
11400 29 53
11400 37 58
11400 62 69
11700 7 58
11700 9 73
11700 24 35
11700 29 53
11700 35 48
11700 42 55
11700 49 52
12000 0 48
12000 8 90
12000 29 53
12300 23 53
12300 28 69
12300 35 52
12300 46 50
12300 50 86
12300 53 70
12600 5 14
12600 29 70
12600 44 51
12900 35 75
12900 62 73
13200 17 68
13200 28 69
13200 29 53
13200 37 82
13200 44 51
13500 9 28
13500 9 63
13500 9 69
13500 28 69
13500 28 70
13800 0 48
13800 9 77
13800 9 62
13800 28 73
13800 44 51
14100 14 50
14100 22 64
14100 30 66
14100 44 86
14400 9 62
14400 9 17
14400 24 48
14400 76 88
14700 9 73
15000 0 48
15000 9 69
15000 9 43
15000 9 73
15000 15 67
15000 23 69
15000 30 66
15000 44 51
15000 52 75
15000 62 73
15000 69 73
15300 2 15
15300 7 16
15300 7 12
15300 12 16
15600 3 80
15900 21 84
16200 1 88
16200 9 62
16200 9 69
16200 9 66
16200 27 88
16200 28 69
16200 29 30
16200 30 66
16500 28 62
16500 29 53
16500 45 85
16500 45 65
16800 28 69
16800 29 53
16800 37 82
16800 44 51
17100 24 45
17100 29 53
17100 37 58
17100 44 51
17400 14 24
17700 11 24
17700 11 51
17700 17 68
17700 22 64
17700 27 51
17700 27 68
18000 20 35
18000 39 45
18000 42 79
18300 14 47
18300 32 38
18600 29 63
18600 50 86
18900 30 57
18900 51 90
18900 52 75
18900 56 59
18900 58 65
18900 59 78
19200 15 33
19200 22 85
19200 28 66
19200 44 51
19200 53 63
19500 7 81
19500 14 45
19500 57 60
19800 9 30
19800 9 28
19800 9 53
19800 17 18
19800 28 30
19800 28 73
19800 29 53
19800 44 51
19800 50 75
20100 12 78
20400 0 14
20400 7 16
20400 8 60
20400 15 67
20700 3 83
20700 50 74
21000 9 63
21000 9 73
21000 9 28
21000 9 69
21000 24 48
21000 28 70
21000 37 65
21000 53 70
21000 61 62
21300 9 62
21300 15 33
21300 35 75
21300 52 55
21300 60 81
21600 67 84
21900 5 74
21900 5 37
21900 9 62
21900 9 73
21900 24 48
21900 24 77
21900 24 74
22200 5 18
22200 5 11
22200 62 73
22500 53 69
22500 61 69
22800 0 14
22800 7 16
22800 8 60
22800 8 90
22800 9 62
22800 53 66
23100 22 64
23100 24 48
23400 25 36
23400 53 63
23700 29 70
23700 29 69
23700 29 53
23700 53 63
23700 59 78
23700 85 91
24000 9 73
24000 45 70
24000 52 84
24000 53 70
24300 7 25
24300 16 25
24300 30 66
24300 50 86
24600 15 67
24600 30 66
24600 37 58
24600 37 77
24600 52 75
24600 62 73
24600 64 82
24600 65 82
24900 8 26
24900 22 71
24900 38 85
24900 38 90
24900 39 65
24900 58 85
24900 72 90
25200 1 12
25200 5 45
25200 9 73
25200 9 62
25500 7 76
25500 12 16
25500 14 37
25500 27 81
25500 35 75
25800 12 58
25800 43 58
25800 44 45
25800 79 88
26100 17 18
26400 28 70
26700 21 76
27000 1 33
27000 11 72
27000 14 37
27000 64 77
27300 29 53
27600 0 24
27600 17 18
27600 79 87
27600 84 87
27900 22 38
27900 25 28
27900 25 53
27900 28 53
27900 53 69
28200 17 18
28200 18 68
28200 24 48
28200 32 58
28500 25 86
28500 29 53
28500 50 86
28800 17 18
28800 35 75
28800 39 90
29100 12 56
29100 56 58
29400 7 27
29400 7 57
29400 27 77
29400 27 58
29400 58 77
29700 12 77
29700 12 84
29700 26 32
29700 77 84
30000 15 33
30300 28 69
30300 37 82
30600 21 84
30600 30 66
30600 55 86
30900 3 58
30900 29 63
30900 37 58
30900 50 75
31200 9 73
31200 16 88
31200 21 69
31200 22 64
31200 53 70
31500 28 84
31800 2 60
31800 28 53
31800 39 58
31800 58 65
32100 15 33
32400 0 48
32400 4 86
32400 9 63
32400 21 84
32400 52 87
32700 0 24
32700 17 68
33000 24 48
33000 52 84
33000 53 63
33300 21 69
33300 21 61
33300 61 69
33600 16 76
33600 32 38
33900 3 14
33900 21 84
33900 28 73
33900 29 70
33900 45 65
34200 0 65
34200 14 65
34200 39 45
34500 3 53
34500 7 33
34500 11 56
34500 22 32
34500 22 45
34500 28 70
34500 44 51
34500 53 70
34500 53 61
34800 5 72
34800 49 55
34800 49 86
34800 55 86
35100 24 45
35100 25 47
35100 27 57
35100 53 70
35400 24 48
35400 57 76
35700 22 85
35700 46 89
36000 3 5
36000 29 63
36300 14 58
36300 21 61
36600 0 14
36600 9 62
36600 29 53
36600 37 58
36900 11 44
36900 24 48
37200 21 27
37200 21 59
37200 34 45
37200 54 71
37500 44 51
37500 57 62
37800 28 70
37800 39 72
37800 72 90
38100 9 66
38100 9 62
38100 30 66
38100 50 74
38100 58 72
38400 7 88
38700 24 45
38700 29 53
38700 44 51
39000 15 33
39000 60 81
39000 76 88
39300 12 44
39300 12 72
39300 12 58
39300 17 34
39300 35 50
39300 43 58
39300 44 58
39300 44 56
39300 50 75
39300 53 70
39300 56 58
39300 56 65
39600 12 60
39600 19 75
39600 35 75
39600 35 50
39600 50 75
39600 50 52
39600 52 75
39900 5 37
39900 35 75
39900 35 49
39900 46 57
40200 7 12
40200 22 32
40500 17 18
40500 22 32
40500 79 87
40800 0 14
40800 0 3
40800 3 14
40800 7 78
41100 9 30
41100 29 53
41100 30 62
41100 37 77
41100 49 52
41100 52 84
41400 4 41
41400 27 57
41400 28 69
41700 0 48
41700 9 73
41700 15 67
41700 52 75
42000 4 86
42000 23 29
42000 29 53
42300 14 58
42300 21 61
42600 24 48
42600 26 31
42600 35 75
42600 37 91
42900 45 65
42900 50 86
42900 55 74
43200 14 37
43200 37 58
43200 44 51
43500 25 84
43500 64 77
43500 75 79
43800 7 27
43800 27 57
43800 57 60
44100 17 18
44100 42 43
44100 45 58
44400 0 14
44400 18 45
44400 35 52
44700 18 37
44700 23 30
44700 38 91
45000 12 64
45000 12 45
45000 12 58
45000 17 18
45000 18 68
45000 34 58
45000 64 77
45300 14 22
45300 14 39
45300 21 84
45300 30 90
45300 59 78
45600 7 58
45600 21 69
45600 36 50
45900 1 40
45900 1 6
45900 6 60
45900 27 84
45900 44 65
45900 58 65
46200 7 12
46200 29 53
46200 45 83
46200 50 74
46500 2 15
46500 2 3
46500 2 48
46500 15 48
46500 24 48
46500 24 49
46500 35 75
46500 48 49
46800 17 18
47100 14 24
47100 14 58
47100 24 58
47400 14 72
47400 14 34
47400 14 85
47400 24 48
47400 27 75
47400 27 35
47400 35 75
47700 24 32
48000 17 68
48000 36 50
48300 0 14
48600 5 11
48600 18 37
48600 29 53
48900 9 23
48900 9 62
49200 7 58
49200 12 15
49200 15 33
49500 37 84
49500 49 86
49500 50 74
49500 58 84
49800 8 26
49800 22 91
49800 24 48
49800 29 91
49800 39 58
49800 42 43
50100 7 58
50100 7 25
50100 21 69
50100 25 58
50100 27 76
50100 28 66
50100 75 79
50100 76 78
50400 8 26
50400 29 53
50400 50 74
50400 53 69
50700 59 76
51000 7 78
51000 29 53
51300 21 84
51300 23 29
51300 51 65
51600 11 38
51600 23 30
51600 29 53
51600 62 73
51600 84 88
51900 5 37
51900 24 48
51900 24 31
51900 31 48
52200 1 40
52200 2 12
52200 7 40
52200 12 72
52200 58 72
52500 30 66
52500 32 91
52500 34 72
52500 53 63
52800 9 62
53100 23 29
53400 6 40
53400 9 30
53400 9 29
53400 28 29
53400 28 53
53400 29 53
53700 29 53
54000 11 24
54300 8 26
54300 14 44
54600 11 44
54600 25 75
54900 0 24
54900 0 14
54900 14 24
54900 14 48
54900 22 77
54900 24 48
54900 45 48
55200 22 85
55200 76 78
55500 9 62
55500 50 86
55800 35 75
55800 76 84
56100 9 73
56400 53 70
56700 28 53
57000 22 85
57000 61 69
57300 9 62
57300 77 82
57600 9 62
57600 23 53
57600 23 73
57600 28 53
57600 28 73
57600 29 53
57600 39 51
57900 9 66
57900 16 59
57900 50 59
57900 59 76
58200 3 44
58200 22 64
58200 44 51
58200 45 58
58500 24 28
58500 29 53
58800 3 72
58800 3 83
58800 14 44
58800 44 51
59100 2 71
59100 14 58
59100 14 39
59100 14 24
59100 37 82
59100 39 58
59100 53 70
59100 58 82
59400 0 24
59400 45 58
59400 50 86
59400 55 74
59700 29 53
59700 35 49
59700 37 84
59700 58 84
60000 4 87
60000 9 62
60000 22 85
60000 29 53
60000 36 50
60000 84 89
60300 1 6
60300 1 33
60300 1 40
60300 1 10
60300 1 16
60300 2 10
60300 5 39
60300 6 40
60300 6 10
60300 10 40
60300 10 38
60300 10 16
60300 12 44
60300 12 77
60300 16 33
60300 24 48
60300 33 40
60300 38 45
60300 38 85
60300 45 85
60600 8 26
60600 26 80
60600 31 58
60600 39 85
60600 80 91
60900 4 79
60900 9 29
60900 27 81
61200 28 69
61200 46 60
61200 49 86
61200 49 55
61200 55 86
61500 9 73
61500 29 63
61800 29 53
62100 29 63
62400 23 30
62400 29 53
62400 52 86
62400 57 60
62400 74 86
62700 1 33
62700 1 2
62700 1 6
62700 2 6
62700 6 84
62700 6 33
62700 10 84
62700 12 44
62700 33 44
62700 39 51
62700 51 58
62700 51 65
62700 56 84
62700 58 65
62700 67 84
63000 29 63
63300 29 53
63300 53 70
63300 59 76
63600 29 70
63600 44 72
63600 53 70
63900 19 86
64200 9 19
64200 9 62
64200 9 73
64200 19 73
64200 45 65
64200 62 73
64500 9 53
64500 29 53
64500 37 58
64500 50 86
64500 53 73
64800 28 43
64800 39 51
65100 22 64
65400 24 48
65400 46 84
65400 74 79
65700 21 59
66000 5 84
66000 22 77
66000 24 48
66300 8 26
66300 42 59
66300 53 63
66600 0 65
66600 0 14
66600 22 64
66600 24 48
66600 44 51
66900 11 23
67200 1 7
67200 9 73
67200 9 62
67200 14 51
67200 23 29
67200 28 29
67200 29 53
67200 49 55
67500 3 14
67500 3 44
67500 9 73
67500 9 19
67500 9 62
67500 11 44
67500 19 73
67500 29 63
67500 62 73
67500 62 66
67800 37 84
68100 5 75
68400 29 53
68400 50 86
68700 6 40
69000 24 48
69000 46 84
69000 79 86
69300 35 75
69300 45 65
69300 56 86
69300 56 84
69300 84 86
69600 9 29
69600 14 48
69600 53 66
69900 1 76
69900 27 76
69900 35 79
69900 44 51
69900 77 82
70200 7 12
70200 38 69
70500 9 62
70500 38 58
70500 38 45
70500 59 78
70500 76 78
70800 14 58
70800 21 76
71100 9 73
71100 29 63
71400 49 55
71400 49 86
71400 50 86
71400 52 55
71700 22 64
71700 35 79
71700 77 82
72000 29 53
72000 37 58
72000 50 86
72000 51 65
72300 29 53
72300 29 63
72300 45 65
72300 45 85
72300 58 65
72600 58 59
72600 59 76
72600 59 78
72600 60 81
72600 76 88
72900 4 74
72900 24 48
72900 35 75
73200 0 24
73500 49 55
73800 11 48
73800 49 84
73800 50 74
73800 75 88
73800 79 88
74100 5 85
74100 5 72
74100 55 86
74100 72 80
74100 80 85
74400 9 62
74400 16 88
74400 23 53
74400 28 73
74400 29 73
74400 35 52
74400 53 73
74700 6 40
74700 12 44
74700 18 68
74700 28 30
74700 64 77
75000 28 69
75000 30 66
75000 52 75
75300 24 45
75300 55 79
75300 69 73
75600 7 78
75600 16 25
75600 27 60
75900 8 26
75900 21 61
75900 22 64
76200 9 23
76200 9 73
76200 14 24
76500 9 63
76800 28 29
76800 29 70
77100 9 46
77100 55 84
77400 9 63
77400 9 73
77700 8 39
77700 8 85
77700 9 62
77700 38 45
78000 8 26
78000 26 32
78000 38 90
78000 38 85
78000 58 90
78000 58 85
78000 85 90
78300 9 66
78300 9 62
78300 9 73
78300 11 84
78300 62 73
78600 12 59
78600 50 86
78600 75 84
78900 24 48
78900 26 71
78900 29 53
78900 35 75
79200 0 14
79200 14 37
79200 17 18
79200 37 82
79500 9 62
79500 18 90
79500 23 30
79500 50 60
79500 50 57
79500 57 88
79800 21 69
79800 24 45
80100 49 84
80400 9 62
80400 12 16
80400 35 75
80400 57 60
80400 57 88
80400 58 90
80700 1 7
80700 17 18
80700 55 79
80700 75 79
81000 4 86
81000 52 86
81300 35 52
81600 9 28
81600 9 63
81600 28 69
81600 37 77
81900 4 86
81900 9 73
81900 9 62
81900 24 48
82200 17 18
82500 15 33
82500 22 85
82500 22 32
82500 28 66
82500 53 63
82500 58 72
82800 29 53
82800 59 76
83100 34 84
83100 58 72
83100 80 85
83400 11 44
83700 4 79
83700 37 58
83700 75 79
84000 22 64
84000 27 57
84000 44 51
84000 77 82
84300 12 16
84300 27 81
84300 39 57
84300 50 86
84600 29 63
84900 7 84
84900 44 65
84900 58 65
85200 22 72
85200 28 69
85500 0 14
85500 7 78
85500 9 62
85500 21 84
85500 21 56
85500 29 53
85500 52 87
85800 14 58
85800 25 79
86100 11 24
86100 23 30
86100 50 86
86100 84 88
86400 22 64
86400 35 52
86400 44 51
86400 46 89
86700 49 55
86700 50 86
87000 8 26
87000 42 43
87000 53 63
87300 29 53
87300 57 88
87600 29 53
87600 37 58
87600 44 51
87600 67 76
87900 29 53
88200 24 48
88200 24 45
88200 29 63
88200 29 70
88200 39 45
88200 42 50
88200 42 65
88200 45 72
88200 45 48
88500 29 53
88500 50 74
88500 52 86
88800 7 16
88800 7 58
89100 9 62
89100 22 85
89100 29 53
89100 29 30
89100 50 86
89400 8 16
89400 28 69
89700 7 59
89700 8 90
89700 24 48
89700 79 86
90000 55 79
90000 75 79
90300 17 84
90300 24 28
90300 29 53
90600 1 78
90600 9 19
90600 19 42
90600 19 50
90600 33 88
90600 58 72
90600 62 73
90900 17 18
91200 9 73
91200 9 19
91200 33 88
91200 50 75
91500 7 46
91500 17 34
91500 17 18
91500 17 46
91500 32 85
91500 32 38
91500 35 75
91500 64 77
91800 29 63
91800 37 77
91800 55 86
92100 7 78
92100 28 69
92100 28 66
92100 42 51
92100 46 60
92400 5 18
92400 35 50
92400 42 50
92400 50 86
92700 18 22
92700 22 85
92700 28 66
92700 80 85
93000 29 69
93000 66 69
93300 5 22
93300 23 61
93600 3 45
93900 7 78
93900 20 35
93900 29 73
93900 35 52
93900 56 87
93900 56 84
93900 63 70
93900 84 87
94200 17 68
94200 22 85
94200 26 37
94200 28 70
94200 37 72
94200 55 86
94500 30 53
94500 58 72
94800 19 50
94800 19 75
94800 27 60
94800 35 50
94800 35 75
94800 50 75
95100 14 37
95100 35 87
95100 35 52
95100 44 51
95400 1 78
95400 7 78
95400 21 76
95400 24 48
95400 77 82
95700 14 24
95700 21 69
95700 29 53
95700 85 91
96000 22 38
96300 7 12
96300 22 91
96300 24 32
96300 33 84
96300 79 88
96300 85 91
96600 29 53
96900 3 37
96900 9 30
96900 32 88
97200 29 53
97200 29 63
97500 17 18
97500 22 58
97500 22 32
97500 32 58
97800 15 33
97800 25 86
98100 2 88
98100 7 88
98100 40 88
98100 40 84
98100 84 88
98400 22 64
98400 35 79
98400 77 82
98700 9 62
98700 24 31
98700 24 48
98700 31 48
99000 28 84
99000 35 75
99000 39 51
99000 55 75
99300 21 69
99300 29 53
99300 75 79
99600 12 58
99600 58 72
99600 59 78
99600 65 72
99900 24 48
99900 26 31
100200 9 62
100200 39 51
100500 52 79
100800 7 58
100800 19 76
100800 21 69
100800 28 73
100800 59 76
101100 11 23
101100 17 18
101100 23 69
101100 35 74
101100 62 73
101400 14 48
101400 23 30
101400 24 48
101400 39 58
101400 45 58
101400 45 72
101400 58 72
101700 28 30
102000 3 44
102000 5 72
102000 7 58
102000 9 23
102300 28 66
102600 17 18
102600 22 32
102600 79 87
102600 84 87
102900 14 24
102900 76 78
103200 7 84
103200 16 84
103200 25 84
103200 64 77
103500 0 24
103500 4 86
103500 9 63
103500 9 69
103500 24 48
103500 61 62
103800 29 53
104100 11 44
104100 44 53
104100 53 70
104400 3 14
104400 19 24
104400 24 48
104400 53 70
104700 28 69
105000 56 84
105300 7 76
105300 8 26
105300 15 33
105300 23 29
105300 29 53
105300 53 63
105600 29 53
105600 30 62
105600 49 52
105900 29 53
105900 37 58
106200 7 84
106200 35 86
106200 35 50
106200 37 80
106200 37 50
106200 38 86
106200 50 75
106200 50 80
106500 36 50
106800 1 78
106800 3 5
106800 29 63
107100 1 88
107100 1 59
107100 22 32
107400 29 53
107700 0 48
107700 8 90
107700 8 16
107700 29 53
107700 29 30
107700 62 73
108000 58 65
108000 76 78
108000 76 81
108000 78 81
108300 37 58
108300 44 51
108600 14 58
108600 53 66
108900 8 26
108900 9 62
108900 52 84
109200 31 71
109200 44 51
109200 53 63
109500 20 35
109500 29 61
109500 39 45
109500 42 79
109500 52 84
109500 56 84
109500 84 87
109800 22 85
109800 29 53
109800 32 38
110100 63 70
110400 27 73
110400 29 53
110400 37 84
110400 49 86
110400 49 50
110700 2 10
110700 6 10
110700 6 12
110700 11 58
110700 16 53
110700 16 70
110700 39 65
110700 44 51
110700 51 58
110700 51 65
110700 53 70
110700 58 65
110700 67 84
110700 79 84
110700 84 86
111000 40 56
111300 3 72
111300 22 38
111300 22 32
111600 1 16
111600 2 15
111600 31 71
111600 33 40
111900 0 48
111900 4 50
111900 9 73
111900 9 62
111900 15 67
111900 52 75
111900 53 66
112200 44 51
112200 55 79
112500 11 26
112500 35 75
112800 22 80
112800 28 69
112800 53 70
113100 14 24
113100 50 55
113400 0 48
113400 8 90
113400 9 80
113400 9 30
113400 15 67
113400 24 48
113400 30 53
113400 53 73
113400 53 62
113700 7 76
114000 1 7
114000 7 40
114000 33 59
114300 19 62
114300 22 64
114300 77 82
114600 44 51
114600 58 65
114900 0 14
114900 9 62
114900 12 32
114900 17 51
114900 21 56
114900 24 45
114900 28 62
114900 56 60
115200 24 48
115200 42 43
115200 44 45
115200 48 49
115200 53 70
115200 79 88
115500 5 37
115500 5 34
115500 7 27
115500 7 88
115500 27 88
115500 34 37
115800 21 46
115800 24 48
115800 26 31
115800 75 79
116100 9 73
116400 29 63
116700 9 73
116700 28 53
116700 50 74
117000 6 58
117000 6 7
117000 7 58
117000 8 14
117000 9 62
117000 14 37
117000 35 75
117300 2 28
117300 2 39
117300 11 34
117300 28 38
117300 61 86
117300 77 86
117600 5 11
117600 8 85
117600 9 62
117600 12 29
117600 22 51
117600 29 53
117600 38 45
117600 40 41
117600 50 75
117600 61 90
117900 8 26
117900 9 28
117900 9 62
117900 22 64
117900 28 73
118200 11 23
118200 23 69
118200 53 63
118500 11 57
118500 22 64
118500 29 30
118500 30 63
118500 47 58
118500 56 57
118800 14 47
118800 45 72
119100 8 26
119100 14 44
119100 52 79
119400 0 24
119400 21 42
119400 22 38
119400 24 45
119400 25 28
119400 27 57
119400 67 76
119700 24 48
119700 29 53
119700 35 75
120000 9 73
120000 29 69
120000 29 53
120000 37 58
120000 50 74
120000 53 69
120300 22 64
120300 24 48
120300 77 82
120600 15 33
120600 50 86
120600 60 81
120600 76 88
120900 3 37
120900 8 26
120900 22 37
120900 23 30
120900 29 63
120900 37 90
121200 15 33
121500 15 33
121800 29 53
122100 4 49
122100 29 53
122100 57 88
122400 44 51
122400 77 82
122700 11 48
122700 12 49
122700 49 67
122700 58 65
122700 60 89
123000 52 79
123300 21 84
123300 24 48
123300 35 75
123300 55 79
123600 8 37
123600 37 82
123600 37 58
123600 58 82
123900 37 58
123900 53 66
123900 53 61
123900 53 70
123900 62 73
124200 16 78
124200 28 73
124200 53 63
124200 70 73
124200 75 79
124500 7 25
124500 22 64
124500 49 84
124500 50 84
124500 50 52
124500 52 84
124800 9 29
124800 11 48
124800 27 81
124800 57 88
125100 5 14
125400 9 73
125400 49 73
125400 50 86
125400 57 60
125700 2 15
125700 5 11
125700 14 19
125700 17 18
125700 19 79
125700 42 79
126000 58 65
126300 16 61
126300 23 53
126300 28 69
126300 30 53
126600 29 53
126900 7 46
126900 17 18
126900 17 68
126900 45 58
127200 9 73
127200 14 24
127200 59 76
127500 5 21
127500 21 84
127800 25 49
127800 55 79
128100 12 43
128400 24 48
128400 37 58
128700 11 58
128700 27 64
128700 28 53
128700 53 70
128700 85 90
129000 1 7
129000 1 27
129000 7 27
129000 14 37
129000 29 53
129300 22 50
129600 22 64
129600 40 88
129600 44 51
129600 67 78
129900 5 80
129900 5 18
129900 18 80
130200 8 26
130200 50 74
130500 7 25
130500 19 79
130500 21 79
130500 21 61
130500 24 48
130500 24 45
130500 28 69
130500 61 66
130500 79 87
130800 8 90
130800 8 58
130800 45 58
130800 70 73
131100 53 70
131400 53 66
131700 9 62
131700 9 53
131700 12 58
131700 12 44
131700 12 77
131700 39 65
131700 39 58
131700 44 65
131700 53 70
131700 58 65
132000 12 58
132000 39 58
132000 79 88
132300 1 59
132300 29 53
132300 75 79
132600 29 63
132900 1 2
132900 2 10
132900 5 39
132900 6 10
132900 21 56
132900 45 58
133200 22 32
133500 69 70
133800 11 23
133800 21 30
133800 23 69
133800 37 58
133800 74 86
134100 24 48
134400 9 62
134400 16 76
134400 17 68
134400 21 61
134400 24 37
134400 35 75
134400 42 75
134400 45 90
134400 55 79
134400 59 76
134700 5 18
134700 7 88
134700 8 26
134700 53 63
135000 11 24
135000 19 59
135000 19 76
135000 37 72
135000 59 76
135000 70 73
135300 39 58
135300 44 58
135300 49 58
135300 49 79
135300 49 88
135300 79 88
135300 79 84
135600 12 88
135600 22 85
135600 55 74
135900 11 16
135900 35 51
135900 35 84
135900 40 57
135900 44 51
135900 44 45
135900 45 51
135900 53 70
135900 56 88
135900 57 88
136200 28 69
136200 29 53
136200 44 51
136500 24 59
136500 29 53
136500 45 90
136500 53 63
136800 9 28
136800 15 60
136800 16 76
136800 28 62
136800 35 50
136800 38 90
136800 39 65
136800 50 75
136800 85 90
137100 5 18
137100 12 77
137100 12 44
137100 12 64
137100 24 48
137100 39 65
137100 44 65
137400 3 24
137400 15 33
137400 28 29
137400 44 51
137400 53 63
137700 15 60
137700 21 60
137700 85 90
138000 25 86
138000 30 53
138000 53 77
138300 25 87
138600 17 80
138600 21 84
138600 24 48
138600 35 75
138600 46 84
138900 3 58
139200 5 85
139200 5 80
139200 21 84
139200 28 69
139500 9 62
139500 9 66
139500 14 48
139500 24 32
139500 50 75
139500 59 76
139800 29 63
140100 14 22
140400 52 86
140400 63 70
140700 3 14
140700 14 37
140700 16 84
140700 50 75
141000 9 73
141000 24 28
141000 29 53
141300 28 62
141300 28 29
141300 29 53
141600 9 62
141600 29 53
141900 17 18
141900 29 53
141900 36 79
142200 9 62
142200 53 63
142500 51 54
142500 63 89
142800 28 29
142800 29 53
142800 35 52
143100 22 64
143100 28 57
143100 37 58
143400 9 62
143400 36 55
143400 36 79
143400 55 79
143700 5 72
143700 5 37
143700 5 22
143700 18 72
143700 22 37
143700 22 72
143700 22 26
143700 26 72
143700 26 37
143700 26 71
143700 28 73
143700 37 72
144000 2 15
144000 2 33
144000 9 73
144000 9 62
144000 15 72
144000 29 63
144000 50 75
144000 58 86
144000 58 78
144000 58 59
144000 59 78
144000 72 86
144000 72 78
144000 72 75
144000 75 86
144300 5 34
144300 29 63
144600 1 84
144600 5 18
144600 6 84
144600 7 84
144600 20 84
144600 28 30
144600 29 53
144600 32 38
144600 33 84
144600 67 84
144600 81 84
144600 84 88
144900 17 68
144900 45 58
144900 63 70
144900 64 77
145200 24 28
145200 29 53
145200 55 74
145200 76 81
145500 11 44
145800 7 25
145800 9 72
145800 22 64
145800 35 52
146100 6 40
146100 24 45
146100 49 86
146100 57 60
146400 21 46
146400 21 26
146400 24 48
146400 26 31
146400 49 79
146400 75 79
146700 9 62
146700 15 33
146700 44 52
146700 62 73
147000 29 53
147300 9 62
147600 7 78
147600 7 59
147600 20 52
147600 20 35
147600 25 35
147600 28 40
147600 28 73
147600 35 52
147600 35 84
147600 35 87
147600 40 84
147600 42 79
147600 52 84
147600 56 87
147600 56 84
147900 2 15
147900 9 73
147900 9 30
147900 29 63
147900 61 63
148200 21 56
148200 24 48
148500 45 58
148500 45 72
148500 63 70
148800 9 73
148800 29 53
148800 53 73
149100 0 14
149100 3 14
149100 8 90
149100 9 69
149100 16 84
149100 30 53
149100 65 82
149400 0 45
149400 7 78
149400 7 21
149400 14 24
149700 9 28
149700 9 69
149700 9 63
149700 17 68
149700 28 73
149700 28 70
149700 28 30
149700 28 69
149700 30 62
149700 35 75
149700 53 62
149700 53 70
149700 61 62
150000 2 10
150000 2 40
150000 6 10
150000 21 88
150000 44 51
150000 57 88
150300 13 88
150300 21 88
150300 29 53
150300 29 69
150300 45 83
150300 50 74
150300 55 79
150600 14 24
150600 28 84
150600 39 51
150900 5 72
150900 9 62
150900 49 86
151200 8 83
151200 29 53
151200 44 51
151500 7 27
151500 8 17
151500 8 51
151500 8 39
151500 8 14
151500 14 51
151500 14 90
151500 19 51
151500 39 51
151500 51 90
151800 9 62
152100 28 70
152100 38 39
152400 58 65
152400 76 84
152700 0 14
152700 41 79
152700 53 69
152700 77 82
153000 3 72
153000 22 32
153000 52 79
153000 62 73
153000 79 86
153300 22 64
153300 42 52
153600 17 18
153600 45 65
153600 49 52
153600 52 86
153900 0 48
153900 8 90
153900 16 84
153900 29 53
154200 40 88
154200 55 74
154500 4 50
154500 9 62
154500 23 30
154500 30 44
154500 35 52
154500 46 49
154500 49 86
154500 53 70
154800 29 53
154800 52 86
155100 1 88
155100 9 73
155100 23 30
155100 29 63
155100 37 77
155100 62 73
155400 35 75
155700 28 69
156000 29 53
156300 29 53
156300 52 87
156600 17 34
156900 26 52
156900 29 53
157200 5 39
157200 8 84
157200 9 31
157200 24 48
157200 29 53
157200 46 84
157500 1 65
157500 8 39
157500 8 85
157500 9 62
157500 14 45
157500 29 63
157500 38 45
157500 41 86
157500 50 75
157500 53 70
157500 75 79
157800 5 51
157800 5 35
157800 14 39
157800 17 51
157800 27 65
157800 27 72
157800 27 35
157800 27 75
157800 35 37
157800 35 45
157800 35 75
157800 45 58
157800 45 72
157800 51 68
157800 58 72
158100 9 63
158100 9 28
158400 12 88
158400 17 18
158400 55 74
158700 7 58
158700 21 84
158700 24 45
158700 56 60
159000 5 11
159000 14 48
159000 28 73
159000 29 53
159000 39 51
159000 61 71
159000 70 73
159300 28 70
159600 6 40
159600 7 16
159900 35 55
159900 50 74
160200 2 84
160200 3 68
160200 9 62
160200 9 30
160200 24 48
160200 52 75
160200 62 73
160500 5 22
160500 5 72
160500 5 37
160500 22 37
160500 22 72
160500 22 26
160500 26 37
160500 29 53
160500 37 72
160500 37 90
160800 7 21
160800 7 78
160800 17 68
160800 21 78
160800 29 53
160800 36 50
161100 50 84
161400 3 65
161400 9 73
161400 17 51
161400 51 68
161700 26 32
162000 1 6
162000 1 59
162000 1 88
162000 7 81
162000 29 53
162300 9 62
162300 11 44
162600 23 30
162600 42 76
162600 49 55
162900 7 25
162900 7 16
162900 30 66
162900 61 69
163200 29 53
163200 46 89
163200 69 70
163500 9 63
163500 9 28
163500 61 62
163800 44 51
163800 88 89
164100 15 27
164100 23 30
164100 29 71
164100 37 58
164400 19 59
164400 19 76
164400 21 61
164400 24 45
164400 25 47
164400 27 57
164400 28 69
164400 44 51
164400 53 66
164700 7 12
164700 23 29
165000 1 78
165000 29 70
165000 45 65
165300 0 14
165300 8 54
165300 8 32
165300 8 26
165300 22 91
165300 25 39
165300 39 51
165600 52 79
165900 15 33
165900 23 61
166200 5 72
166200 5 37
166200 22 26
166200 22 37
166200 22 72
166200 26 37
166200 26 72
166200 29 53
166200 37 72
166200 53 63
166500 8 26
166800 0 14
166800 16 59
166800 53 69
167100 11 48
167100 22 32
167100 58 65
167400 5 24
167400 5 65
167400 9 66
167400 9 13
167400 24 32
167400 57 60
167700 1 59
167700 6 88
167700 32 38
168000 24 58
168000 32 80
168000 67 76
168300 5 37
168300 5 18
168300 14 77
168300 18 37
168300 64 77
168600 17 34
168600 28 70
168900 7 16
168900 29 53
168900 49 52
169200 2 88
169200 7 58
169500 7 58
169800 0 48
169800 9 63
169800 32 71
170100 27 60
170100 29 63
170400 24 48
170400 35 52
170400 39 45
170400 57 62
170700 21 28
170700 29 53
170700 67 78
171000 28 69
171000 30 53
171000 53 70
171300 29 63
171300 50 84
171300 58 65
171300 59 76
171300 76 81
171600 9 73
171600 50 86
171900 7 25
171900 16 25
171900 30 66
172200 23 29
172200 55 74
172500 11 24
172500 49 55
172800 6 88
172800 18 37
172800 22 85
172800 23 69
172800 28 62
173100 11 84
173100 14 71
173100 37 58
173100 50 86
173400 9 28
173400 12 84
173400 55 87
173700 29 53
174000 28 69
174000 65 91
174300 9 62
174300 29 73
174300 29 63
174600 5 14
174600 6 88
174600 14 24
174600 28 30
174900 2 39
174900 5 48
174900 12 48
174900 12 14
174900 12 20
174900 14 20
174900 14 58
174900 14 78
174900 20 58
174900 20 78
174900 24 87
174900 29 39
174900 31 58
174900 58 78
175200 23 29
175200 29 63
175200 31 71
175200 52 79
175500 14 24
175500 22 77
175800 2 10
175800 10 16
175800 10 33
175800 11 84
175800 12 44
175800 24 31
175800 39 51
175800 51 58
175800 58 65
176100 7 88
176100 9 62
176100 29 53
176400 3 18
176400 7 58
176400 15 33
176700 0 14
177000 29 53
177000 37 77
177300 29 70
177600 7 25
177600 35 84
177600 52 84
177900 0 24
177900 42 79
177900 42 44
177900 56 84
178200 1 27
178200 1 7
178200 6 27
178200 6 7
178200 27 33
178200 29 63
178200 37 58
178200 44 65
178500 7 27
178500 27 60
178500 27 57
178500 28 61
178500 29 53
178500 49 74
178500 57 60
178800 0 14
178800 7 16
178800 8 90
178800 8 60
178800 9 69
178800 17 68
178800 17 18
179100 8 26
179100 53 63
179400 15 33
179400 49 50
179700 9 73
179700 35 50
179700 50 86
179700 50 84
180000 8 26
180000 23 30
180000 23 53
180000 29 53
180000 30 53
180000 39 58
180300 2 15
180300 23 30
180600 0 24
180600 0 48
180600 9 62
180600 15 67
180600 23 30
180900 22 64
180900 45 85
180900 45 65
180900 65 85
181200 9 62
181200 14 24
181200 19 58
181200 21 69
181200 25 79
181200 39 51
181200 51 65
181200 58 72
181200 65 72
181200 66 70
181500 28 73
181500 62 73
181500 67 84
181500 67 76
181800 25 87
182100 8 30
182100 8 90
182100 9 73
182100 15 67
182100 52 75
182100 53 73
182400 0 48
182400 0 14
182400 9 62
182400 18 68
182400 28 29
182700 5 24
182700 7 16
182700 8 26
182700 14 90
182700 18 37
183000 5 14
183000 9 62
183000 37 58
183000 44 45
183300 7 58
183300 24 48
183300 29 53
183300 49 52
183600 7 50
183900 1 76
183900 19 76
183900 22 64
183900 35 79
183900 77 82
184200 7 58
184200 15 33
184200 44 52
184500 4 36
184500 14 24
184500 27 56
184500 27 60
184500 28 53
184500 29 70
184500 29 53
184500 45 65
184500 65 72
184800 14 72
184800 28 53
185100 9 62
185100 29 69
185100 50 74
185100 53 69
185100 55 79
185400 7 58
185400 29 53
185400 35 48
185400 55 79
185700 3 14
185700 9 62
185700 9 28
185700 9 44
185700 34 44
185700 44 45
186000 9 62
186000 35 75
186300 24 48
186300 31 32
186600 0 24
186600 50 86
186600 56 84
186900 31 71
187200 24 48
187200 29 30
187200 30 63
187200 47 58
187500 4 52
187500 9 73
187500 9 69
187500 9 62
187500 29 53
187500 52 55
187500 55 79
187500 67 76
187800 4 50
187800 4 52
187800 14 24
187800 21 69
187800 29 53
188100 38 58
188100 59 78
188100 76 78
188400 29 53
188400 51 65
188700 29 53
189000 14 58
189000 22 38
189300 19 78
189300 21 63
189300 29 53
189600 5 54
189600 7 59
189600 9 62
189600 62 69
189900 2 15
189900 17 18
189900 35 75
189900 79 87
190200 23 30
190200 29 53
190200 29 30
190200 35 52
190200 37 84
190200 43 45
190200 44 51
190500 11 84
190500 12 84
190500 16 33
190500 29 53
190500 42 43
190500 49 84
190500 49 58
190500 49 64
190500 58 84
190500 64 77
190500 79 88
190800 35 75
190800 39 58
190800 65 84
190800 79 88
191100 18 47
191100 18 37
191100 58 65
191400 9 69
191400 9 63
191400 24 48
191400 28 70
191400 53 70
191400 61 62
191700 9 73
191700 11 23
191700 17 18
191700 22 85
192000 1 16
192000 7 88
192000 9 62
192000 35 79
192000 35 52
192000 35 36
192000 36 79
192000 76 88
192300 21 84
192300 22 85
192600 50 86
192600 52 84
192600 52 75
192600 59 76
192600 75 84
192900 7 76
192900 9 63
193200 39 58
193200 79 84
193200 79 88
193500 5 39
193500 14 58
193500 40 88
193500 49 55
193800 14 85
193800 23 69
193800 23 31
193800 27 75
193800 31 69
194100 12 44
194400 3 5
194400 29 63
194700 19 62
194700 21 56
194700 22 64
194700 77 82
195000 11 44
195000 19 28
195000 25 86
195000 35 75
195000 35 52
195000 45 65
195000 52 75
195300 2 15
195300 9 73
195300 20 40
195300 40 75
195300 44 70
195600 32 38
195900 24 48
195900 66 69
196200 22 64
196200 24 48
196200 77 82
196500 29 53
196800 28 29
196800 49 86
197100 17 18
197100 29 63
197400 0 24
197700 4 48
197700 8 34
197700 8 90
197700 8 58
197700 11 24
197700 27 76
197700 27 81
197700 45 58
198000 5 34
198000 5 37
198000 7 27
198000 23 30
198000 30 34
198300 15 33
198300 23 30
198300 53 63
198600 29 63
198900 23 69
198900 23 30
198900 29 53
198900 30 63
198900 30 53
199200 4 50
199200 5 24
199200 7 57
199200 8 26
199200 9 62
199200 13 50
199200 14 90
199200 14 37
199200 32 80
199200 37 90
199500 8 26
199500 29 53
199500 36 79
199500 36 55
199500 55 79
199800 0 24
199800 20 84
199800 35 52
199800 35 84
199800 55 79
199800 56 87
199800 56 84
200100 15 33
200100 46 76
200100 60 81
200400 21 61
200400 22 64
200400 57 88
200700 9 62
200700 29 53
200700 57 88
201000 3 68
201000 9 62
201000 28 69
201000 37 77
201000 52 75
201000 62 73
201300 9 62
201300 9 19
201300 12 58
201300 14 37
201300 19 44
201300 21 61
201300 22 64
201300 29 53
201300 44 45
201300 44 58
201300 44 60
201300 53 63
201600 21 69
201600 58 85
201900 14 71
201900 44 51
201900 50 86
202200 14 32
202500 7 12
202500 33 84
202500 72 85
202500 79 88
202800 9 29
202800 29 62
202800 29 63
202800 62 73
202800 63 66
203100 9 73
203100 9 62
203100 50 74
203400 22 85
203700 35 75
203700 44 51
204000 32 80
204000 50 74
204300 14 58
204300 14 37
204300 22 91
204300 23 30
204300 38 80
204300 85 91
204600 17 68
204900 3 51
204900 3 23
204900 23 49
204900 28 69
204900 42 51
204900 52 75
204900 80 90
205200 42 51
205200 46 60
205200 53 70
205500 19 73
205500 29 63
205500 56 84
205800 0 14
205800 12 88
205800 31 51
205800 51 71
206100 9 62
206100 16 84
206100 24 48
206400 21 69
206400 29 63
206700 15 60
207000 22 64
207300 55 79
207600 14 48
207600 14 24
207600 24 48
207600 53 63
207900 0 45
207900 29 53
207900 37 58
207900 37 47
208200 3 5
208200 3 22
208200 5 18
208200 11 24
208200 18 22
208200 22 64
208200 55 79
208500 2 10
208500 2 6
208500 3 14
208500 6 10
208500 11 14
208500 14 34
208500 27 46
208500 44 51
208800 24 48
208800 28 69
209100 11 44
209100 11 30
209100 24 48
209400 35 52
209400 44 77
209400 56 84
209700 17 18
209700 29 61
209700 44 51
210000 3 80
210000 28 53
210000 49 55
210300 9 69
210300 9 66
210300 9 62
210300 12 57
210300 27 75
210300 50 74
210300 62 69
210300 80 85
210600 21 69
210600 29 63
210900 15 33
210900 25 55
210900 56 60
211200 17 68
211200 29 53
211200 35 49
211200 57 60
211500 62 73
211500 71 83
211800 9 30
211800 12 76
211800 21 56
211800 22 64
211800 38 45
211800 56 76
212100 3 5
212100 9 29
212100 11 48
212100 11 24
212100 24 48
212100 57 88
212100 74 86
212400 5 37
212400 5 13
212400 5 74
212400 9 62
212400 74 81
212700 17 68
212700 18 34
212700 35 75
212700 35 36
212700 36 75
213000 7 84
213000 8 26
213000 21 84
213000 31 71
213300 23 30
213300 24 48
213600 7 16
213600 7 84
213600 7 25
213600 16 84
213600 16 25
213600 25 84
213600 50 84
213900 7 78
213900 8 26
213900 14 24
213900 14 64
213900 17 68
213900 29 53
214200 14 24
214200 18 47
214500 0 24
214500 32 91
214500 57 60
214800 16 84
214800 28 69
214800 32 38
214800 35 50
214800 37 82
214800 37 77
214800 45 65
215100 50 74
215400 7 86
215700 7 16
215700 29 53
215700 45 58
216000 5 39
216000 35 87
216000 35 86
216000 35 52
216300 17 18
216300 32 38
216600 9 73
216600 9 62
216900 9 73
216900 9 62
216900 17 18
216900 50 74
216900 53 69
217200 3 43
217200 29 53
217500 53 62
217500 76 78
217800 0 24
217800 5 24
217800 39 58
217800 79 88
218100 35 52
218400 3 22
218400 28 66
218400 28 69
218700 9 62
218700 17 18
218700 50 86
218700 79 87
219000 22 64
219000 24 48
219000 44 51
219000 77 82
219300 17 68
219300 28 45
219300 44 45
219600 11 69
219600 11 23
219600 23 69
219600 53 63
219900 55 79
220200 3 11
220200 28 76
220200 57 76
220500 14 39
220500 14 58
220800 16 25
220800 52 87
221100 24 58
221100 28 84
221100 28 62
221400 29 53
221700 5 18
221700 7 88
221700 16 88
221700 28 73
221700 29 53
221700 39 51
221700 49 86
221700 49 55
221700 55 86
222000 8 50
222000 9 62
222000 38 58
222000 38 45
222000 50 75
222300 35 75
222300 55 86
222600 52 79
222900 1 12
222900 9 73
222900 9 62
222900 51 71
223200 8 82
223200 9 19
223200 9 62
223200 22 39
223200 22 64
223200 37 58
223200 38 44
223500 5 72
223500 29 69
223500 29 53
223500 50 74
223500 53 69
223500 55 79
223800 6 40
223800 9 73
223800 9 61
223800 50 86
224100 34 84
224100 35 75
224100 55 74
224100 67 84
224400 28 69
224700 9 62
224700 18 34
224700 21 66
224700 29 69
224700 45 83
224700 50 74
224700 55 79
224700 57 60
225000 7 16
225000 7 25
225000 16 25
225300 7 27
225600 29 53
225600 37 58
225900 5 18
225900 11 24
225900 79 84
226200 2 28
226200 5 22
226200 23 61
226500 3 5
226500 29 73
226500 50 86
226800 6 40
226800 9 62
226800 35 49
226800 55 74
227100 14 37
227100 17 68
227400 28 70
227700 7 76
228000 42 84
228000 52 84
228000 53 63
228300 29 53
228600 9 62
228600 29 53
228600 50 74
228600 58 72
228900 9 62
228900 27 88
228900 28 69
228900 29 53
229200 24 48
229500 19 73
229500 52 75
229800 8 26
229800 9 62
229800 21 84
230100 11 86
230100 12 86
230100 76 78
230400 49 74
230700 0 45
230700 4 86
230700 29 91
230700 29 53
230700 53 63
231000 0 48
231000 4 50
231000 9 62
231000 9 73
231000 15 67
231000 52 75
231300 0 24
231300 5 34
231300 23 29
231300 29 30
231600 4 50
231600 15 67
231600 28 69
231600 30 66
231600 44 51
231600 52 75
231600 55 86
231900 28 53
231900 44 51
232200 23 30
232200 45 72
232200 45 65
232200 49 74
232200 50 86
232200 52 84
232200 65 72
232500 29 70
232800 3 14
232800 7 88
232800 9 63
232800 9 28
233100 22 32
233100 53 70
233400 24 48
233400 31 91
233400 66 69
233700 17 68
233700 17 34
233700 34 68
233700 35 75
233700 36 75
233700 75 86
234000 8 58
234000 14 58
234000 19 27
234000 27 50
234000 27 84
234000 27 35
234000 27 52
234000 27 75
234000 35 75
234000 35 38
234000 45 58
234000 58 72
234300 67 84
234600 24 31
234600 31 48
234600 81 88
234900 44 86
234900 58 65
235200 2 33
235200 24 87
235200 58 62
235500 12 44
235500 58 65
235800 27 60
235800 29 63
235800 37 58
235800 50 75
236100 4 52
236100 8 26
236100 28 29
236100 29 70
236100 37 77
236100 38 39
236400 1 76
236400 37 58
236700 1 16
236700 8 26
237000 8 26
237000 44 51
237300 9 28
237300 9 63
237600 14 58
237600 21 61
237900 7 84
237900 24 84
237900 27 84
237900 33 84
237900 51 58
238200 7 58
238200 24 35
238200 29 53
238200 49 52
238200 55 79
238500 8 26
238500 53 63
238800 37 58
239100 3 85
239100 50 86
239400 0 24
239400 19 42
239400 19 50
239400 20 35
239400 22 32
239400 55 79
239400 84 87
239700 64 77
240000 62 73
240300 7 25
240300 28 69
240600 0 14
240600 14 37
240600 17 18
240600 28 30
240600 64 77
240900 9 62
240900 29 53
241200 7 12
241200 29 53
241500 22 64
241500 24 48
241500 44 51
241500 52 87
241500 77 82
241800 11 24
241800 24 48
242100 34 84
242100 35 75
242100 35 50
242100 37 84
242100 50 86
242100 75 86
242400 23 69
242700 3 85
242700 22 85
243000 1 16
243000 1 59
243000 15 16
243000 16 59
243000 49 55
243000 55 79
243300 21 56
243300 22 64
243300 24 48
243300 35 79
243300 77 82
243600 23 49
243600 25 49
243600 28 69
243600 37 77
243600 52 75
243600 53 61
243900 0 45
243900 3 5
243900 9 29
243900 9 30
243900 9 70
243900 9 28
244200 8 26
244200 28 70
244500 14 72
244500 30 73
244500 30 69
244500 53 69
244800 5 44
244800 11 44
244800 28 69
244800 29 70
244800 44 51
245100 18 90
245100 23 30
245100 35 75
245100 46 84
245100 50 86
245100 50 60
245100 57 88
245100 62 73
245400 7 16
245400 9 29
245400 22 32
245400 52 55
245400 55 74
245700 14 58
245700 21 40
245700 47 58
246000 2 10
246000 2 6
246000 6 10
246300 9 63
246300 37 77
246600 9 62
246600 9 45
246600 12 57
246600 13 50
246600 14 85
246600 14 24
246600 27 75
246600 45 61
246600 45 83
246600 50 74
246900 1 59
246900 1 88
246900 1 84
246900 11 24
246900 12 88
246900 15 88
246900 23 69
246900 24 55
247200 18 37
247200 29 53
247200 35 55
247200 39 72
247200 80 85
247500 24 48
247800 28 69
247800 46 89
248100 34 86
248400 16 46
248400 35 84
248400 44 51
248400 57 88
248700 5 18
249000 5 18
249000 29 90
249000 44 51
249000 45 64
249000 81 88
249300 17 18
249300 21 56
249300 21 59
249300 24 48
249300 32 58
249600 12 78
249600 58 65
249600 84 89
249900 7 78
249900 9 69
249900 9 29
249900 29 63
250200 7 16
250200 7 25
250200 16 25
250200 17 18
250200 30 66
250500 1 88
250500 5 51
250500 7 81
250500 7 88
250500 29 53
250500 39 51
250500 49 67
250500 55 86
250800 11 23
251100 50 74
251100 53 69
251400 35 75
251400 35 52
251400 52 75
251700 8 26
251700 49 74
252000 20 31
252000 24 31
252000 24 48
252000 31 48
252000 71 83
252300 3 24
252300 14 45
252300 24 29
252300 24 53
252300 24 28
252300 29 53
252300 44 51
252600 6 12
252600 6 26
252600 9 62
252600 9 26
252600 12 46
252600 14 24
252900 29 63
252900 50 86
253200 29 53
253200 37 58
253500 5 18
253500 12 77
253500 12 64
253500 24 48
253500 64 77
253800 21 69
253800 21 61
253800 24 45
253800 30 66
253800 69 73
254100 37 58
254100 50 86
254400 22 38
254400 29 53
254400 29 30
254400 29 66
254400 30 53
254700 12 44
254700 12 58
254700 12 77
254700 24 48
254700 58 65
255000 11 44
255000 63 70
255300 45 72
255600 14 24
255600 29 63
255600 35 75
255600 59 76
255900 37 58
255900 44 52
256200 9 62
256500 26 32
256500 57 60
256800 4 86
256800 7 12
256800 9 28
256800 9 63
256800 37 58
256800 52 87
257100 29 53
257100 35 75
257100 42 50
257400 2 28
257400 5 22
257400 22 85
257700 8 26
257700 9 62
257700 9 28
257700 28 73
257700 28 62
257700 50 52
257700 50 86
258000 11 26
258000 35 75
258300 14 18
258300 25 58
258300 29 53
258300 35 75
258300 50 75
258300 53 63
258300 56 60
258600 12 59
258600 20 84
258600 37 58
258600 59 76
258900 9 62
258900 38 58
258900 38 45
258900 45 58
259200 16 84
259200 28 73
259200 44 51
259500 9 73
259500 28 84
259500 28 76
259500 76 84
259800 0 24
259800 4 84
259800 35 52
259800 55 79
260100 28 84
260100 39 51
260400 1 33
260400 1 7
260400 5 72
260400 24 45
260400 37 58
260400 58 65
260700 0 14
260700 53 70
260700 60 79
261000 0 14
261000 5 22
261000 5 37
261000 16 45
261000 22 37
261000 22 26
261000 22 34
261000 26 37
261000 26 72
261000 34 37
261000 37 72
261000 40 84
261000 40 78
261000 60 81
261000 60 88
261000 81 88
261300 3 5
261300 29 63
261300 29 73
261300 50 88
261600 5 85
261600 76 78
261900 9 63
261900 28 70
261900 35 75
262200 1 15
262200 29 63
262200 55 79
262200 56 87
262200 75 79
262500 9 62
262500 9 73
262500 17 18
262500 50 74
262500 53 69
262500 55 79
262800 79 86
263100 9 63
263100 28 70
263100 28 53
263100 37 65
263100 53 70
263100 61 62
263400 7 88
263400 22 64
263400 59 67
263400 61 66
263700 7 56
263700 9 62
264000 7 33
264000 58 72
264000 64 77
264300 9 62
264300 9 19
264300 22 64
264300 24 48
264300 38 44
264600 8 26
264600 9 62
264600 9 73
264600 69 73
264900 3 19
264900 3 14
264900 9 14
264900 19 42
264900 29 63
265200 29 53
265200 69 70
265500 50 86
265800 2 6
265800 5 51
265800 5 39
265800 6 10
265800 7 16
265800 9 62
265800 14 82
266100 9 62
266100 17 68
266100 18 68
266400 28 70
266700 42 43
266700 42 72
266700 42 58
266700 58 72
267000 7 88
267000 9 62
267000 52 75
267300 3 5
267300 9 62
267300 9 29
267300 11 24
267300 11 48
267300 18 37
267300 24 48
267600 52 79
267900 50 86
268200 39 72
268500 14 24
268800 9 60
268800 15 33
268800 35 75
269100 53 63
269400 14 44
269400 14 22
269700 15 33
270000 21 56
270000 24 48
270300 3 14
270300 4 86
270300 7 12
270300 9 28
270600 11 23
270600 23 69
270600 45 58
270900 42 86
270900 55 86
271200 4 55
271500 5 14
271500 37 58
271800 45 65
272100 3 8
272100 14 85
272100 19 79
272100 24 48
272100 45 65
272400 21 76
272400 21 69
272400 22 85
272700 24 58
273000 9 62
273000 29 53
273000 37 58
273000 50 74
273000 57 88
273300 3 18
273300 9 62
273300 18 65
273300 29 53
273600 9 51
273600 9 39
273600 39 51
273900 35 75
273900 50 86
274200 18 37
274200 53 70
274500 24 48
274500 52 75
274500 69 70
274800 8 85
274800 8 37
274800 9 62
274800 21 61
274800 59 76
275100 29 53
275100 39 51
275100 53 63
275100 53 69
275100 66 69
275400 1 84
275400 5 18
275400 15 88
275400 15 40
275400 15 84
275400 18 32
275400 22 32
275400 23 69
275400 28 30
275400 29 53
275400 59 88
275400 59 84
275400 62 75
275400 81 84
275400 84 88
275700 1 16
275700 2 6
275700 2 10
275700 6 40
275700 6 27
275700 6 10
275700 10 16
275700 10 40
275700 12 77
275700 12 44
275700 16 33
275700 17 18
275700 24 48
275700 27 40
275700 27 46
275700 27 65
275700 27 57
275700 39 65
275700 46 56
275700 46 57
276000 28 84
276000 39 51
276300 9 66
276300 14 24
276300 24 58
276300 28 84
276600 29 53
276900 6 40
276900 15 33
276900 38 45
276900 44 52
277200 23 30
277200 49 74
277200 49 55
277200 55 74
277200 69 73
277500 11 44
277500 24 63
277500 37 82
277500 86 91
277800 14 65
277800 14 45
277800 22 64
277800 29 53
277800 39 58
277800 39 85
277800 46 89
277800 58 85
277800 58 65
278100 11 77
278100 12 27
278100 17 34
278100 22 48
278100 27 81
278100 27 48
278100 27 77
278100 48 64
278100 64 77
278400 35 75
278400 35 52
