0 18 37
0 29 53
0 35 55
0 39 72
0 80 85
300 1 76
300 37 58
600 2 15
600 9 73
600 17 18
600 35 75
900 58 65
900 76 84
1200 7 16
1200 9 29
1200 22 32
1200 52 55
1200 55 74
1500 23 53
1500 28 69
1500 35 52
1500 46 50
1500 50 86
1500 53 70
1800 9 62
1800 29 53
2100 14 58
2100 21 61
2400 29 63
2700 11 26
2700 35 75
3000 5 85
3000 5 80
3000 21 84
3000 28 69
3300 1 33
3300 1 2
3300 1 6
3300 2 6
3300 6 84
3300 6 33
3300 10 84
3300 12 44
3300 33 44
3300 39 51
3300 51 58
3300 51 65
3300 56 84
3300 58 65
3300 67 84
3600 9 62
3600 29 69
3600 50 74
3600 53 69
3600 55 79
3900 19 62
3900 21 56
3900 22 64
3900 77 82
4200 14 24
4200 76 78
4500 11 44
4500 25 75
4800 28 84
5100 4 50
5100 15 67
5100 28 69
5100 30 66
5100 44 51
5100 52 75
5100 55 86
5400 17 68
5400 29 53
5400 35 49
5400 57 60
5700 7 50
6000 8 26
6300 17 18
6600 8 50
6600 9 62
6600 38 58
6600 38 45
6600 50 75
6900 5 34
6900 29 63
7200 15 33
7200 46 76
7200 60 81
7500 21 46
7500 21 26
7500 24 48
7500 26 31
7500 49 79
7500 75 79
7800 29 53
7800 57 88
8100 29 53
8400 12 16
8400 27 81
8400 39 57
8400 50 86
8700 1 40
8700 2 12
8700 7 40
8700 12 72
8700 58 72
9000 31 71
9300 20 35
9300 39 45
9300 42 79
9600 17 68
9600 45 58
9600 63 70
9600 64 77
9900 24 48
10200 12 58
10200 43 58
10200 44 45
10200 79 88
10500 22 32
10800 21 84
10800 24 48
10800 35 75
10800 55 79
11100 4 79
11100 9 29
11100 27 81
11400 29 53
11700 3 18
11700 7 58
11700 15 33
12000 52 79
12300 3 80
12600 2 15
12600 23 30
12900 17 34
12900 28 70
13200 26 52
13200 29 53
13500 7 58
13800 28 69
13800 30 66
13800 52 75
14100 3 24
14100 14 45
14100 24 29
14100 24 53
14100 24 28
14100 29 53
14100 44 51
14400 0 24
14700 24 48
14700 31 91
14700 66 69
15000 50 74
15300 24 48
15300 26 31
15300 35 75
15300 37 91
15600 5 39
15600 35 87
15600 35 86
15600 35 52
15900 29 63
16200 11 24
16200 19 59
16200 19 76
16200 37 72
16200 59 76
16200 70 73
16500 14 72
16500 14 34
16500 14 85
16500 24 48
16500 27 75
16500 27 35
16500 35 75
16800 24 48
16800 24 45
16800 29 63
16800 29 70
16800 39 45
16800 42 50
16800 42 65
16800 45 72
16800 45 48
17100 29 63
17100 37 77
17100 55 86
17400 5 14
17400 6 88
17400 14 24
17400 28 30
17700 44 51
17700 77 82
18000 28 70
18000 38 39
18300 14 24
18300 50 55
18600 1 2
18600 2 10
18600 5 39
18600 6 10
18600 21 56
18600 45 58
18900 2 15
18900 17 18
18900 35 75
18900 79 87
19200 2 28
19200 5 22
19200 22 85
19500 0 14
19500 7 16
19500 8 60
19500 8 90
19500 9 62
19500 53 66
19800 15 60
20100 14 85
20100 23 69
20100 23 31
20100 27 75
20100 31 69
20400 29 53
20400 37 58
20700 8 58
20700 14 58
20700 19 27
20700 27 50
20700 27 84
20700 27 35
20700 27 52
20700 27 75
20700 35 75
20700 35 38
20700 45 58
20700 58 72
21000 17 18
21000 29 61
21000 44 51
21300 29 53
21600 3 68
21600 29 63
21900 14 24
21900 21 69
21900 29 53
21900 85 91
22200 3 5
22200 9 62
22200 9 29
22200 11 24
22200 11 48
22200 18 37
22200 24 48
22500 6 40
22500 9 73
22500 9 61
22500 50 86
22800 9 62
22800 24 31
22800 24 48
22800 31 48
23100 21 69
23100 58 85
23400 28 70
23400 39 72
23400 72 90
23700 14 47
23700 45 72
24000 17 68
24000 18 34
24000 35 75
24000 35 36
24000 36 75
24300 13 88
24300 21 88
24300 29 53
24300 29 69
24300 45 83
24300 50 74
24300 55 79
24600 7 78
24600 29 53
24900 21 84
24900 30 66
24900 55 86
25200 9 62
25200 22 32
25200 76 78
25500 29 53
25500 37 58
25500 44 51
25500 67 76
25800 9 62
25800 36 55
25800 36 79
25800 55 79
26100 11 44
26100 63 70
26400 14 37
26400 17 68
26700 45 65
26700 50 86
26700 55 74
27000 12 58
27000 39 58
27000 79 88
27300 49 55
27600 7 25
27600 16 25
27600 30 66
27600 50 86
27900 14 22
27900 14 39
27900 21 84
27900 30 90
27900 59 78
28200 16 78
28200 28 73
28200 53 63
28200 70 73
28200 75 79
28500 4 79
28500 16 84
28800 25 86
28800 29 53
28800 50 86
29100 5 18
29100 11 24
29100 79 84
29400 17 18
29400 29 63
29700 9 62
29700 16 76
29700 17 68
29700 21 61
29700 24 37
29700 35 75
29700 42 75
29700 45 90
29700 55 79
29700 59 76
30000 24 59
30000 29 53
30000 45 90
30000 53 63
30300 6 88
30300 18 37
30300 22 85
30300 23 69
30300 28 62
30600 29 53
30900 0 24
30900 50 86
30900 56 84
31200 5 44
31200 11 44
31200 28 69
31200 29 70
31200 44 51
31500 28 70
31800 11 44
31800 24 48
32100 32 85
32100 50 86
32400 0 14
32400 7 16
32400 8 90
32400 8 60
32400 9 69
32400 17 68
32400 17 18
32700 29 53
33000 29 63
33000 50 86
33300 9 62
33300 50 86
33600 7 16
33600 29 53
33600 49 52
33900 7 12
33900 29 53
33900 45 83
33900 50 74
34200 9 73
34200 9 62
34500 11 44
34800 29 53
34800 37 58
35100 21 69
35100 29 63
35400 23 30
35400 24 48
35700 29 53
36000 5 85
36000 76 78
36300 2 88
36300 7 58
36600 29 70
36900 9 73
36900 35 50
36900 50 86
36900 50 84
37200 0 14
37500 9 62
37800 7 88
38100 23 29
38100 29 63
38100 31 71
38100 52 79
38400 7 81
38400 14 45
38400 57 60
38700 9 73
38700 9 62
38700 17 18
38700 50 74
38700 53 69
39000 49 84
39300 2 33
39300 24 87
39300 58 62
39600 62 73
39600 71 83
39900 7 88
39900 9 62
39900 29 53
40200 49 55
40200 49 86
40200 50 86
40200 52 55
40500 7 27
40500 27 60
40500 27 57
40500 28 61
40500 29 53
40500 49 74
40500 57 60
40800 8 26
40800 29 53
40800 36 79
40800 36 55
40800 55 79
41100 29 53
41400 9 63
41400 9 73
41400 9 28
41400 9 69
41400 24 48
41400 28 70
41400 37 65
41400 53 70
41400 61 62
41700 14 72
41700 28 53
42000 28 53
42000 44 51
42300 35 75
42300 35 52
42600 30 53
42600 58 72
42900 9 29
42900 11 48
42900 27 81
42900 57 88
43200 1 7
43200 1 27
43200 7 27
43200 14 37
43200 29 53
43500 5 11
43500 14 48
43500 28 73
43500 29 53
43500 39 51
43500 61 71
43500 70 73
43800 0 14
43800 5 22
43800 5 37
43800 16 45
43800 22 37
43800 22 26
43800 22 34
43800 26 37
43800 26 72
43800 34 37
43800 37 72
43800 40 84
43800 40 78
43800 60 81
43800 60 88
43800 81 88
44100 15 67
44100 30 66
44100 37 58
44100 37 77
44100 52 75
44100 62 73
44100 64 82
44100 65 82
44400 22 64
44400 28 57
44400 37 58
44700 11 23
44700 17 18
44700 23 69
44700 35 74
44700 62 73
45000 63 70
45300 37 58
45300 50 86
45600 28 69
45600 30 53
45600 53 70
45900 35 75
45900 45 65
45900 56 86
45900 56 84
45900 84 86
46200 15 33
46500 28 29
46500 49 86
46800 1 16
46800 7 88
46800 9 62
46800 35 79
46800 35 52
46800 35 36
46800 36 79
46800 76 88
47100 7 33
47100 58 72
47100 64 77
47400 4 87
47400 9 62
47400 22 85
47400 29 53
47400 36 50
47400 84 89
47700 0 48
47700 9 69
47700 9 43
47700 9 73
47700 15 67
47700 23 69
47700 30 66
47700 44 51
47700 52 75
47700 62 73
47700 69 73
48000 5 21
48000 21 84
48300 9 30
48300 12 76
48300 21 56
48300 22 64
48300 38 45
48300 56 76
48600 0 48
48600 4 50
48600 9 62
48600 9 73
48600 15 67
48600 52 75
48900 5 18
48900 35 50
48900 42 50
48900 50 86
49200 3 44
49200 22 64
49200 44 51
49200 45 58
49500 9 63
49500 9 73
49800 34 84
49800 58 72
49800 80 85
50100 9 62
50100 18 34
50100 21 66
50100 29 69
50100 45 83
50100 50 74
50100 55 79
50100 57 60
50400 12 44
50400 58 65
50700 5 54
50700 7 59
50700 9 62
50700 62 69
51000 40 88
51000 55 74
51300 24 44
51300 29 63
51600 9 62
51600 38 58
51600 38 45
51600 59 78
51600 76 78
51900 9 62
51900 9 45
51900 12 57
51900 13 50
51900 14 85
51900 14 24
51900 27 75
51900 45 61
51900 45 83
51900 50 74
52200 5 80
52200 5 18
52200 18 80
52500 18 90
52500 23 30
52500 35 75
52500 46 84
52500 50 86
52500 50 60
52500 57 88
52500 62 73
52800 2 15
52800 9 73
52800 20 40
52800 40 75
52800 44 70
53100 15 33
53400 11 24
53400 24 48
53700 7 58
53700 15 33
53700 44 52
54000 2 10
54000 2 6
54000 3 14
54000 6 10
54000 11 14
54000 14 34
54000 27 46
54000 44 51
54300 25 87
54600 0 48
54600 4 50
54600 9 73
54600 9 62
54600 15 67
54600 52 75
54600 53 66
54900 11 23
55200 14 48
55200 14 24
55200 24 48
55200 53 63
55500 42 43
55500 42 72
55500 42 58
55500 58 72
55800 12 78
56100 22 64
56100 35 52
56100 44 51
56100 46 89
56400 24 48
56400 28 69
56700 28 62
56700 28 29
56700 29 53
57000 4 50
57000 9 62
57000 23 30
57000 30 44
57000 35 52
57000 46 49
57000 49 86
57000 53 70
57300 5 37
57300 24 48
57300 24 31
57300 31 48
57600 12 78
57600 58 65
57600 84 89
57900 29 53
57900 52 86
58200 38 58
58200 59 78
58200 76 78
58500 7 76
58800 4 49
58800 29 53
58800 57 88
59100 9 62
59100 15 33
59100 35 75
59100 52 55
59100 60 81
59400 27 73
59400 29 53
59400 37 84
59400 49 86
59400 49 50
59700 29 53
59700 51 65
60000 17 68
60000 28 69
60000 29 53
60000 37 82
60000 44 51
60300 7 27
60300 27 57
60300 57 60
60600 14 24
60900 35 75
61200 11 48
61200 22 32
61200 58 65
61500 28 53
61800 25 86
61800 30 53
61800 53 77
62100 3 18
62100 9 62
62100 18 65
62100 29 53
62400 5 72
62400 29 69
62400 29 53
62400 50 74
62400 53 69
62400 55 79
62700 3 37
62700 8 26
62700 22 37
62700 23 30
62700 29 63
62700 37 90
63000 11 23
63300 9 29
63300 29 62
63300 29 63
63300 62 73
63300 63 66
63600 12 59
63600 20 84
63600 37 58
63600 59 76
63900 17 18
63900 21 56
63900 21 59
63900 24 48
63900 32 58
64200 25 88
64200 29 53
64200 38 51
64200 45 58
64200 51 72
64500 22 38
64500 29 53
64500 29 30
64500 29 66
64500 30 53
64800 12 77
64800 12 84
64800 26 32
64800 77 84
65100 14 32
65400 58 65
65700 6 12
65700 6 26
65700 9 62
65700 9 26
65700 12 46
65700 14 24
66000 9 66
66000 16 59
66000 50 59
66000 59 76
66300 19 59
66300 19 76
66300 21 61
66300 24 45
66300 25 47
66300 27 57
66300 28 69
66300 44 51
66300 53 66
66600 3 24
66600 15 33
66600 28 29
66600 44 51
66600 53 63
66900 1 78
66900 9 19
66900 19 42
66900 19 50
66900 33 88
66900 58 72
66900 62 73
67200 6 40
67200 15 33
67200 38 45
67200 44 52
67500 11 38
67500 23 30
67500 29 53
67500 62 73
67500 84 88
67800 3 58
67800 29 63
67800 37 58
67800 50 75
68100 1 16
68100 1 59
68100 15 16
68100 16 59
68100 49 55
68100 55 79
68400 15 33
68400 50 86
68400 60 81
68400 76 88
68700 14 44
68700 14 22
69000 24 45
69000 29 53
69000 37 58
69000 44 51
69300 5 11
69300 5 72
69300 9 62
69600 0 48
69600 0 14
69600 9 62
69600 18 68
69600 28 29
69900 28 73
69900 62 73
69900 67 84
69900 67 76
70200 29 53
70200 39 51
70200 53 63
70200 53 69
70200 66 69
70500 29 63
70500 50 84
70500 58 65
70500 59 76
70500 76 81
70800 14 65
70800 14 45
70800 22 64
70800 29 53
70800 39 58
70800 39 85
70800 46 89
70800 58 85
70800 58 65
71100 1 76
71100 19 76
71100 22 64
71100 35 79
71100 77 82
71400 1 6
71400 1 59
71400 1 88
71400 7 81
71400 29 53
71700 7 16
71700 7 58
72000 21 76
72300 35 52
72600 53 66
72900 5 14
72900 37 58
73200 14 48
73200 23 30
73200 24 48
73200 39 58
73200 45 58
73200 45 72
73200 58 72
73500 9 62
73800 0 24
73800 9 66
73800 23 29
74100 15 27
74100 23 30
74100 29 71
74100 37 58
74400 0 24
74400 21 42
74400 22 38
74400 24 45
74400 25 28
74400 27 57
74400 67 76
74700 6 40
74700 9 30
74700 9 29
74700 28 29
74700 28 53
74700 29 53
75000 17 18
75000 18 68
75000 24 48
75000 32 58
75300 9 73
75300 29 69
75300 29 53
75300 37 58
75300 50 74
75300 53 69
75600 9 73
75600 45 70
75600 52 84
75600 53 70
75900 29 53
76200 34 84
76200 35 75
76200 55 74
76200 67 84
76500 3 14
76500 3 44
76500 9 73
76500 9 19
76500 9 62
76500 11 44
76500 19 73
76500 29 63
76500 62 73
76500 62 66
76800 16 76
76800 32 38
77100 35 75
77100 50 86
77400 8 26
77400 9 62
77400 52 84
77700 17 18
77700 45 65
78000 28 29
78000 29 70
78300 35 55
78300 50 74
78600 3 53
78600 7 33
78600 11 56
78600 22 32
78600 22 45
78600 28 70
78600 44 51
78600 53 70
78600 53 61
78900 9 62
78900 18 90
78900 23 30
78900 50 60
78900 50 57
78900 57 88
79200 17 18
79200 35 75
79200 39 90
79500 6 58
79500 6 7
79500 7 58
79500 8 14
79500 9 62
79500 14 37
79500 35 75
79800 37 58
80100 22 64
80100 24 48
80100 44 51
80100 77 82
80400 52 79
80700 3 72
80700 22 38
80700 22 32
81000 58 65
81000 76 78
81000 76 81
81000 78 81
81300 8 26
81300 21 61
81300 22 64
81600 4 79
81600 37 58
81600 75 79
81900 7 78
81900 16 25
81900 27 60
82200 3 14
82200 9 62
82200 9 28
82200 9 44
82200 34 44
82200 44 45
82500 29 53
82500 37 58
82800 22 64
82800 45 85
82800 45 65
82800 65 85
83100 14 24
83100 22 77
83400 53 62
83400 76 78
83700 14 58
83700 21 40
83700 47 58
84000 9 62
84000 9 19
84000 22 64
84000 24 48
84000 38 44
84300 51 54
84300 63 89
84600 21 61
84600 22 64
84600 57 88
84900 1 88
84900 9 73
84900 23 30
84900 29 63
84900 37 77
84900 62 73
85200 15 33
85200 22 85
85200 28 66
85200 44 51
85200 53 63
85500 0 65
85500 0 14
85500 22 64
85500 24 48
85500 44 51
85800 0 24
85800 0 14
85800 14 24
85800 14 48
85800 22 77
85800 24 48
85800 45 48
86100 3 80
86100 28 53
86100 49 55
86400 17 18
86700 8 26
86700 53 63
87000 22 72
87000 28 69
87300 9 73
87300 49 73
87300 50 86
87300 57 60
87600 22 64
87600 24 48
87600 77 82
87900 29 53
88200 7 58
88200 29 53
88200 35 48
88200 55 79
88500 5 24
88500 7 16
88500 8 26
88500 14 90
88500 18 37
88800 11 26
88800 35 75
89100 8 26
89100 26 32
89100 38 90
89100 38 85
89100 58 90
89100 58 85
89100 85 90
89400 7 78
89400 28 69
89400 28 66
89400 42 51
89400 46 60
89700 9 73
90000 29 70
90000 44 72
90000 53 70
90300 0 48
90300 4 86
90300 9 63
90300 21 84
90300 52 87
90600 3 72
90600 3 83
90600 14 44
90600 44 51
90900 9 73
90900 29 53
90900 53 73
91200 9 62
91200 17 18
91200 50 86
91200 79 87
91500 11 77
91500 12 27
91500 17 34
91500 22 48
91500 27 81
91500 27 48
91500 27 77
91500 48 64
91500 64 77
91800 12 44
91800 12 58
91800 12 77
91800 24 48
91800 58 65
92100 5 22
92100 23 61
92400 9 62
92400 39 51
92700 5 18
92700 7 88
92700 8 26
92700 53 63
93000 0 45
93000 4 86
93000 29 91
93000 29 53
93000 53 63
93300 1 59
93300 6 88
93300 32 38
93600 12 44
93600 12 72
93600 12 58
93600 17 34
93600 35 50
93600 43 58
93600 44 58
93600 44 56
93600 50 75
93600 53 70
93600 56 58
93600 56 65
93900 7 21
93900 7 78
93900 17 68
93900 21 78
93900 29 53
93900 36 50
94200 5 14
94200 29 70
94200 44 51
94500 29 53
94500 37 58
94500 62 69
94800 16 25
94800 52 87
95100 5 39
95100 8 84
95100 9 31
95100 24 48
95100 29 53
95100 46 84
95400 17 18
95400 22 32
95400 79 87
95700 17 34
96000 29 63
96300 50 74
96300 53 69
96600 9 73
96600 29 63
96900 8 26
96900 44 51
97200 0 48
97200 8 90
97200 9 80
97200 9 30
97200 15 67
97200 24 48
97200 30 53
97200 53 73
97200 53 62
97500 9 62
97500 29 53
97500 50 74
97500 58 72
97800 9 63
98100 3 65
98100 9 73
98100 17 51
98100 51 68
98400 0 14
98400 14 37
98400 17 18
98400 28 30
98400 64 77
98700 3 14
98700 14 37
98700 16 84
98700 50 75
99000 24 48
99000 37 58
99300 21 56
99300 24 48
99600 25 49
99600 55 79
99900 5 18
99900 5 11
99900 62 73
100200 25 84
100200 64 77
100200 75 79
100500 29 53
100500 52 87
100800 24 48
100800 26 31
101100 49 74
101400 1 40
101400 1 6
101400 6 60
101400 27 84
101400 44 65
101400 58 65
101700 4 52
101700 8 26
101700 28 29
101700 29 70
101700 37 77
101700 38 39
102000 14 24
102000 18 47
102300 0 24
102300 5 24
102300 39 58
102300 79 88
102600 15 33
102900 9 63
102900 9 28
102900 61 62
103200 9 62
103200 23 53
103200 23 73
103200 28 53
103200 28 73
103200 29 53
103200 39 51
103500 7 86
103800 9 66
103800 9 62
103800 9 73
103800 11 84
103800 62 73
104100 17 68
104400 3 45
104700 4 86
104700 7 12
104700 9 28
104700 9 63
104700 37 58
104700 52 87
105000 24 48
105000 26 71
105000 29 53
105000 35 75
105300 8 39
105300 8 85
105300 9 62
105300 38 45
105600 0 48
105600 8 90
105600 16 84
105600 29 53
105900 11 58
105900 27 64
105900 28 53
105900 53 70
105900 85 90
106200 8 26
106200 14 44
106500 7 12
106500 22 32
106800 45 72
107100 5 18
107100 12 77
107100 12 44
107100 12 64
107100 24 48
107100 39 65
107100 44 65
107400 2 15
107400 2 3
107400 2 48
107400 15 48
107400 24 48
107400 24 49
107400 35 75
107400 48 49
107700 44 51
107700 57 62
108000 0 14
108000 41 79
108000 53 69
108000 77 82
108300 3 5
108300 29 63
108300 29 73
108300 50 88
108600 28 69
108600 65 91
108900 24 48
108900 52 75
108900 69 70
109200 11 24
109200 23 30
109200 50 86
109200 84 88
109500 2 15
109500 9 73
109500 9 30
109500 29 63
109500 61 63
109800 21 69
109800 24 45
110100 3 68
110100 9 62
110100 28 69
110100 37 77
110100 52 75
110100 62 73
110400 29 53
110400 37 77
110700 9 73
110700 50 86
111000 28 84
111300 29 63
111600 1 7
111600 7 40
111600 33 59
111900 17 18
111900 32 38
112200 24 45
112200 29 53
112200 44 51
112500 29 70
112800 1 7
112800 17 18
112800 55 79
112800 75 79
113100 1 7
113100 9 73
113100 9 62
113100 14 51
113100 23 29
113100 28 29
113100 29 53
113100 49 55
113400 8 16
113400 28 69
113700 9 28
113700 9 63
113700 28 69
113700 37 77
114000 53 70
114300 21 28
114300 29 53
114300 67 78
114600 19 86
114900 0 14
115200 18 37
115200 53 70
115500 50 86
115500 52 84
115500 52 75
115500 59 76
115500 75 84
115800 14 39
115800 14 58
116100 7 88
116100 22 64
116100 59 67
116100 61 66
116400 4 52
116400 9 73
116400 9 69
116400 9 62
116400 29 53
116400 52 55
116400 55 79
116400 67 76
116700 21 69
116700 29 53
116700 75 79
117000 15 33
117300 37 84
117600 52 79
117900 9 62
117900 17 68
117900 18 68
118200 22 85
118500 22 64
118500 27 57
118500 44 51
118500 77 82
118800 29 53
119100 5 14
119400 1 16
119400 8 26
119700 5 37
119700 35 75
119700 35 49
119700 46 57
120000 22 85
120000 46 89
120300 14 24
120300 29 63
120300 35 75
120300 59 76
120600 1 84
120600 1 59
120600 6 84
120600 9 73
120600 20 84
120600 28 69
120600 67 84
120600 84 88
120900 2 15
120900 2 33
120900 9 73
120900 9 62
120900 15 72
120900 29 63
120900 50 75
120900 58 86
120900 58 78
120900 58 59
120900 59 78
120900 72 86
120900 72 78
120900 72 75
120900 75 86
121200 0 48
121200 8 90
121200 8 16
121200 29 53
121200 29 30
121200 62 73
121500 16 84
121500 28 73
121500 44 51
121800 11 44
121800 24 63
121800 37 82
121800 86 91
122100 29 69
122100 66 69
122400 3 14
122400 4 86
122400 7 12
122400 9 28
122700 35 75
122700 45 58
123000 7 78
123000 9 69
123000 9 29
123000 29 63
123300 9 62
123300 53 63
123600 3 5
123600 3 22
123600 5 18
123600 11 24
123600 18 22
123600 22 64
123600 55 79
123900 7 58
123900 7 25
123900 21 69
123900 25 58
123900 27 76
123900 28 66
123900 75 79
123900 76 78
124200 14 58
124200 21 76
124500 4 86
124500 9 73
124500 9 62
124500 24 48
124800 24 48
124800 35 52
124800 39 45
124800 57 62
125100 8 26
125100 26 80
125100 31 58
125100 39 85
125100 80 91
125400 24 31
125400 31 48
125400 81 88
125700 2 10
125700 10 16
125700 10 33
125700 11 84
125700 12 44
125700 24 31
125700 39 51
125700 51 58
125700 58 65
126000 24 69
126000 28 69
126300 3 8
126300 14 85
126300 19 79
126300 24 48
126300 45 65
126600 7 12
126600 22 91
126600 24 32
126600 33 84
126600 79 88
126600 85 91
126900 3 37
126900 9 30
126900 32 88
127200 24 48
127200 66 69
127500 7 25
127500 16 25
127500 30 66
127800 3 22
127800 28 66
127800 28 69
128100 0 14
128100 3 14
128100 8 90
128100 9 69
128100 16 84
128100 30 53
128100 65 82
128400 15 33
128400 25 86
128700 19 78
128700 21 63
128700 29 53
129000 24 58
129300 17 68
129300 50 86
129600 20 31
129600 24 31
129600 24 48
129600 31 48
129600 71 83
129900 1 88
129900 9 62
129900 9 69
129900 9 66
129900 27 88
129900 28 69
129900 29 30
129900 30 66
130200 14 72
130200 30 73
130200 30 69
130200 53 69
130500 8 30
130500 8 90
130500 9 73
130500 15 67
130500 52 75
130500 53 73
130800 0 65
130800 14 65
130800 39 45
131100 23 30
131100 49 74
131100 49 55
131100 55 74
131100 69 73
131400 21 84
131400 23 29
131400 51 65
131700 5 72
131700 5 37
131700 22 26
131700 22 37
131700 22 72
131700 26 37
131700 26 72
131700 29 53
131700 37 72
131700 53 63
132000 14 58
132000 25 79
132300 5 72
132300 49 55
132300 49 86
132300 55 86
132600 20 40
132600 29 53
132900 0 48
132900 9 62
132900 15 67
132900 16 59
132900 24 48
132900 28 30
132900 28 69
132900 44 51
132900 52 75
132900 62 73
133200 7 84
133200 16 84
133200 25 84
133200 64 77
133500 11 44
133500 11 30
133500 24 48
133800 0 48
133800 9 63
133800 32 71
134100 44 51
134100 88 89
134400 0 45
134400 7 78
134400 7 21
134400 14 24
134700 7 59
134700 8 90
134700 24 48
134700 79 86
135000 3 83
135000 50 74
135300 2 28
135300 5 22
135300 23 61
135600 14 58
135600 21 61
135900 9 73
136200 29 53
136500 42 84
136500 52 84
136500 53 63
136800 19 62
136800 22 64
136800 77 82
137100 5 74
137100 5 37
137100 9 62
137100 9 73
137100 24 48
137100 24 77
137100 24 74
137400 23 69
137700 9 62
137700 29 53
137700 37 58
137700 50 74
137700 57 88
138000 7 76
138000 8 26
138000 15 33
138000 23 29
138000 29 53
138000 53 63
138300 9 23
138300 9 73
138300 14 24
138600 7 56
138600 9 62
138900 28 43
138900 39 51
139200 17 80
139200 21 84
139200 24 48
139200 35 75
139200 46 84
139500 2 15
139500 7 16
139500 7 12
139500 12 16
139800 9 69
139800 9 63
139800 24 48
139800 28 70
139800 53 70
139800 61 62
140100 7 78
140100 8 26
140100 14 24
140100 14 64
140100 17 68
140100 29 53
140400 17 18
140400 29 53
140400 36 79
140700 7 25
140700 22 64
140700 49 84
140700 50 84
140700 50 52
140700 52 84
141000 22 64
141300 3 14
141300 21 84
141300 28 73
141300 29 70
141300 45 65
141600 9 19
141600 9 62
141600 9 73
141600 19 73
141600 45 65
141600 62 73
141900 3 14
141900 19 24
141900 24 48
141900 53 70
142200 50 84
142500 7 76
142800 11 86
142800 12 86
142800 76 78
143100 9 62
143100 77 82
143400 28 70
143700 4 50
143700 5 24
143700 7 57
143700 8 26
143700 9 62
143700 13 50
143700 14 90
143700 14 37
143700 32 80
143700 37 90
144000 9 62
144000 29 53
144000 57 88
144300 0 14
144300 16 59
144300 53 69
144600 8 82
144600 9 19
144600 9 62
144600 22 39
144600 22 64
144600 37 58
144600 38 44
144900 11 44
145200 0 24
145200 17 68
145500 21 84
145800 17 18
146100 0 24
146100 42 79
146100 42 44
146100 56 84
146400 67 84
146700 35 52
147000 0 14
147000 8 54
147000 8 32
147000 8 26
147000 22 91
147000 25 39
147000 39 51
147300 22 64
147300 40 88
147300 44 51
147300 67 78
147600 12 58
147600 58 72
147600 59 78
147600 65 72
147900 29 53
147900 29 63
148200 9 62
148500 9 62
148800 7 58
148800 19 76
148800 21 69
148800 28 73
148800 59 76
149100 4 48
149100 8 34
149100 8 90
149100 8 58
149100 11 24
149100 27 76
149100 27 81
149100 45 58
149400 9 73
149700 7 25
149700 7 16
149700 30 66
149700 61 69
150000 17 18
150300 19 50
150300 19 75
150300 27 60
150300 35 50
150300 35 75
150300 50 75
150600 2 84
150600 3 68
150600 9 62
150600 9 30
150600 24 48
150600 52 75
150600 62 73
150900 35 75
150900 55 86
151200 1 78
151200 7 78
151200 21 76
151200 24 48
151200 77 82
151500 29 53
151800 11 24
152100 9 62
152100 29 73
152100 29 63
152400 24 32
152700 0 45
152700 29 53
152700 37 58
152700 37 47
153000 9 62
153000 16 84
153000 24 48
153300 39 72
153600 9 66
153600 9 62
153600 30 66
153600 50 74
153600 58 72
153900 12 44
153900 17 56
154200 21 27
154200 21 59
154200 34 45
154200 54 71
154500 7 84
154500 24 84
154500 27 84
154500 33 84
154500 51 58
154800 11 24
154800 49 55
155100 2 15
155100 5 11
155100 14 19
155100 17 18
155100 19 79
155100 42 79
155400 28 69
155400 37 82
155700 9 73
155700 9 62
155700 50 74
156000 5 22
156000 5 72
156000 5 37
156000 22 37
156000 22 72
156000 22 26
156000 26 37
156000 29 53
156000 37 72
156000 37 90
156300 5 18
156300 12 77
156300 12 64
156300 24 48
156300 64 77
156600 29 53
156900 29 63
156900 50 86
157200 53 63
157500 12 43
157800 11 23
157800 21 30
157800 23 69
157800 37 58
157800 74 86
158100 29 63
158400 7 12
158400 23 29
158700 5 84
158700 22 77
158700 24 48
159000 9 73
159000 63 70
159300 14 58
159300 22 38
159600 50 86
159900 1 33
159900 11 72
159900 14 37
159900 64 77
160200 9 63
160200 37 77
160500 21 59
160800 23 69
160800 23 30
160800 29 53
160800 30 63
160800 30 53
161100 24 58
161100 32 80
161100 67 76
161400 11 48
161400 12 49
161400 49 67
161400 58 65
161400 60 89
161700 29 53
162000 8 26
162000 50 74
162300 22 64
162300 24 48
162300 77 82
162600 4 86
162600 52 86
162900 23 29
163200 3 72
163200 22 32
163200 52 79
163200 62 73
163200 79 86
163500 7 27
163500 8 17
163500 8 51
163500 8 39
163500 8 14
163500 14 51
163500 14 90
163500 19 51
163500 39 51
163500 51 90
163800 22 80
163800 28 69
163800 53 70
164100 7 25
164100 28 69
164400 3 43
164400 29 53
164700 21 56
164700 36 50
165000 7 27
165300 28 62
165300 29 53
165300 45 85
165300 45 65
165600 9 63
165600 9 28
165900 16 84
165900 28 69
165900 32 38
165900 35 50
165900 37 82
165900 37 77
165900 45 65
166200 2 6
166200 5 51
166200 5 39
166200 6 10
166200 7 16
166200 9 62
166200 14 82
166500 17 68
166500 28 45
166500 44 45
166800 22 85
166800 29 53
166800 32 38
167100 0 45
167100 3 5
167100 9 29
167100 9 30
167100 9 70
167100 9 28
167400 25 87
167700 34 84
167700 35 75
167700 35 50
167700 37 84
167700 50 86
167700 75 86
168000 29 53
168000 53 70
168000 59 76
168300 24 48
168600 24 48
168600 29 53
168600 35 75
168900 14 47
168900 32 38
169200 8 26
169200 9 62
169200 9 28
169200 28 73
169200 28 62
169200 50 52
169200 50 86
169500 30 57
169500 51 90
169500 52 75
169500 56 59
169500 58 65
169500 59 78
169800 14 24
169800 28 84
169800 39 51
170100 69 70
170400 15 33
170400 25 55
170400 56 60
170700 8 26
170700 9 62
170700 21 84
171000 7 25
171000 19 79
171000 21 79
171000 21 61
171000 24 48
171000 24 45
171000 28 69
171000 61 66
171000 79 87
171300 34 86
171600 1 33
171600 1 7
171600 5 72
171600 24 45
171600 37 58
171600 58 65
171900 7 12
171900 33 84
171900 72 85
171900 79 88
172200 3 19
172200 3 14
172200 9 14
172200 19 42
172200 29 63
172500 24 48
172500 52 84
172500 53 63
172800 5 37
172800 5 34
172800 7 27
172800 7 88
172800 27 88
172800 34 37
173100 7 27
173100 7 57
173100 27 77
173100 27 58
173100 58 77
173400 0 14
173400 12 88
173400 31 51
173400 51 71
173700 0 24
174000 20 35
174000 29 61
174000 39 45
174000 42 79
174000 52 84
174000 56 84
174000 84 87
174300 8 26
174300 14 44
174300 52 79
174600 24 48
174600 46 84
174600 79 86
174900 9 30
174900 9 28
174900 9 53
174900 17 18
174900 28 30
174900 28 73
174900 29 53
174900 44 51
174900 50 75
175200 58 59
175200 59 76
175200 59 78
175200 60 81
175200 76 88
175500 3 14
175500 7 88
175500 9 63
175500 9 28
175800 39 58
175800 79 84
175800 79 88
176100 29 53
176400 28 69
176700 1 88
176700 5 51
176700 7 81
176700 7 88
176700 29 53
176700 39 51
176700 49 67
176700 55 86
177000 3 5
177000 29 73
177000 50 86
177300 14 58
177300 53 66
177600 0 14
177600 53 70
177600 60 79
177900 5 11
177900 8 85
177900 9 62
177900 12 29
177900 22 51
177900 29 53
177900 38 45
177900 40 41
177900 50 75
177900 61 90
178200 6 40
178200 12 44
178200 18 68
178200 28 30
178200 64 77
178500 5 18
178500 7 88
178500 16 88
178500 28 73
178500 29 53
178500 39 51
178500 49 86
178500 49 55
178500 55 86
178800 37 84
178800 49 86
178800 50 74
178800 58 84
179100 17 18
179100 22 58
179100 22 32
179100 32 58
179400 6 40
179700 7 16
179700 29 53
179700 45 58
180000 2 15
180000 3 14
180000 7 50
180000 9 62
180000 9 73
180300 4 41
180300 27 57
180300 28 69
180600 9 62
180600 9 73
180600 17 18
180600 50 74
180600 53 69
180600 55 79
180900 28 53
180900 44 51
181200 9 73
181200 14 24
181200 59 76
181500 9 62
181500 9 66
181500 14 48
181500 24 32
181500 50 75
181500 59 76
181800 64 77
182100 1 78
182100 3 5
182100 29 63
182400 24 48
182400 57 76
182700 1 6
182700 1 33
182700 1 40
182700 1 10
182700 1 16
182700 2 10
182700 5 39
182700 6 40
182700 6 10
182700 10 40
182700 10 38
182700 10 16
182700 12 44
182700 12 77
182700 16 33
182700 24 48
182700 33 40
182700 38 45
182700 38 85
182700 45 85
183000 21 56
183000 24 48
183300 8 26
183300 9 28
183300 9 62
183300 22 64
183300 28 73
183600 0 24
183600 32 91
183600 57 60
183900 11 84
183900 14 71
183900 37 58
183900 50 86
184200 5 11
184200 18 37
184200 29 53
184500 7 25
184500 35 84
184500 52 84
184800 0 14
184800 14 37
184800 17 18
184800 37 82
185100 14 71
185100 44 51
185100 50 86
185400 23 30
185400 45 72
185400 45 65
185400 49 74
185400 50 86
185400 52 84
185400 65 72
185700 42 51
185700 46 60
185700 53 70
186000 0 14
186000 7 78
186000 9 62
186000 21 84
186000 21 56
186000 29 53
186000 52 87
186300 5 51
186300 5 35
186300 14 39
186300 17 51
186300 27 65
186300 27 72
186300 27 35
186300 27 75
186300 35 37
186300 35 45
186300 35 75
186300 45 58
186300 45 72
186300 51 68
186300 58 72
186600 22 64
186600 28 73
186900 8 37
186900 37 82
186900 37 58
186900 58 82
187200 9 63
187200 28 70
187200 35 75
187500 28 69
187500 46 60
187500 49 86
187500 49 55
187500 55 86
187800 2 10
187800 6 10
187800 6 12
187800 11 58
187800 16 53
187800 16 70
187800 39 65
187800 44 51
187800 51 58
187800 51 65
187800 53 70
187800 58 65
187800 67 84
187800 79 84
187800 84 86
188100 45 65
188400 1 84
188400 5 18
188400 15 88
188400 15 40
188400 15 84
188400 18 32
188400 22 32
188400 23 69
188400 28 30
188400 29 53
188400 59 88
188400 59 84
188400 62 75
188400 81 84
188400 84 88
188700 12 88
188700 22 85
188700 55 74
189000 1 16
189000 2 15
189000 31 71
189000 33 40
189300 12 56
189300 56 58
189600 7 16
189600 7 84
189600 7 25
189600 16 84
189600 16 25
189600 25 84
189600 50 84
189900 29 53
189900 35 49
189900 37 84
189900 58 84
190200 9 62
190200 14 24
190200 19 58
190200 21 69
190200 25 79
190200 39 51
190200 51 65
190200 58 72
190200 65 72
190200 66 70
190500 44 86
190500 58 65
190800 7 58
190800 24 48
190800 29 53
190800 49 52
191100 0 14
191100 9 62
191100 29 53
191100 37 58
191400 28 69
191700 8 26
191700 9 62
191700 9 73
191700 69 73
192000 9 62
192000 38 58
192000 38 45
192000 45 58
192300 1 12
192300 5 45
192300 9 73
192300 9 62
192600 21 56
192600 22 64
192600 24 48
192600 35 79
192600 77 82
192900 22 85
192900 76 78
193200 21 69
193200 21 61
193200 61 69
193500 5 39
193500 14 58
193500 40 88
193500 49 55
193800 2 71
193800 14 58
193800 14 39
193800 14 24
193800 37 82
193800 39 58
193800 53 70
193800 58 82
194100 29 53
194100 50 74
194100 52 86
194400 1 59
194400 29 53
194400 75 79
194700 1 12
194700 9 73
194700 9 62
194700 51 71
195000 1 76
195000 27 76
195000 35 79
195000 44 51
195000 77 82
195300 37 58
195300 44 52
195600 8 90
195600 8 58
195600 45 58
195600 70 73
195900 8 79
195900 14 24
195900 21 69
195900 29 53
195900 45 58
196200 11 23
196200 23 69
196200 53 63
196500 29 63
196800 7 84
196800 35 86
196800 35 50
196800 37 80
196800 37 50
196800 38 86
196800 50 75
196800 50 80
197100 7 58
197100 21 84
197100 24 45
197100 56 60
197400 9 63
197400 28 70
197400 28 53
197400 37 65
197400 53 70
197400 61 62
197700 18 22
197700 22 85
197700 28 66
197700 80 85
198000 0 24
198000 45 58
198000 50 86
198000 55 74
198300 9 62
198300 12 16
198300 35 75
198300 57 60
198300 57 88
198300 58 90
198600 28 70
198900 0 48
198900 9 73
198900 15 67
198900 52 75
199200 23 49
199200 25 49
199200 28 69
199200 37 77
199200 52 75
199200 53 61
199500 2 60
199500 28 53
199500 39 58
199500 58 65
199800 22 77
199800 22 64
200100 7 12
200100 29 53
200400 17 68
200400 22 85
200400 26 37
200400 28 70
200400 37 72
200400 55 86
200700 28 84
200700 39 51
201000 0 14
201000 9 62
201000 12 32
201000 17 51
201000 21 56
201000 24 45
201000 28 62
201000 56 60
201300 21 46
201300 24 48
201300 26 31
201300 75 79
201600 15 33
201600 60 81
201600 76 88
201900 4 55
202200 3 51
202200 3 23
202200 23 49
202200 28 69
202200 42 51
202200 52 75
202200 80 90
202500 0 24
202500 4 84
202500 35 52
202500 55 79
202800 35 75
202800 39 58
202800 65 84
202800 79 88
203100 15 33
203100 22 85
203100 22 32
203100 28 66
203100 53 63
203100 58 72
203400 9 28
203400 9 63
203400 9 69
203400 28 69
203400 28 70
203700 3 22
203700 11 24
203700 42 79
203700 52 79
203700 55 79
204000 11 84
204000 12 84
204000 16 33
204000 29 53
204000 42 43
204000 49 84
204000 49 58
204000 49 64
204000 58 84
204000 64 77
204000 79 88
204300 7 58
204300 24 35
204300 29 53
204300 49 52
204300 55 79
204600 9 62
204600 9 17
204600 24 48
204600 76 88
204900 29 53
205200 7 76
205200 9 63
205500 11 44
205500 44 53
205500 53 70
205800 3 5
205800 9 29
205800 11 48
205800 11 24
205800 24 48
205800 57 88
205800 74 86
206100 28 69
206400 9 62
206400 11 44
206700 11 48
206700 49 84
206700 50 74
206700 75 88
206700 79 88
207000 1 27
207000 1 7
207000 6 27
207000 6 7
207000 27 33
207000 29 63
207000 37 58
207000 44 65
207300 23 30
207300 29 53
207300 52 86
207300 57 60
207300 74 86
207600 5 72
207600 9 62
207600 49 86
207900 24 48
207900 31 32
208200 9 62
208200 29 53
208500 9 62
208500 27 88
208500 28 69
208500 29 53
208800 12 59
208800 50 86
208800 75 84
209100 7 46
209100 17 34
209100 17 18
209100 17 46
209100 32 85
209100 32 38
209100 35 75
209100 64 77
209400 2 10
209400 2 6
209400 6 10
209700 9 73
209700 24 28
209700 29 53
210000 28 70
210300 8 85
210300 8 37
210300 9 62
210300 21 61
210300 59 76
210600 50 86
210900 8 26
210900 42 59
210900 53 63
211200 29 53
211200 29 63
211200 45 65
211200 45 85
211200 58 65
211500 9 62
211500 9 53
211500 12 58
211500 12 44
211500 12 77
211500 39 65
211500 39 58
211500 44 65
211500 53 70
211500 58 65
211800 29 53
212100 28 69
212100 29 70
212100 44 51
212400 24 45
212400 25 47
212400 27 57
212400 53 70
212700 23 30
212700 29 53
212700 29 30
212700 35 52
212700 37 84
212700 43 45
212700 44 51
213000 9 69
213000 9 66
213000 9 62
213000 12 57
213000 27 75
213000 50 74
213000 62 69
213000 80 85
213300 29 53
213300 37 58
213300 50 86
213300 51 65
213600 18 37
213600 23 30
213600 38 91
213900 7 25
213900 9 66
213900 22 64
214200 12 64
214200 12 45
214200 12 58
214200 17 18
214200 18 68
214200 34 58
214200 64 77
214500 25 36
214500 53 63
214800 12 42
215100 1 88
215100 1 59
215100 22 32
215400 17 84
215400 24 28
215400 29 53
215700 3 85
215700 22 85
216000 24 48
216000 42 43
216000 44 45
216000 48 49
216000 53 70
216000 79 88
216300 11 16
216300 35 51
216300 35 84
216300 40 57
216300 44 51
216300 44 45
216300 45 51
216300 53 70
216300 56 88
216300 57 88
216600 24 48
216600 29 30
216600 30 63
216600 47 58
216900 29 70
216900 29 69
216900 29 53
216900 53 63
216900 59 78
216900 85 91
217200 26 32
217500 9 73
217500 9 19
217500 33 88
217500 50 75
217800 9 73
217800 16 88
217800 21 69
217800 22 64
217800 53 70
218100 7 46
218100 17 18
218100 17 68
218100 45 58
218400 21 69
218400 21 61
218400 24 45
218400 30 66
218400 69 73
218700 8 26
218700 29 53
218700 50 74
218700 53 69
219000 7 58
219000 9 73
219000 24 35
219000 29 53
219000 35 48
219000 42 55
219000 49 52
219300 28 84
219300 39 51
219600 4 74
219600 24 48
219600 35 75
219900 5 37
219900 5 18
219900 14 77
219900 18 37
219900 64 77
220200 23 29
220200 55 74
220500 35 75
220500 44 51
220800 32 38
221100 15 33
221100 49 50
221400 22 32
221400 53 70
221700 22 64
221700 35 79
221700 77 82
222000 14 22
222300 29 53
222300 59 76
222600 5 75
222900 24 48
223200 79 86
223500 7 88
223500 17 51
223500 29 53
223500 29 63
223500 39 51
223800 22 64
223800 24 48
224100 0 14
224100 0 3
224100 3 14
224100 7 78
224400 0 48
224400 9 77
224400 9 62
224400 28 73
224400 44 51
224700 30 66
224700 32 91
224700 34 72
224700 53 63
225000 49 55
225000 50 86
225300 9 62
225300 9 19
225300 12 58
225300 14 37
225300 19 44
225300 21 61
225300 22 64
225300 29 53
225300 44 45
225300 44 58
225300 44 60
225300 53 63
225600 62 73
225900 7 78
225900 7 59
225900 20 52
225900 20 35
225900 25 35
225900 28 40
225900 28 73
225900 35 52
225900 35 84
225900 35 87
225900 40 84
225900 42 79
225900 52 84
225900 56 87
225900 56 84
226200 14 18
226200 25 58
226200 29 53
226200 35 75
226200 50 75
226200 53 63
226200 56 60
226500 17 68
226500 42 50
226800 21 76
226800 21 69
226800 22 85
227100 28 29
227100 29 53
227100 35 52
227400 9 73
227400 28 84
227400 28 76
227400 76 84
227700 29 53
227700 69 70
228000 0 24
228000 5 34
228000 23 29
228000 29 30
228300 5 72
228300 5 37
228300 5 22
228300 18 72
228300 22 37
228300 22 72
228300 22 26
228300 26 72
228300 26 37
228300 26 71
228300 28 73
228300 37 72
228600 21 69
228600 29 63
228900 9 73
228900 11 23
228900 17 18
228900 22 85
229200 0 24
229200 19 42
229200 19 50
229200 20 35
229200 22 32
229200 55 79
229200 84 87
229500 0 14
229500 18 45
229500 35 52
229800 35 52
229800 44 77
229800 56 84
230100 5 18
230100 29 90
230100 44 51
230100 45 64
230100 81 88
230400 27 60
230400 29 63
230400 37 58
230400 50 75
230700 17 18
230700 42 43
230700 45 58
231000 9 23
231000 9 62
231300 15 33
231600 22 50
231900 6 40
231900 24 45
231900 49 86
231900 57 60
232200 12 88
232200 17 18
232200 55 74
232500 9 66
232500 14 24
232500 24 58
232500 28 84
232800 9 29
232800 14 48
232800 53 66
233100 2 10
233100 2 40
233100 6 10
233100 21 88
233100 44 51
233100 57 88
233400 19 73
233400 29 63
233400 56 84
233700 0 14
233700 7 16
233700 8 60
233700 15 67
234000 9 28
234000 15 60
234000 16 76
234000 28 62
234000 35 50
234000 38 90
234000 39 65
234000 50 75
234000 85 90
234300 56 84
234600 17 68
234600 36 50
234900 16 61
234900 23 53
234900 28 69
234900 30 53
235200 55 79
235500 22 64
235500 24 48
235500 44 51
235500 52 87
235500 77 82
235800 14 37
235800 37 58
235800 44 51
236100 0 24
236100 17 18
236100 79 87
236100 84 87
236400 9 28
236400 9 69
236400 9 63
236400 17 68
236400 28 73
236400 28 70
236400 28 30
236400 28 69
236400 30 62
236400 35 75
236400 53 62
236400 53 70
236400 61 62
236700 3 11
236700 28 76
236700 57 76
237000 8 26
237000 42 43
237000 53 63
237300 12 60
237300 19 75
237300 35 75
237300 35 50
237300 50 75
237300 50 52
237300 52 75
237600 11 24
237600 11 51
237600 17 68
237600 22 64
237600 27 51
237600 27 68
237900 11 57
237900 22 64
237900 29 30
237900 30 63
237900 47 58
237900 56 57
238200 8 26
238200 22 71
238200 38 85
238200 38 90
238200 39 65
238200 58 85
238200 72 90
238500 52 79
238800 11 23
238800 23 69
238800 45 58
239100 5 47
239100 9 28
239100 9 63
239100 9 69
239100 9 73
239100 9 62
239100 24 48
239100 28 73
239400 14 24
239700 29 53
239700 46 89
239700 69 70
240000 53 69
240000 61 69
240300 7 58
240300 12 15
240300 15 33
240600 5 34
240600 5 37
240600 7 27
240600 23 30
240600 30 34
240900 35 75
240900 62 73
241200 0 24
241200 4 86
241200 9 63
241200 9 69
241200 24 48
241200 61 62
241500 26 32
241500 57 60
241800 9 51
241800 9 39
241800 39 51
242100 32 80
242100 50 74
242400 22 38
242700 42 86
242700 55 86
243000 1 65
243000 8 39
243000 8 85
243000 9 62
243000 14 45
243000 29 63
243000 38 45
243000 41 86
243000 50 75
243000 53 70
243000 75 79
243300 7 12
243300 38 69
243600 59 76
243900 7 16
243900 7 25
243900 16 25
243900 17 18
243900 30 66
244200 16 46
244200 35 84
244200 44 51
244200 57 88
244500 8 26
244500 23 30
244500 23 53
244500 29 53
244500 30 53
244500 39 58
244800 24 28
244800 29 53
245100 9 46
245100 55 84
245400 39 58
245400 44 58
245400 49 58
245400 49 79
245400 49 88
245400 79 88
245400 79 84
245700 11 44
245700 19 28
245700 25 86
245700 35 75
245700 35 52
245700 45 65
245700 52 75
246000 37 58
246000 53 66
246000 53 61
246000 53 70
246000 62 73
246300 55 79
246600 3 44
246600 5 72
246600 7 58
246600 9 23
246900 12 44
247200 24 45
247200 55 79
247200 69 73
247500 14 50
247500 22 64
247500 30 66
247500 44 86
247800 8 26
247800 53 63
248100 7 84
248100 8 26
248100 21 84
248100 31 71
248400 28 30
248700 8 26
248700 28 70
249000 14 37
249000 35 87
249000 35 52
249000 44 51
249300 9 60
249300 15 33
249300 35 75
249600 15 60
249600 21 60
249600 85 90
249900 9 28
249900 12 84
249900 55 87
250200 29 53
250500 7 25
250500 9 72
250500 22 64
250500 35 52
250800 9 53
250800 29 53
250800 37 58
250800 50 86
250800 53 73
251100 0 24
251100 0 48
251100 9 62
251100 15 67
251100 23 30
251400 8 26
251400 22 91
251400 24 48
251400 29 91
251400 39 58
251400 42 43
251700 11 69
251700 11 23
251700 23 69
251700 53 63
252000 52 79
252300 0 48
252300 8 90
252300 29 53
252600 22 38
252600 25 28
252600 25 53
252600 28 53
252600 53 69
252900 22 64
252900 35 79
252900 77 82
253200 14 24
253200 14 58
253200 24 58
253500 23 30
253500 42 76
253500 49 55
253800 17 18
253800 45 65
253800 49 52
253800 52 86
254100 8 83
254100 29 53
254100 44 51
254400 29 63
254700 27 60
254700 29 63
255000 6 40
255000 9 62
255000 35 49
255000 55 74
255300 6 40
255300 7 16
255600 22 64
255600 42 52
255900 7 76
255900 12 16
255900 14 37
255900 27 81
255900 35 75
256200 4 86
256200 23 29
256200 29 53
256500 31 71
256500 44 51
256500 53 63
256800 45 58
256800 45 72
256800 63 70
257100 8 26
257100 49 74
257400 7 16
257400 7 25
257400 16 25
257700 8 26
257700 44 51
258000 24 48
258000 46 84
258000 74 79
258300 7 58
258300 21 69
258300 36 50
258600 14 58
258600 21 61
258900 5 18
259200 36 50
259500 35 75
259500 76 84
259800 2 88
259800 7 88
259800 40 88
259800 40 84
259800 84 88
260100 17 18
260100 22 32
260100 79 87
260100 84 87
260400 28 84
260400 35 75
260400 39 51
260400 55 75
260700 1 84
260700 5 18
260700 6 84
260700 7 84
260700 20 84
260700 28 30
260700 29 53
260700 32 38
260700 33 84
260700 67 84
260700 81 84
260700 84 88
261000 1 59
261000 1 88
261000 1 84
261000 11 24
261000 12 88
261000 15 88
261000 23 69
261000 24 55
261300 7 84
261300 44 65
261300 58 65
261600 2 28
261600 2 39
261600 11 34
261600 28 38
261600 61 86
261600 77 86
261900 29 53
261900 50 86
262200 1 16
262200 35 84
262200 35 52
262500 9 28
262500 9 63
262800 2 39
262800 5 48
262800 12 48
262800 12 14
262800 12 20
262800 14 20
262800 14 58
262800 14 78
262800 20 58
262800 20 78
262800 24 87
262800 29 39
262800 31 58
262800 58 78
263100 3 85
263100 50 86
263400 3 5
263400 29 63
263700 22 85
263700 61 69
264000 19 73
264000 52 75
264300 44 51
264300 58 65
264600 5 24
264600 5 65
264600 9 66
264600 9 13
264600 24 32
264600 57 60
264900 5 37
264900 5 13
264900 5 74
264900 9 62
264900 74 81
265200 28 69
265200 29 53
265200 37 82
265200 44 51
265500 29 53
265500 30 62
265500 49 52
265800 28 69
265800 46 89
266100 0 24
266100 20 84
266100 35 52
266100 35 84
266100 55 79
266100 56 87
266100 56 84
266400 44 51
266400 55 79
266700 24 58
266700 28 84
266700 28 62
267000 52 86
267000 63 70
267300 45 83
267300 55 79
267300 58 72
267300 58 85
267300 80 85
267600 67 84
267900 28 69
267900 29 53
267900 44 51
268200 7 88
268200 9 62
268200 52 75
268500 4 50
268500 4 52
268500 14 24
268500 21 69
268500 29 53
268800 17 68
268800 17 34
268800 34 68
268800 35 75
268800 36 75
268800 75 86
269100 0 51
269100 17 18
269100 26 65
269100 29 53
269100 45 72
269400 1 78
269400 29 70
269400 45 65
269700 9 62
269700 15 33
269700 44 52
269700 62 73
270000 5 85
270000 5 72
270000 55 86
270000 72 80
270000 80 85
270300 14 58
270300 14 37
270300 22 91
270300 23 30
270300 38 80
270300 85 91
270600 22 64
270900 28 66
271200 3 5
271200 29 63
271500 15 33
271500 23 61
271800 9 73
271800 28 53
271800 50 74
272100 5 14
272100 9 62
272100 37 58
272100 44 45
272400 7 78
272400 20 35
272400 29 73
272400 35 52
272400 56 87
272400 56 84
272400 63 70
272400 84 87
272700 40 56
273000 9 73
273000 29 63
273300 53 70
273600 18 47
273600 18 37
273600 58 65
273900 15 33
273900 23 30
273900 53 63
274200 3 58
274500 29 53
274500 35 75
274500 42 50
274800 24 28
274800 29 53
274800 55 74
274800 76 81
275100 1 15
275100 29 63
275100 55 79
275100 56 87
275100 75 79
275400 37 58
275400 44 51
275700 9 62
275700 35 75
276000 9 62
276000 16 88
276000 23 53
276000 28 73
276000 29 73
276000 35 52
276000 53 73
276300 4 36
276300 14 24
276300 27 56
276300 27 60
276300 28 53
276300 29 70
276300 29 53
276300 45 65
276300 65 72
276600 9 62
276900 1 16
276900 2 6
276900 2 10
276900 6 40
276900 6 27
276900 6 10
276900 10 16
276900 10 40
276900 12 77
276900 12 44
276900 16 33
276900 17 18
276900 24 48
276900 27 40
276900 27 46
276900 27 65
276900 27 57
276900 39 65
276900 46 56
276900 46 57
277200 9 30
277200 29 53
277200 30 62
277200 37 77
277200 49 52
277200 52 84
277500 21 84
277500 22 85
277800 9 62
277800 22 85
277800 29 53
277800 29 30
277800 50 86
278100 55 79
278100 75 79
278400 35 75
278400 35 52
278400 52 75
