0 4 74
0 24 48
0 35 75
300 53 63
600 11 26
600 35 75
900 28 69
900 46 60
900 49 86
900 49 55
900 55 86
1200 16 46
1200 35 84
1200 44 51
1200 57 88
1500 35 52
1800 25 84
1800 64 77
1800 75 79
2100 9 60
2100 15 33
2100 35 75
2400 5 14
2400 29 70
2400 44 51
2700 0 48
2700 9 62
2700 15 67
2700 16 59
2700 24 48
2700 28 30
2700 28 69
2700 44 51
2700 52 75
2700 62 73
3000 1 78
3000 9 19
3000 19 42
3000 19 50
3000 33 88
3000 58 72
3000 62 73
3300 7 58
3600 15 33
3900 9 62
3900 12 16
3900 35 75
3900 57 60
3900 57 88
3900 58 90
4200 9 28
4200 9 63
4200 28 69
4200 37 77
4500 29 53
4500 51 65
4800 25 86
4800 30 53
4800 53 77
5100 9 53
5100 29 53
5100 37 58
5100 50 86
5100 53 73
5400 22 38
5700 24 32
6000 52 79
6300 3 68
6300 29 63
6600 9 28
6600 12 84
6600 55 87
6900 0 45
6900 3 5
6900 9 29
6900 9 30
6900 9 70
6900 9 28
7200 12 88
7200 22 85
7200 55 74
7500 0 24
7500 5 34
7500 23 29
7500 29 30
7800 9 73
7800 14 24
7800 59 76
8100 9 62
8100 15 33
8100 44 52
8100 62 73
8400 21 84
8400 24 48
8400 35 75
8400 55 79
8700 9 73
8700 9 62
9000 2 15
9000 7 16
9000 7 12
9000 12 16
9300 7 88
9300 9 62
9300 29 53
9600 5 18
9600 12 77
9600 12 44
9600 12 64
9600 24 48
9600 39 65
9600 44 65
9900 52 79
10200 6 40
10200 7 16
10500 11 44
10500 24 48
10800 38 58
10800 59 78
10800 76 78
11100 17 68
11100 17 34
11100 34 68
11100 35 75
11100 36 75
11100 75 86
11400 3 11
11400 28 76
11400 57 76
11700 9 23
11700 9 62
12000 22 64
12300 35 75
12300 35 52
12600 9 73
12900 40 88
12900 55 74
13200 7 58
13200 29 53
13200 35 48
13200 55 79
13500 8 37
13500 37 82
13500 37 58
13500 58 82
13800 25 87
14100 29 53
14400 29 53
14700 9 46
14700 55 84
15000 44 51
15000 88 89
15300 50 86
15600 7 27
15600 27 57
15600 57 60
15900 17 80
15900 21 84
15900 24 48
15900 35 75
15900 46 84
16200 0 48
16200 4 86
16200 9 63
16200 21 84
16200 52 87
16500 17 68
16500 45 58
16500 63 70
16500 64 77
16800 2 15
16800 5 11
16800 14 19
16800 17 18
16800 19 79
16800 42 79
17100 9 63
17400 7 58
17400 9 73
17400 24 35
17400 29 53
17400 35 48
17400 42 55
17400 49 52
17700 9 62
17700 53 63
18000 24 48
18000 42 43
18000 44 45
18000 48 49
18000 53 70
18000 79 88
18300 11 44
18300 63 70
18600 0 24
18600 4 84
18600 35 52
18600 55 79
18900 17 18
18900 32 38
19200 28 69
19200 46 89
19500 5 34
19500 5 37
19500 7 27
19500 23 30
19500 30 34
19800 14 58
19800 21 61
20100 1 78
20100 3 5
20100 29 63
20400 2 88
20400 7 58
20700 19 50
20700 19 75
20700 27 60
20700 35 50
20700 35 75
20700 50 75
21000 11 24
21000 19 59
21000 19 76
21000 37 72
21000 59 76
21000 70 73
21300 4 87
21300 9 62
21300 22 85
21300 29 53
21300 36 50
21300 84 89
21600 2 15
21600 3 14
21600 7 50
21600 9 62
21600 9 73
21900 9 62
21900 9 17
21900 24 48
21900 76 88
22200 9 62
22200 29 53
22500 17 18
22500 29 63
22800 52 86
22800 63 70
23100 37 84
23100 49 86
23100 50 74
23100 58 84
23400 15 33
23700 11 44
23700 44 53
23700 53 70
24000 44 51
24000 57 62
24300 55 79
24300 75 79
24600 7 84
24600 24 84
24600 27 84
24600 33 84
24600 51 58
24900 8 26
24900 26 32
24900 38 90
24900 38 85
24900 58 90
24900 58 85
24900 85 90
25200 18 37
25200 29 53
25200 35 55
25200 39 72
25200 80 85
25500 44 86
25500 58 65
25800 28 69
25800 65 91
26100 35 75
26100 44 51
26400 24 48
26400 26 71
26400 29 53
26400 35 75
26700 29 53
26700 37 58
27000 3 72
27000 22 38
27000 22 32
27300 35 75
27300 76 84
27600 0 51
27600 17 18
27600 26 65
27600 29 53
27600 45 72
27900 11 44
28200 17 18
28200 45 65
28500 14 18
28500 25 58
28500 29 53
28500 35 75
28500 50 75
28500 53 63
28500 56 60
28800 29 53
28800 29 63
28800 45 65
28800 45 85
28800 58 65
29100 58 59
29100 59 76
29100 59 78
29100 60 81
29100 76 88
29400 19 86
29700 24 45
29700 29 53
29700 44 51
30000 14 85
30000 23 69
30000 23 31
30000 27 75
30000 31 69
30300 11 44
30600 7 76
30900 7 21
30900 7 78
30900 17 68
30900 21 78
30900 29 53
30900 36 50
31200 15 33
31200 22 85
31200 28 66
31200 44 51
31200 53 63
31500 29 53
31500 50 86
31800 17 18
32100 7 27
32400 21 84
32700 11 48
32700 22 32
32700 58 65
33000 63 70
33300 14 24
33300 21 69
33300 29 53
33300 85 91
33600 22 64
33600 27 57
33600 44 51
33600 77 82
33900 3 85
33900 22 85
34200 7 84
34200 16 84
34200 25 84
34200 64 77
34500 11 44
34500 19 28
34500 25 86
34500 35 75
34500 35 52
34500 45 65
34500 52 75
34800 24 48
34800 29 53
34800 35 75
35100 24 48
35100 31 91
35100 66 69
35400 23 53
35400 28 69
35400 35 52
35400 46 50
35400 50 86
35400 53 70
35700 4 79
35700 37 58
35700 75 79
36000 0 45
36000 7 78
36000 7 21
36000 14 24
36300 8 26
36300 53 63
36600 15 27
36600 23 30
36600 29 71
36600 37 58
36900 9 62
36900 29 53
36900 57 88
37200 28 70
37500 22 64
37500 24 48
37500 44 51
37500 77 82
37800 2 33
37800 24 87
37800 58 62
38100 3 80
38400 4 79
38400 16 84
38700 24 45
38700 29 53
38700 37 58
38700 44 51
39000 8 26
39000 44 51
39300 0 65
39300 0 14
39300 22 64
39300 24 48
39300 44 51
39600 4 52
39600 9 73
39600 9 69
39600 9 62
39600 29 53
39600 52 55
39600 55 79
39600 67 76
39900 9 51
39900 9 39
39900 39 51
40200 3 37
40200 9 30
40200 32 88
40500 29 63
40500 50 84
40500 58 65
40500 59 76
40500 76 81
40800 5 18
40800 11 24
40800 79 84
41100 24 48
41100 29 30
41100 30 63
41100 47 58
41400 37 58
41700 14 24
41700 18 47
42000 14 24
42300 24 48
42300 26 31
42300 35 75
42300 37 91
42600 17 18
42600 29 61
42600 44 51
42900 9 62
42900 11 44
43200 7 25
43200 7 16
43200 30 66
43200 61 69
43500 5 72
43500 9 62
43500 49 86
43800 17 18
43800 45 65
43800 49 52
43800 52 86
44100 8 26
44100 50 74
44400 17 18
44400 22 32
44400 79 87
44400 84 87
44700 0 14
44700 9 62
44700 12 32
44700 17 51
44700 21 56
44700 24 45
44700 28 62
44700 56 60
45000 7 25
45000 9 72
45000 22 64
45000 35 52
45300 7 59
45300 8 90
45300 24 48
45300 79 86
45600 64 77
45900 2 15
45900 17 18
45900 35 75
45900 79 87
46200 4 49
46200 29 53
46200 57 88
46500 14 65
46500 14 45
46500 22 64
46500 29 53
46500 39 58
46500 39 85
46500 46 89
46500 58 85
46500 58 65
46800 15 60
46800 21 60
46800 85 90
47100 55 79
47400 53 66
47700 29 53
48000 2 28
48000 5 22
48000 22 85
48300 11 86
48300 12 86
48300 76 78
48600 3 19
48600 3 14
48600 9 14
48600 19 42
48600 29 63
48900 12 64
48900 12 45
48900 12 58
48900 17 18
48900 18 68
48900 34 58
48900 64 77
49200 28 70
49500 55 79
49800 7 27
49800 7 57
49800 27 77
49800 27 58
49800 58 77
50100 12 44
50100 12 58
50100 12 77
50100 24 48
50100 58 65
50400 14 32
50700 29 53
51000 9 62
51000 9 19
51000 22 64
51000 24 48
51000 38 44
51300 23 30
51300 49 74
51300 49 55
51300 55 74
51300 69 73
51600 35 75
51600 45 58
51900 35 55
51900 50 74
52200 9 62
52200 18 34
52200 21 66
52200 29 69
52200 45 83
52200 50 74
52200 55 79
52200 57 60
52500 2 15
52500 9 73
52500 20 40
52500 40 75
52500 44 70
52800 7 76
52800 9 63
53100 14 48
53100 14 24
53100 24 48
53100 53 63
53400 9 23
53400 9 73
53400 14 24
53700 7 78
53700 28 69
53700 28 66
53700 42 51
53700 46 60
54000 35 52
54000 44 77
54000 56 84
54300 14 50
54300 22 64
54300 30 66
54300 44 86
54600 8 26
54600 29 53
54600 50 74
54600 53 69
54900 29 70
54900 44 72
54900 53 70
55200 3 22
55200 11 24
55200 42 79
55200 52 79
55200 55 79
55500 9 69
55500 9 66
55500 9 62
55500 12 57
55500 27 75
55500 50 74
55500 62 69
55500 80 85
55800 29 53
55800 69 70
56100 11 23
56100 23 69
56100 45 58
56400 32 80
56400 50 74
56700 8 26
56700 9 28
56700 9 62
56700 22 64
56700 28 73
57000 8 26
57000 9 62
57000 21 84
57300 9 73
57300 24 28
57300 29 53
57600 7 16
57600 7 84
57600 7 25
57600 16 84
57600 16 25
57600 25 84
57600 50 84
57900 28 53
57900 44 51
58200 29 53
58200 35 49
58200 37 84
58200 58 84
58500 17 68
58500 22 85
58500 26 37
58500 28 70
58500 37 72
58500 55 86
58800 12 43
59100 21 69
59100 29 53
59100 75 79
59400 1 33
59400 1 2
59400 1 6
59400 2 6
59400 6 84
59400 6 33
59400 10 84
59400 12 44
59400 33 44
59400 39 51
59400 51 58
59400 51 65
59400 56 84
59400 58 65
59400 67 84
59700 5 37
59700 5 13
59700 5 74
59700 9 62
59700 74 81
60000 5 72
60000 29 69
60000 29 53
60000 50 74
60000 53 69
60000 55 79
60300 23 30
60300 29 53
60300 52 86
60300 57 60
60300 74 86
60600 9 62
60900 3 14
60900 21 84
60900 28 73
60900 29 70
60900 45 65
61200 28 84
61200 39 51
61500 45 72
61800 22 85
61800 76 78
62100 1 40
62100 1 6
62100 6 60
62100 27 84
62100 44 65
62100 58 65
62400 22 32
62400 53 70
62700 6 58
62700 6 7
62700 7 58
62700 8 14
62700 9 62
62700 14 37
62700 35 75
63000 3 14
63000 3 44
63000 9 73
63000 9 19
63000 9 62
63000 11 44
63000 19 73
63000 29 63
63000 62 73
63000 62 66
63300 0 48
63300 9 77
63300 9 62
63300 28 73
63300 44 51
63600 0 48
63600 8 90
63600 9 80
63600 9 30
63600 15 67
63600 24 48
63600 30 53
63600 53 73
63600 53 62
63900 4 50
63900 15 67
63900 28 69
63900 30 66
63900 44 51
63900 52 75
63900 55 86
64200 24 31
64200 31 48
64200 81 88
64500 0 48
64500 0 14
64500 9 62
64500 18 68
64500 28 29
64800 11 24
64800 23 30
64800 50 86
64800 84 88
65100 19 62
65100 21 56
65100 22 64
65100 77 82
65400 7 25
65400 19 79
65400 21 79
65400 21 61
65400 24 48
65400 24 45
65400 28 69
65400 61 66
65400 79 87
65700 8 82
65700 9 19
65700 9 62
65700 22 39
65700 22 64
65700 37 58
65700 38 44
66000 5 24
66000 7 16
66000 8 26
66000 14 90
66000 18 37
66300 26 32
66600 50 84
66900 3 43
66900 29 53
67200 22 85
67200 61 69
67500 5 39
67500 14 58
67500 40 88
67500 49 55
67800 1 12
67800 9 73
67800 9 62
67800 51 71
68100 9 73
68400 29 53
68400 35 75
68400 42 50
68700 29 53
68700 52 87
69000 35 75
69000 45 65
69000 56 86
69000 56 84
69000 84 86
69300 9 69
69300 9 63
69300 24 48
69300 28 70
69300 53 70
69300 61 62
69600 34 86
69900 4 55
70200 0 14
70500 15 33
70500 23 30
70500 53 63
70800 0 14
70800 18 45
70800 35 52
71100 7 58
71100 24 48
71100 29 53
71100 49 52
71400 5 18
71400 7 88
71400 16 88
71400 28 73
71400 29 53
71400 39 51
71400 49 86
71400 49 55
71400 55 86
71700 53 70
72000 5 44
72000 11 44
72000 28 69
72000 29 70
72000 44 51
72300 21 84
72300 30 66
72300 55 86
72600 69 70
72900 44 51
72900 55 79
73200 12 59
73200 50 86
73200 75 84
73500 14 48
73500 23 30
73500 24 48
73500 39 58
73500 45 58
73500 45 72
73500 58 72
73800 12 42
74100 7 16
74100 9 29
74100 22 32
74100 52 55
74100 55 74
74400 9 62
74400 22 32
74400 76 78
74700 58 65
75000 22 64
75000 28 57
75000 37 58
75300 8 50
75300 9 62
75300 38 58
75300 38 45
75300 50 75
75600 17 18
75600 35 75
75600 39 90
75900 9 62
75900 9 66
75900 14 48
75900 24 32
75900 50 75
75900 59 76
76200 11 44
76200 11 30
76200 24 48
76500 16 84
76500 28 73
76500 44 51
76800 29 63
77100 35 75
77100 39 58
77100 65 84
77100 79 88
77400 28 84
77400 35 75
77400 39 51
77400 55 75
77700 0 48
77700 9 69
77700 9 43
77700 9 73
77700 15 67
77700 23 69
77700 30 66
77700 44 51
77700 52 75
77700 62 73
77700 69 73
78000 2 28
78000 5 22
78000 23 61
78300 12 58
78300 39 58
78300 79 88
78600 16 84
78600 28 69
78600 32 38
78600 35 50
78600 37 82
78600 37 77
78600 45 65
78900 29 53
79200 9 62
79200 9 19
79200 12 58
79200 14 37
79200 19 44
79200 21 61
79200 22 64
79200 29 53
79200 44 45
79200 44 58
79200 44 60
79200 53 63
79500 7 27
79500 8 17
79500 8 51
79500 8 39
79500 8 14
79500 14 51
79500 14 90
79500 19 51
79500 39 51
79500 51 90
79800 3 5
79800 29 73
79800 50 86
80100 12 44
80100 12 72
80100 12 58
80100 17 34
80100 35 50
80100 43 58
80100 44 58
80100 44 56
80100 50 75
80100 53 70
80100 56 58
80100 56 65
80400 14 22
80700 9 30
80700 12 76
80700 21 56
80700 22 64
80700 38 45
80700 56 76
81000 5 80
81000 5 18
81000 18 80
81300 1 6
81300 1 33
81300 1 40
81300 1 10
81300 1 16
81300 2 10
81300 5 39
81300 6 40
81300 6 10
81300 10 40
81300 10 38
81300 10 16
81300 12 44
81300 12 77
81300 16 33
81300 24 48
81300 33 40
81300 38 45
81300 38 85
81300 45 85
81600 17 68
81900 29 63
82200 9 62
82200 29 53
82200 50 74
82200 58 72
82500 21 84
82500 22 85
82800 17 18
82800 29 53
82800 36 79
83100 2 28
83100 2 39
83100 11 34
83100 28 38
83100 61 86
83100 77 86
83400 29 53
83400 39 51
83400 53 63
83400 53 69
83400 66 69
83700 2 88
83700 7 88
83700 40 88
83700 40 84
83700 84 88
84000 67 84
84300 4 86
84300 23 29
84300 29 53
84600 24 48
84600 57 76
84900 5 14
84900 37 58
85200 6 88
85200 18 37
85200 22 85
85200 23 69
85200 28 62
85500 2 15
85500 2 3
85500 2 48
85500 15 48
85500 24 48
85500 24 49
85500 35 75
85500 48 49
85800 1 78
85800 29 70
85800 45 65
86100 9 62
86100 15 33
86100 35 75
86100 52 55
86100 60 81
86400 12 44
86400 58 65
86700 14 24
86700 28 84
86700 39 51
87000 7 50
87300 29 53
87300 37 58
87300 62 69
87600 21 27
87600 21 59
87600 34 45
87600 54 71
87900 5 22
87900 5 72
87900 5 37
87900 22 37
87900 22 72
87900 22 26
87900 26 37
87900 29 53
87900 37 72
87900 37 90
88200 15 33
88500 7 88
88500 9 62
88500 52 75
88800 0 14
88800 12 88
88800 31 51
88800 51 71
89100 0 14
89100 7 16
89100 8 60
89100 8 90
89100 9 62
89100 53 66
89400 2 10
89400 2 40
89400 6 10
89400 21 88
89400 44 51
89400 57 88
89700 9 62
89700 38 58
89700 38 45
89700 59 78
89700 76 78
90000 20 40
90000 29 53
90300 17 18
90600 24 48
90900 34 84
90900 35 75
90900 55 74
90900 67 84
91200 5 14
91500 9 62
91500 18 90
91500 23 30
91500 50 60
91500 50 57
91500 57 88
91800 21 76
92100 7 58
92100 15 33
92100 44 52
92400 49 74
92700 17 18
92700 22 32
92700 79 87
93000 24 45
93000 25 47
93000 27 57
93000 53 70
93300 0 14
93300 7 16
93300 8 90
93300 8 60
93300 9 69
93300 17 68
93300 17 18
93600 24 48
93900 3 44
93900 22 64
93900 44 51
93900 45 58
94200 40 56
94500 8 26
94500 22 71
94500 38 85
94500 38 90
94500 39 65
94500 58 85
94500 72 90
94800 11 23
95100 7 25
95100 16 25
95100 30 66
95100 50 86
95400 7 12
95400 23 29
95700 5 18
96000 22 64
96000 24 48
96300 23 29
96600 39 58
96600 79 84
96600 79 88
96900 9 62
96900 29 73
96900 29 63
97200 1 88
97200 1 59
97200 22 32
97500 11 44
97500 24 63
97500 37 82
97500 86 91
97800 16 78
97800 28 73
97800 53 63
97800 70 73
97800 75 79
98100 14 72
98100 28 53
98400 0 48
98400 8 90
98400 8 16
98400 29 53
98400 29 30
98400 62 73
98700 14 72
98700 30 73
98700 30 69
98700 53 69
99000 7 12
99000 22 91
99000 24 32
99000 33 84
99000 79 88
99000 85 91
99300 1 15
99300 29 63
99300 55 79
99300 56 87
99300 75 79
99600 1 2
99600 2 10
99600 5 39
99600 6 10
99600 21 56
99600 45 58
99900 28 29
99900 49 86
100200 27 73
100200 29 53
100200 37 84
100200 49 86
100200 49 50
100500 5 72
100500 49 55
100500 49 86
100500 55 86
100800 7 84
100800 8 26
100800 21 84
100800 31 71
101100 22 32
101400 28 70
101400 38 39
101700 11 24
101700 49 55
102000 8 26
102000 28 70
102300 9 28
102300 9 69
102300 9 63
102300 17 68
102300 28 73
102300 28 70
102300 28 30
102300 28 69
102300 30 62
102300 35 75
102300 53 62
102300 53 70
102300 61 62
102600 1 33
102600 11 72
102600 14 37
102600 64 77
102900 18 22
102900 22 85
102900 28 66
102900 80 85
103200 3 5
103200 29 63
103200 29 73
103200 50 88
103500 1 16
103500 35 84
103500 35 52
103800 3 18
103800 9 62
103800 18 65
103800 29 53
104100 11 23
104100 23 69
104100 53 63
104400 28 30
104700 37 58
104700 44 51
105000 7 76
105000 12 16
105000 14 37
105000 27 81
105000 35 75
105300 5 74
105300 5 37
105300 9 62
105300 9 73
105300 24 48
105300 24 77
105300 24 74
105600 29 53
105600 37 58
105900 29 63
105900 50 86
106200 8 79
106200 14 24
106200 21 69
106200 29 53
106200 45 58
106500 4 48
106500 8 34
106500 8 90
106500 8 58
106500 11 24
106500 27 76
106500 27 81
106500 45 58
106800 5 11
106800 18 37
106800 29 53
107100 9 73
107100 29 69
107100 29 53
107100 37 58
107100 50 74
107100 53 69
107400 7 33
107400 58 72
107400 64 77
107700 0 14
107700 53 70
107700 60 79
108000 22 85
108000 46 89
108300 8 26
108300 9 62
108300 9 73
108300 69 73
108600 29 53
108900 26 32
108900 57 60
109200 5 11
109200 14 48
109200 28 73
109200 29 53
109200 39 51
109200 61 71
109200 70 73
109500 23 30
109500 24 48
109800 5 72
109800 5 37
109800 5 22
109800 18 72
109800 22 37
109800 22 72
109800 22 26
109800 26 72
109800 26 37
109800 26 71
109800 28 73
109800 37 72
110100 15 33
110100 60 81
110100 76 88
110400 3 5
110400 9 62
110400 9 29
110400 11 24
110400 11 48
110400 18 37
110400 24 48
110700 9 62
110700 29 69
110700 50 74
110700 53 69
110700 55 79
111000 15 33
111000 22 85
111000 22 32
111000 28 66
111000 53 63
111000 58 72
111300 4 86
111300 9 73
111300 9 62
111300 24 48
111600 1 84
111600 5 18
111600 6 84
111600 7 84
111600 20 84
111600 28 30
111600 29 53
111600 32 38
111600 33 84
111600 67 84
111600 81 84
111600 84 88
111900 0 45
111900 4 86
111900 29 91
111900 29 53
111900 53 63
112200 58 65
112200 76 78
112200 76 81
112200 78 81
112500 0 14
112500 8 54
112500 8 32
112500 8 26
112500 22 91
112500 25 39
112500 39 51
112800 28 70
112800 39 72
112800 72 90
113100 7 58
113100 21 84
113100 24 45
113100 56 60
113400 4 79
113400 9 29
113400 27 81
113700 12 16
113700 27 81
113700 39 57
113700 50 86
114000 2 15
114000 9 73
114000 9 30
114000 29 63
114000 61 63
114300 3 51
114300 3 23
114300 23 49
114300 28 69
114300 42 51
114300 52 75
114300 80 90
114600 0 45
114600 29 53
114600 37 58
114600 37 47
114900 2 39
114900 5 48
114900 12 48
114900 12 14
114900 12 20
114900 14 20
114900 14 58
114900 14 78
114900 20 58
114900 20 78
114900 24 87
114900 29 39
114900 31 58
114900 58 78
115200 21 56
115200 36 50
115500 0 14
115500 0 3
115500 3 14
115500 7 78
115800 28 69
115800 37 82
116100 7 16
116100 7 25
116100 16 25
116400 5 24
116400 5 65
116400 9 66
116400 9 13
116400 24 32
116400 57 60
116700 1 7
116700 9 73
116700 9 62
116700 14 51
116700 23 29
116700 28 29
116700 29 53
116700 49 55
117000 3 5
117000 29 63
117300 14 24
117600 1 59
117600 1 88
117600 1 84
117600 11 24
117600 12 88
117600 15 88
117600 23 69
117600 24 55
117900 11 58
117900 27 64
117900 28 53
117900 53 70
117900 85 90
118200 21 69
118200 29 63
118500 32 38
118800 9 73
118800 50 86
119100 29 63
119100 50 86
119400 35 75
119400 35 52
119400 52 75
119700 29 70
120000 1 76
120000 37 58
120300 9 73
120300 29 53
120300 53 73
120600 21 56
120600 24 48
120900 9 62
120900 35 75
121200 9 62
121200 9 53
121200 12 58
121200 12 44
121200 12 77
121200 39 65
121200 39 58
121200 44 65
121200 53 70
121200 58 65
121500 1 78
121500 7 78
121500 21 76
121500 24 48
121500 77 82
121800 0 48
121800 4 50
121800 9 62
121800 9 73
121800 15 67
121800 52 75
122100 17 18
122400 12 44
122700 1 59
122700 6 88
122700 32 38
123000 0 24
123300 25 49
123300 55 79
123600 3 44
123600 5 72
123600 7 58
123600 9 23
123900 0 24
123900 17 68
124200 9 62
124200 77 82
124500 22 64
124500 24 48
124500 44 51
124500 52 87
124500 77 82
124800 6 12
124800 6 26
124800 9 62
124800 9 26
124800 12 46
124800 14 24
125100 0 24
125100 50 86
125100 56 84
125400 5 85
125400 5 80
125400 21 84
125400 28 69
125700 24 58
126000 25 86
126000 29 53
126000 50 86
126300 23 69
126600 0 24
126900 2 10
126900 2 6
126900 6 10
127200 7 76
127500 12 88
127500 17 18
127500 55 74
127800 9 73
127800 9 62
127800 17 18
127800 50 74
127800 53 69
128100 21 69
128100 58 85
128400 1 33
128400 1 7
128400 5 72
128400 24 45
128400 37 58
128400 58 65
128700 17 18
128700 42 43
128700 45 58
129000 49 55
129300 49 84
129600 7 81
129600 14 45
129600 57 60
129900 29 53
129900 29 63
130200 29 53
130200 50 74
130200 52 86
130500 9 62
130500 24 31
130500 24 48
130500 31 48
130800 37 58
130800 53 66
130800 53 61
130800 53 70
130800 62 73
131100 28 62
131100 28 29
131100 29 53
131400 17 18
131400 21 56
131400 21 59
131400 24 48
131400 32 58
131700 23 69
131700 23 30
131700 29 53
131700 30 63
131700 30 53
132000 9 62
132000 29 53
132300 1 88
132300 9 62
132300 9 69
132300 9 66
132300 27 88
132300 28 69
132300 29 30
132300 30 66
132600 20 35
132600 29 61
132600 39 45
132600 42 79
132600 52 84
132600 56 84
132600 84 87
132900 45 58
132900 45 72
132900 63 70
133200 23 49
133200 25 49
133200 28 69
133200 37 77
133200 52 75
133200 53 61
133500 29 63
133800 5 34
133800 29 63
134100 12 58
134100 58 72
134100 59 78
134100 65 72
134400 9 73
134700 11 16
134700 35 51
134700 35 84
134700 40 57
134700 44 51
134700 44 45
134700 45 51
134700 53 70
134700 56 88
134700 57 88
135000 39 58
135000 44 58
135000 49 58
135000 49 79
135000 49 88
135000 79 88
135000 79 84
135300 9 63
135300 28 70
135300 35 75
135600 9 63
135600 9 28
135600 61 62
135900 45 83
135900 55 79
135900 58 72
135900 58 85
135900 80 85
136200 9 30
136200 29 53
136200 30 62
136200 37 77
136200 49 52
136200 52 84
136500 7 25
136500 22 64
136500 49 84
136500 50 84
136500 50 52
136500 52 84
136800 18 37
136800 53 70
137100 29 53
137400 17 68
137400 50 86
137700 14 24
137700 50 55
138000 11 26
138000 35 75
138300 0 14
138600 29 53
138900 22 64
138900 42 52
139200 18 90
139200 23 30
139200 35 75
139200 46 84
139200 50 86
139200 50 60
139200 57 88
139200 62 73
139500 31 71
139800 9 73
139800 29 63
140100 9 73
140100 29 63
140400 24 45
140400 55 79
140400 69 73
140700 7 12
140700 33 84
140700 72 85
140700 79 88
141000 29 53
141300 5 75
141600 29 53
141600 59 76
141900 11 48
141900 49 84
141900 50 74
141900 75 88
141900 79 88
142200 1 27
142200 1 7
142200 6 27
142200 6 7
142200 27 33
142200 29 63
142200 37 58
142200 44 65
142500 0 24
142500 0 48
142500 9 62
142500 15 67
142500 23 30
142800 21 56
142800 22 64
142800 24 48
142800 35 79
142800 77 82
143100 9 19
143100 9 62
143100 9 73
143100 19 73
143100 45 65
143100 62 73
143400 5 37
143400 24 48
143400 24 31
143400 31 48
143700 29 53
143700 37 58
144000 9 30
144000 9 28
144000 9 53
144000 17 18
144000 28 30
144000 28 73
144000 29 53
144000 44 51
144000 50 75
144300 7 56
144300 9 62
144600 27 60
144600 29 63
144900 24 48
145200 12 60
145200 19 75
145200 35 75
145200 35 50
145200 50 75
145200 50 52
145200 52 75
145500 22 64
145500 40 88
145500 44 51
145500 67 78
145800 8 26
145800 23 30
145800 23 53
145800 29 53
145800 30 53
145800 39 58
146100 21 28
146100 29 53
146100 67 78
146400 52 79
146700 8 83
146700 29 53
146700 44 51
147000 0 24
147000 21 42
147000 22 38
147000 24 45
147000 25 28
147000 27 57
147000 67 76
147300 29 63
147600 0 14
147600 41 79
147600 53 69
147600 77 82
147900 0 24
147900 5 24
147900 39 58
147900 79 88
148200 53 70
148500 4 50
148500 9 62
148500 23 30
148500 30 44
148500 35 52
148500 46 49
148500 49 86
148500 53 70
148800 21 69
148800 21 61
148800 24 45
148800 30 66
148800 69 73
149100 2 10
149100 6 10
149100 6 12
149100 11 58
149100 16 53
149100 16 70
149100 39 65
149100 44 51
149100 51 58
149100 51 65
149100 53 70
149100 58 65
149100 67 84
149100 79 84
149100 84 86
149400 3 14
149400 14 37
149400 16 84
149400 50 75
149700 7 86
150000 21 69
150000 24 45
150300 35 75
150300 62 73
150600 9 73
150600 9 62
150600 50 74
150900 0 24
150900 17 18
150900 79 87
150900 84 87
151200 2 6
151200 5 51
151200 5 39
151200 6 10
151200 7 16
151200 9 62
151200 14 82
151500 9 66
151500 9 62
151500 9 73
151500 11 84
151500 62 73
151800 22 64
151800 35 79
151800 77 82
152100 28 53
152100 44 51
152400 6 40
152400 9 73
152400 9 61
152400 50 86
152700 9 62
152700 27 88
152700 28 69
152700 29 53
153000 28 84
153300 4 86
153300 7 12
153300 9 28
153300 9 63
153300 37 58
153300 52 87
153600 24 28
153600 29 53
153600 55 74
153600 76 81
153900 7 16
153900 29 53
153900 45 58
154200 29 53
154200 30 62
154200 49 52
154500 9 62
154800 22 85
154800 29 53
154800 32 38
155100 7 12
155100 38 69
155400 19 73
155400 29 63
155400 56 84
155700 3 58
155700 29 63
155700 37 58
155700 50 75
156000 34 84
156000 35 75
156000 35 50
156000 37 84
156000 50 86
156000 75 86
156300 15 33
156300 46 76
156300 60 81
156600 6 40
156900 24 44
156900 29 63
157200 6 40
157200 24 45
157200 49 86
157200 57 60
157500 4 36
157500 14 24
157500 27 56
157500 27 60
157500 28 53
157500 29 70
157500 29 53
157500 45 65
157500 65 72
157800 15 33
157800 23 61
158100 52 79
158400 5 18
158400 35 50
158400 42 50
158400 50 86
158700 3 14
158700 19 24
158700 24 48
158700 53 70
159000 79 86
159300 16 61
159300 23 53
159300 28 69
159300 30 53
159600 11 44
159600 25 75
159900 4 86
159900 52 86
160200 21 61
160200 22 64
160200 57 88
160500 12 56
160500 56 58
160800 14 58
160800 21 61
161100 11 38
161100 23 30
161100 29 53
161100 62 73
161100 84 88
161400 4 41
161400 27 57
161400 28 69
161700 5 11
161700 5 72
161700 9 62
162000 8 26
162000 26 80
162000 31 58
162000 39 85
162000 80 91
162300 1 16
162300 2 15
162300 31 71
162300 33 40
162600 14 58
162600 21 76
162900 7 25
162900 9 66
162900 22 64
163200 15 33
163500 49 55
163500 49 86
163500 50 86
163500 52 55
163800 3 14
163800 7 88
163800 9 63
163800 9 28
164100 29 53
164400 14 47
164400 45 72
164700 9 73
164700 63 70
165000 24 48
165000 35 52
165000 39 45
165000 57 62
165300 53 69
165300 61 69
165600 15 60
165900 29 53
166200 5 54
166200 7 59
166200 9 62
166200 62 69
166500 22 77
166500 22 64
166800 14 72
166800 14 34
166800 14 85
166800 24 48
166800 27 75
166800 27 35
166800 35 75
167100 21 46
167100 24 48
167100 26 31
167100 75 79
167400 8 26
167400 9 62
167400 52 84
167700 11 23
168000 1 40
168000 2 12
168000 7 40
168000 12 72
168000 58 72
168300 19 73
168300 52 75
168600 28 69
168600 29 53
168600 37 82
168600 44 51
168900 29 53
169200 32 85
169200 50 86
169500 14 58
169500 21 61
169800 29 53
169800 52 86
170100 2 71
170100 14 58
170100 14 39
170100 14 24
170100 37 82
170100 39 58
170100 53 70
170100 58 82
170400 22 50
170700 8 26
170700 29 53
170700 36 79
170700 36 55
170700 55 79
171000 22 38
171000 25 28
171000 25 53
171000 28 53
171000 53 69
171300 3 24
171300 14 45
171300 24 29
171300 24 53
171300 24 28
171300 29 53
171300 44 51
171600 7 78
171600 29 53
171900 7 78
171900 20 35
171900 29 73
171900 35 52
171900 56 87
171900 56 84
171900 63 70
171900 84 87
172200 22 38
172200 29 53
172200 29 30
172200 29 66
172200 30 53
172500 9 66
172500 9 62
172500 30 66
172500 50 74
172500 58 72
172800 5 18
172800 12 77
172800 12 64
172800 24 48
172800 64 77
173100 17 68
173100 28 45
173100 44 45
173400 28 29
173400 29 53
173400 35 52
173700 11 69
173700 11 23
173700 23 69
173700 53 63
174000 7 27
174000 27 60
174000 27 57
174000 28 61
174000 29 53
174000 49 74
174000 57 60
174300 24 28
174300 29 53
174600 9 63
174600 9 73
174900 5 85
174900 5 72
174900 55 86
174900 72 80
174900 80 85
175200 28 70
175500 3 22
175500 28 66
175500 28 69
175800 28 69
175800 29 70
175800 44 51
176100 1 88
176100 5 51
176100 7 81
176100 7 88
176100 29 53
176100 39 51
176100 49 67
176100 55 86
176400 30 57
176400 51 90
176400 52 75
176400 56 59
176400 58 65
176400 59 78
176700 1 7
176700 17 18
176700 55 79
176700 75 79
177000 50 86
177300 24 48
177300 28 69
177600 5 39
177600 8 84
177600 9 31
177600 24 48
177600 29 53
177600 46 84
177900 6 40
177900 12 44
177900 18 68
177900 28 30
177900 64 77
178200 17 84
178200 24 28
178200 29 53
178500 5 18
178500 7 88
178500 8 26
178500 53 63
178800 24 48
178800 66 69
179100 24 48
179100 52 84
179100 53 63
179400 50 74
179400 53 69
179700 9 62
179700 38 58
179700 38 45
179700 45 58
180000 44 51
180000 58 65
180300 67 84
180600 0 48
180600 9 73
180600 15 67
180600 52 75
180900 0 24
180900 4 86
180900 9 63
180900 9 69
180900 24 48
180900 61 62
181200 21 56
181200 24 48
181500 21 69
181500 29 63
181800 9 73
181800 11 23
181800 17 18
181800 22 85
182100 9 62
182100 14 24
182100 19 58
182100 21 69
182100 25 79
182100 39 51
182100 51 65
182100 58 72
182100 65 72
182100 66 70
182400 30 66
182400 32 91
182400 34 72
182400 53 63
182700 18 37
182700 23 30
182700 38 91
183000 3 5
183000 29 63
183300 5 21
183300 21 84
183600 3 14
183600 9 62
183600 9 28
183600 9 44
183600 34 44
183600 44 45
183900 58 65
183900 76 84
184200 8 58
184200 14 58
184200 19 27
184200 27 50
184200 27 84
184200 27 35
184200 27 52
184200 27 75
184200 35 75
184200 35 38
184200 45 58
184200 58 72
184500 3 5
184500 9 29
184500 11 48
184500 11 24
184500 24 48
184500 57 88
184500 74 86
184800 8 85
184800 8 37
184800 9 62
184800 21 61
184800 59 76
185100 21 69
185100 21 61
185100 61 69
185400 12 59
185400 20 84
185400 37 58
185400 59 76
185700 21 84
185700 23 29
185700 51 65
186000 3 24
186000 15 33
186000 28 29
186000 44 51
186000 53 63
186300 3 8
186300 14 85
186300 19 79
186300 24 48
186300 45 65
186600 17 68
186600 42 50
186900 0 65
186900 14 65
186900 39 45
187200 11 23
187200 21 30
187200 23 69
187200 37 58
187200 74 86
187500 1 88
187500 9 73
187500 23 30
187500 29 63
187500 37 77
187500 62 73
187800 9 62
187800 17 68
187800 18 68
188100 17 18
188100 22 58
188100 22 32
188100 32 58
188400 14 24
188400 14 58
188400 24 58
188700 9 62
188700 23 53
188700 23 73
188700 28 53
188700 28 73
188700 29 53
188700 39 51
189000 25 36
189000 53 63
189300 8 26
189300 44 51
189600 7 78
189600 7 59
189600 20 52
189600 20 35
189600 25 35
189600 28 40
189600 28 73
189600 35 52
189600 35 84
189600 35 87
189600 40 84
189600 42 79
189600 52 84
189600 56 87
189600 56 84
189900 7 58
189900 12 15
189900 15 33
190200 35 75
190500 9 29
190500 11 48
190500 27 81
190500 57 88
190800 37 58
190800 44 52
191100 42 84
191100 52 84
191100 53 63
191400 24 69
191400 28 69
191700 62 73
191700 71 83
192000 5 72
192000 5 37
192000 22 26
192000 22 37
192000 22 72
192000 26 37
192000 26 72
192000 29 53
192000 37 72
192000 53 63
192300 3 14
192300 4 86
192300 7 12
192300 9 28
192600 15 67
192600 30 66
192600 37 58
192600 37 77
192600 52 75
192600 62 73
192600 64 82
192600 65 82
192900 1 84
192900 1 59
192900 6 84
192900 9 73
192900 20 84
192900 28 69
192900 67 84
192900 84 88
193200 14 47
193200 32 38
193500 14 71
193500 44 51
193500 50 86
193800 11 24
194100 14 44
194100 14 22
194400 23 30
194400 42 76
194400 49 55
194700 4 50
194700 5 24
194700 7 57
194700 8 26
194700 9 62
194700 13 50
194700 14 90
194700 14 37
194700 32 80
194700 37 90
195000 3 72
195000 3 83
195000 14 44
195000 44 51
195300 12 58
195300 43 58
195300 44 45
195300 79 88
195600 0 24
195600 19 42
195600 19 50
195600 20 35
195600 22 32
195600 55 79
195600 84 87
195900 28 69
195900 29 53
195900 44 51
196200 28 43
196200 39 51
196500 5 84
196500 22 77
196500 24 48
196800 7 16
196800 7 58
197100 7 78
197100 8 26
197100 14 24
197100 14 64
197100 17 68
197100 29 53
197400 9 62
197400 29 53
197400 37 58
197400 50 74
197400 57 88
197700 28 70
198000 8 16
198000 28 69
198300 0 14
198300 7 16
198300 8 60
198300 15 67
198600 12 78
198900 24 48
198900 46 84
198900 74 79
199200 59 76
199500 9 62
199500 17 18
199500 50 86
199500 79 87
199800 29 70
200100 29 53
200100 53 70
200100 59 76
200400 9 66
200400 14 24
200400 24 58
200400 28 84
200700 24 48
200700 52 75
200700 69 70
201000 5 14
201000 6 88
201000 14 24
201000 28 30
201300 3 37
201300 8 26
201300 22 37
201300 23 30
201300 29 63
201300 37 90
201600 9 73
201600 9 19
201600 33 88
201600 50 75
201900 28 62
201900 29 53
201900 45 85
201900 45 65
202200 34 84
202200 58 72
202200 80 85
202500 9 28
202500 15 60
202500 16 76
202500 28 62
202500 35 50
202500 38 90
202500 39 65
202500 50 75
202500 85 90
202800 3 83
202800 50 74
203100 17 34
203100 28 70
203400 28 29
203400 29 70
203700 8 26
203700 49 74
204000 29 53
204000 57 88
204300 7 16
204300 29 53
204300 49 52
204600 6 40
204600 9 30
204600 9 29
204600 28 29
204600 28 53
204600 29 53
204900 3 53
204900 7 33
204900 11 56
204900 22 32
204900 22 45
204900 28 70
204900 44 51
204900 53 70
204900 53 61
205200 11 23
205200 17 18
205200 23 69
205200 35 74
205200 62 73
205500 7 88
205800 28 84
205800 39 51
206100 9 29
206100 14 48
206100 53 66
206400 0 14
206400 5 22
206400 5 37
206400 16 45
206400 22 37
206400 22 26
206400 22 34
206400 26 37
206400 26 72
206400 34 37
206400 37 72
206400 40 84
206400 40 78
206400 60 81
206400 60 88
206400 81 88
206700 17 68
206700 29 53
206700 35 49
206700 57 60
207000 24 48
207000 46 84
207000 79 86
207300 0 14
207300 14 37
207300 17 18
207300 37 82
207600 14 22
207600 14 39
207600 21 84
207600 30 90
207600 59 78
207900 3 58
208200 62 73
208500 12 77
208500 12 84
208500 26 32
208500 77 84
208800 37 58
208800 50 86
209100 2 15
209100 23 30
209400 31 71
209400 44 51
209400 53 63
209700 14 24
209700 29 63
209700 35 75
209700 59 76
210000 22 64
210000 35 52
210000 44 51
210000 46 89
210300 28 69
210600 14 58
210600 53 66
210900 24 58
210900 32 80
210900 67 76
211200 21 46
211200 21 26
211200 24 48
211200 26 31
211200 49 79
211200 75 79
211500 50 86
211500 52 84
211500 52 75
211500 59 76
211500 75 84
211800 2 10
211800 2 6
211800 3 14
211800 6 10
211800 11 14
211800 14 34
211800 27 46
211800 44 51
212100 0 48
212100 8 90
212100 16 84
212100 29 53
212400 28 69
212700 25 88
212700 29 53
212700 38 51
212700 45 58
212700 51 72
213000 9 29
213000 29 62
213000 29 63
213000 62 73
213000 63 66
213300 3 72
213300 22 32
213300 52 79
213300 62 73
213300 79 86
213600 37 84
213900 9 63
213900 28 70
213900 28 53
213900 37 65
213900 53 70
213900 61 62
214200 19 59
214200 19 76
214200 21 61
214200 24 45
214200 25 47
214200 27 57
214200 28 69
214200 44 51
214200 53 66
214500 6 40
214500 15 33
214500 38 45
214500 44 52
214800 7 46
214800 17 34
214800 17 18
214800 17 46
214800 32 85
214800 32 38
214800 35 75
214800 64 77
215100 28 66
215400 0 24
215400 45 58
215400 50 86
215400 55 74
215700 28 69
215700 30 53
215700 53 70
216000 30 53
216000 58 72
216300 27 60
216300 29 63
216300 37 58
216300 50 75
216600 0 24
216600 9 66
216600 23 29
216900 7 88
216900 17 51
216900 29 53
216900 29 63
216900 39 51
217200 9 63
217200 9 28
217500 29 53
217500 37 58
217500 44 51
217500 67 76
217800 29 53
217800 37 58
217800 50 86
217800 51 65
218100 9 62
218400 0 48
218400 9 63
218400 32 71
218700 8 26
218700 21 61
218700 22 64
219000 8 26
219000 22 91
219000 24 48
219000 29 91
219000 39 58
219000 42 43
219300 45 65
219600 9 62
219900 15 33
219900 25 86
220200 20 31
220200 24 31
220200 24 48
220200 31 48
220200 71 83
220500 17 18
220500 18 68
220500 24 48
220500 32 58
220800 8 26
221100 22 64
221400 7 58
221400 19 76
221400 21 69
221400 28 73
221400 59 76
221700 22 64
221700 35 79
221700 77 82
222000 7 78
222000 9 69
222000 9 29
222000 29 63
222300 20 35
222300 39 45
222300 42 79
222600 0 14
222600 7 78
222600 9 62
222600 21 84
222600 21 56
222600 29 53
222600 52 87
222900 9 62
222900 16 84
222900 24 48
223200 9 63
223200 9 73
223200 9 28
223200 9 69
223200 24 48
223200 28 70
223200 37 65
223200 53 70
223200 61 62
223500 23 30
223500 45 72
223500 45 65
223500 49 74
223500 50 86
223500 52 84
223500 65 72
223800 9 73
223800 49 73
223800 50 86
223800 57 60
224100 0 48
224100 4 50
224100 9 73
224100 9 62
224100 15 67
224100 52 75
224100 53 66
224400 36 50
224700 9 28
224700 9 63
224700 9 69
224700 28 69
224700 28 70
225000 14 58
225000 22 38
225300 7 25
225300 35 84
225300 52 84
225600 28 69
225900 9 66
225900 16 59
225900 50 59
225900 59 76
226200 3 85
226200 50 86
226500 14 37
226500 17 68
226800 1 16
226800 2 6
226800 2 10
226800 6 40
226800 6 27
226800 6 10
226800 10 16
226800 10 40
226800 12 77
226800 12 44
226800 16 33
226800 17 18
226800 24 48
226800 27 40
226800 27 46
226800 27 65
226800 27 57
226800 39 65
226800 46 56
226800 46 57
227100 6 40
227100 9 62
227100 35 49
227100 55 74
227400 9 28
227400 9 63
227700 9 73
227700 28 84
227700 28 76
227700 76 84
228000 29 69
228000 66 69
228300 8 30
228300 8 90
228300 9 73
228300 15 67
228300 52 75
228300 53 73
228600 7 25
228600 28 69
228900 8 26
228900 42 43
228900 53 63
229200 29 53
229500 16 25
229500 52 87
229800 23 29
229800 29 63
229800 31 71
229800 52 79
230100 21 76
230100 21 69
230100 22 85
230400 17 34
230700 35 52
231000 9 62
231000 9 73
231000 17 18
231000 50 74
231000 53 69
231000 55 79
231300 11 24
231300 24 48
231600 8 39
231600 8 85
231600 9 62
231600 38 45
231900 19 78
231900 21 63
231900 29 53
232200 1 59
232200 29 53
232200 75 79
232500 7 12
232500 29 53
232800 45 65
232800 50 86
232800 55 74
233100 2 84
233100 3 68
233100 9 62
233100 9 30
233100 24 48
233100 52 75
233100 62 73
233400 35 75
233400 50 86
233700 44 51
233700 77 82
234000 14 58
234000 14 37
234000 22 91
234000 23 30
234000 38 80
234000 85 91
234300 5 37
234300 35 75
234300 35 49
234300 46 57
234600 35 75
234600 55 86
234900 8 26
234900 14 44
235200 5 18
235200 5 11
235200 62 73
235500 14 39
235500 14 58
235800 19 62
235800 22 64
235800 77 82
236100 5 37
236100 5 34
236100 7 27
236100 7 88
236100 27 88
236100 34 37
236400 22 80
236400 28 69
236400 53 70
236700 1 12
236700 5 45
236700 9 73
236700 9 62
237000 50 74
237300 7 88
237300 22 64
237300 59 67
237300 61 66
237600 9 62
237600 50 86
237900 15 33
238200 3 45
238500 5 39
238500 35 87
238500 35 86
238500 35 52
238800 9 62
238800 16 88
238800 23 53
238800 28 73
238800 29 73
238800 35 52
238800 53 73
239100 17 68
239100 28 69
239100 29 53
239100 37 82
239100 44 51
239400 22 64
239400 24 48
239400 77 82
239700 29 63
240000 24 59
240000 29 53
240000 45 90
240000 53 63
240300 2 10
240300 10 16
240300 10 33
240300 11 84
240300 12 44
240300 24 31
240300 39 51
240300 51 58
240300 58 65
240600 5 22
240600 23 61
240900 9 62
241200 22 64
241200 28 73
241500 3 80
241500 28 53
241500 49 55
241800 29 53
242100 9 62
242100 39 51
242400 23 30
242400 29 53
242400 29 30
242400 35 52
242400 37 84
242400 43 45
242400 44 51
242700 8 26
242700 9 62
242700 9 28
242700 28 73
242700 28 62
242700 50 52
242700 50 86
243000 18 47
243000 18 37
243000 58 65
243300 3 65
243300 9 73
243300 17 51
243300 51 68
243600 13 88
243600 21 88
243600 29 53
243600 29 69
243600 45 83
243600 50 74
243600 55 79
243900 29 53
244200 25 87
244500 24 48
244500 26 31
244800 8 90
244800 8 58
244800 45 58
244800 70 73
245100 8 26
245100 42 59
245100 53 63
245400 56 84
245700 39 72
246000 9 73
246000 28 53
246000 50 74
246300 7 84
246300 44 65
246300 58 65
246600 15 33
246600 49 50
246900 42 51
246900 46 60
246900 53 70
247200 14 37
247200 37 58
247200 44 51
247500 9 73
247500 35 50
247500 50 86
247500 50 84
247800 0 14
247800 14 37
247800 17 18
247800 28 30
247800 64 77
248100 2 15
248100 9 73
248100 17 18
248100 35 75
248400 0 24
248400 42 79
248400 42 44
248400 56 84
248700 8 26
248700 14 44
248700 52 79
249000 15 33
249000 50 86
249000 60 81
249000 76 88
249300 29 53
249600 29 70
249600 29 69
249600 29 53
249600 53 63
249600 59 78
249600 85 91
249900 9 62
249900 22 85
249900 29 53
249900 29 30
249900 50 86
250200 5 11
250200 8 85
250200 9 62
250200 12 29
250200 22 51
250200 29 53
250200 38 45
250200 40 41
250200 50 75
250200 61 90
250500 15 33
250500 25 55
250500 56 60
250800 7 12
250800 29 53
250800 45 83
250800 50 74
251100 1 7
251100 1 27
251100 7 27
251100 14 37
251100 29 53
251400 0 24
251400 20 84
251400 35 52
251400 35 84
251400 55 79
251400 56 87
251400 56 84
251700 49 55
251700 50 86
252000 28 84
252300 22 72
252300 28 69
252600 9 73
252600 16 88
252600 21 69
252600 22 64
252600 53 70
252900 42 86
252900 55 86
253200 7 12
253200 22 32
253500 5 51
253500 5 35
253500 14 39
253500 17 51
253500 27 65
253500 27 72
253500 27 35
253500 27 75
253500 35 37
253500 35 45
253500 35 75
253500 45 58
253500 45 72
253500 51 68
253500 58 72
253800 29 63
253800 37 77
253800 55 86
254100 3 5
254100 3 22
254100 5 18
254100 11 24
254100 18 22
254100 22 64
254100 55 79
254400 14 37
254400 35 87
254400 35 52
254400 44 51
254700 26 52
254700 29 53
255000 7 78
255000 16 25
255000 27 60
255300 29 53
255600 1 7
255600 7 40
255600 33 59
255900 53 62
255900 76 78
256200 2 60
256200 28 53
256200 39 58
256200 58 65
256500 9 73
256500 45 70
256500 52 84
256500 53 70
256800 11 84
256800 14 71
256800 37 58
256800 50 86
257100 24 58
257100 28 84
257100 28 62
257400 11 24
257400 11 51
257400 17 68
257400 22 64
257400 27 51
257400 27 68
257700 2 15
257700 2 33
257700 9 73
257700 9 62
257700 15 72
257700 29 63
257700 50 75
257700 58 86
257700 58 78
257700 58 59
257700 59 78
257700 72 86
257700 72 78
257700 72 75
257700 75 86
258000 12 78
258000 58 65
258000 84 89
258300 14 58
258300 21 40
258300 47 58
258600 28 73
258600 62 73
258600 67 84
258600 67 76
258900 9 62
258900 9 45
258900 12 57
258900 13 50
258900 14 85
258900 14 24
258900 27 75
258900 45 61
258900 45 83
258900 50 74
259200 1 84
259200 5 18
259200 15 88
259200 15 40
259200 15 84
259200 18 32
259200 22 32
259200 23 69
259200 28 30
259200 29 53
259200 59 88
259200 59 84
259200 62 75
259200 81 84
259200 84 88
259500 22 85
259800 29 53
259800 37 77
260100 0 14
260100 9 62
260100 29 53
260100 37 58
260400 1 76
260400 27 76
260400 35 79
260400 44 51
260400 77 82
260700 5 85
260700 76 78
261000 0 14
261000 3 14
261000 8 90
261000 9 69
261000 16 84
261000 30 53
261000 65 82
261300 51 54
261300 63 89
261600 3 18
261600 7 58
261600 15 33
261900 1 16
261900 7 88
261900 9 62
261900 35 79
261900 35 52
261900 35 36
261900 36 79
261900 76 88
262200 14 24
262200 22 77
262500 23 29
262500 55 74
262800 4 52
262800 8 26
262800 28 29
262800 29 70
262800 37 77
262800 38 39
263100 29 53
263400 17 68
263400 36 50
263700 21 59
264000 1 6
264000 1 59
264000 1 88
264000 7 81
264000 29 53
264300 22 64
264300 24 48
264300 77 82
264600 7 84
264600 35 86
264600 35 50
264600 37 80
264600 37 50
264600 38 86
264600 50 75
264600 50 80
264900 1 16
264900 1 59
264900 15 16
264900 16 59
264900 49 55
264900 55 79
265200 11 48
265200 12 49
265200 49 67
265200 58 65
265200 60 89
265500 4 50
265500 4 52
265500 14 24
265500 21 69
265500 29 53
265800 29 63
266100 5 37
266100 5 18
266100 14 77
266100 18 37
266100 64 77
266400 0 48
266400 8 90
266400 29 53
266700 5 14
266700 9 62
266700 37 58
266700 44 45
267000 1 16
267000 8 26
267300 52 79
267600 28 69
267600 30 66
267600 52 75
267900 11 57
267900 22 64
267900 29 30
267900 30 63
267900 47 58
267900 56 57
268200 9 63
268200 37 77
268500 1 65
268500 8 39
268500 8 85
268500 9 62
268500 14 45
268500 29 63
268500 38 45
268500 41 86
268500 50 75
268500 53 70
268500 75 79
268800 9 62
268800 16 76
268800 17 68
268800 21 61
268800 24 37
268800 35 75
268800 42 75
268800 45 90
268800 55 79
268800 59 76
269100 28 53
269400 1 76
269400 19 76
269400 22 64
269400 35 79
269400 77 82
269700 7 58
269700 24 35
269700 29 53
269700 49 52
269700 55 79
270000 0 24
270000 0 14
270000 14 24
270000 14 48
270000 22 77
270000 24 48
270000 45 48
270300 42 43
270300 42 72
270300 42 58
270300 58 72
270600 5 47
270600 9 28
270600 9 63
270600 9 69
270600 9 73
270600 9 62
270600 24 48
270600 28 73
270900 17 18
271200 12 44
271200 17 56
271500 7 25
271500 16 25
271500 30 66
271800 17 68
271800 18 34
271800 35 75
271800 35 36
271800 36 75
272100 7 46
272100 17 18
272100 17 68
272100 45 58
272400 7 58
272400 21 69
272400 36 50
272700 24 48
272700 24 45
272700 29 63
272700 29 70
272700 39 45
272700 42 50
272700 42 65
272700 45 72
272700 45 48
273000 0 24
273000 32 91
273000 57 60
273300 29 53
273300 46 89
273300 69 70
273600 16 76
273600 32 38
273900 0 14
273900 16 59
273900 53 69
274200 7 58
274200 7 25
274200 21 69
274200 25 58
274200 27 76
274200 28 66
274200 75 79
274200 76 78
274500 24 48
274500 37 58
274800 9 62
274800 36 55
274800 36 79
274800 55 79
275100 8 26
275100 53 63
275400 11 77
275400 12 27
275400 17 34
275400 22 48
275400 27 81
275400 27 48
275400 27 77
275400 48 64
275400 64 77
275700 7 76
275700 8 26
275700 15 33
275700 23 29
275700 29 53
275700 53 63
276000 29 63
276300 7 16
276300 7 25
276300 16 25
276300 17 18
276300 30 66
276600 5 18
276600 29 90
276600 44 51
276600 45 64
276600 81 88
276900 24 48
276900 31 32
277200 22 64
277200 45 85
277200 45 65
277200 65 85
277500 11 84
277500 12 84
277500 16 33
277500 29 53
277500 42 43
277500 49 84
277500 49 58
277500 49 64
277500 58 84
277500 64 77
277500 79 88
277800 3 68
277800 9 62
277800 28 69
277800 37 77
277800 52 75
277800 62 73
278100 14 24
278100 76 78
278400 14 58
278400 25 79
