0 12 78
0 58 65
0 84 89
300 8 26
300 14 44
600 1 16
600 2 6
600 2 10
600 6 40
600 6 27
600 6 10
600 10 16
600 10 40
600 12 77
600 12 44
600 16 33
600 17 18
600 24 48
600 27 40
600 27 46
600 27 65
600 27 57
600 39 65
600 46 56
600 46 57
900 28 69
900 29 70
900 44 51
1200 8 26
1200 23 30
1200 23 53
1200 29 53
1200 30 53
1200 39 58
1500 5 74
1500 5 37
1500 9 62
1500 9 73
1500 24 48
1500 24 77
1500 24 74
1800 15 27
1800 23 30
1800 29 71
1800 37 58
2100 0 24
2100 4 86
2100 9 63
2100 9 69
2100 24 48
2100 61 62
2400 36 50
2700 50 84
3000 2 15
3000 9 73
3000 17 18
3000 35 75
3300 35 75
3300 44 51
3600 9 73
3600 35 50
3600 50 86
3600 50 84
3900 12 16
3900 27 81
3900 39 57
3900 50 86
4200 22 64
4200 24 48
4200 44 51
4200 52 87
4200 77 82
4500 52 79
4800 5 37
4800 5 18
4800 14 77
4800 18 37
4800 64 77
5100 9 73
5100 28 84
5100 28 76
5100 76 84
5400 28 69
5400 30 53
5400 53 70
5700 24 58
6000 29 63
6000 37 77
6000 55 86
6300 15 33
6300 22 85
6300 28 66
6300 44 51
6300 53 63
6600 18 37
6600 53 70
6900 0 14
6900 7 78
6900 9 62
6900 21 84
6900 21 56
6900 29 53
6900 52 87
7200 12 44
7500 24 44
7500 29 63
7800 28 73
7800 62 73
7800 67 84
7800 67 76
8100 5 11
8100 5 72
8100 9 62
8400 14 24
8700 15 60
8700 21 60
8700 85 90
9000 1 7
9000 1 27
9000 7 27
9000 14 37
9000 29 53
9300 27 60
9300 29 63
9300 37 58
9300 50 75
9600 4 74
9600 24 48
9600 35 75
9900 9 62
9900 14 24
9900 19 58
9900 21 69
9900 25 79
9900 39 51
9900 51 65
9900 58 72
9900 65 72
9900 66 70
10200 22 64
10200 35 52
10200 44 51
10200 46 89
10500 7 58
10500 19 76
10500 21 69
10500 28 73
10500 59 76
10800 7 27
10800 27 57
10800 57 60
11100 34 84
11100 58 72
11100 80 85
11400 4 79
11400 16 84
11700 9 62
12000 5 14
12000 9 62
12000 37 58
12000 44 45
12300 29 70
12600 9 62
12600 16 88
12600 23 53
12600 28 73
12600 29 73
12600 35 52
12600 53 73
12900 8 26
12900 22 71
12900 38 85
12900 38 90
12900 39 65
12900 58 85
12900 72 90
13200 22 64
13200 28 73
13500 29 63
13800 0 14
13800 3 14
13800 8 90
13800 9 69
13800 16 84
13800 30 53
13800 65 82
14100 35 75
14100 76 84
14400 29 53
14700 7 58
14700 24 48
14700 29 53
14700 49 52
15000 3 11
15000 28 76
15000 57 76
15300 12 56
15300 56 58
15600 23 30
15600 45 72
15600 45 65
15600 49 74
15600 50 86
15600 52 84
15600 65 72
15900 28 70
15900 39 72
15900 72 90
16200 3 85
16200 22 85
16500 29 53
16500 29 63
16800 9 62
17100 24 48
17100 46 84
17100 79 86
17400 45 58
17400 45 72
17400 63 70
17700 9 73
17700 29 69
17700 29 53
17700 37 58
17700 50 74
17700 53 69
18000 9 62
18000 38 58
18000 38 45
18000 59 78
18000 76 78
18300 9 62
18300 17 18
18300 50 86
18300 79 87
18600 24 45
18600 29 53
18600 44 51
18900 29 53
18900 37 58
18900 44 51
18900 67 76
19200 9 73
19200 28 53
19200 50 74
19500 17 18
19500 29 53
19500 36 79
19800 7 25
19800 9 66
19800 22 64
20100 5 34
20100 29 63
20400 6 40
20400 24 45
20400 49 86
20400 57 60
20700 12 58
20700 43 58
20700 44 45
20700 79 88
21000 51 54
21000 63 89
21300 8 26
21300 9 62
21300 9 28
21300 28 73
21300 28 62
21300 50 52
21300 50 86
21600 52 79
21900 15 33
22200 14 58
22200 21 61
22500 2 33
22500 24 87
22500 58 62
22800 29 53
22800 35 49
22800 37 84
22800 58 84
23100 3 85
23100 50 86
23400 29 63
23700 0 14
23700 14 37
23700 17 18
23700 37 82
24000 5 72
24000 5 37
24000 5 22
24000 18 72
24000 22 37
24000 22 72
24000 22 26
24000 26 72
24000 26 37
24000 26 71
24000 28 73
24000 37 72
24300 21 46
24300 24 48
24300 26 31
24300 75 79
24600 28 29
24600 49 86
24900 56 84
25200 22 64
25200 42 52
25500 9 62
25800 55 79
26100 49 55
26100 50 86
26400 8 26
26400 53 63
26700 21 27
26700 21 59
26700 34 45
26700 54 71
27000 7 25
27000 19 79
27000 21 79
27000 21 61
27000 24 48
27000 24 45
27000 28 69
27000 61 66
27000 79 87
27300 9 29
27300 11 48
27300 27 81
27300 57 88
27600 14 24
27600 28 84
27600 39 51
27900 2 15
27900 23 30
28200 21 69
28200 29 63
28500 23 69
28800 14 44
28800 14 22
29100 16 84
29100 28 73
29100 44 51
29400 39 58
29400 79 84
29400 79 88
29700 50 86
30000 0 14
30000 53 70
30000 60 79
30300 29 63
30600 9 63
30600 9 28
30900 44 51
30900 57 62
31200 0 14
31200 9 62
31200 12 32
31200 17 51
31200 21 56
31200 24 45
31200 28 62
31200 56 60
31500 28 66
31800 28 70
32100 8 26
32100 14 44
32100 52 79
32400 21 56
32400 36 50
32700 2 39
32700 5 48
32700 12 48
32700 12 14
32700 12 20
32700 14 20
32700 14 58
32700 14 78
32700 20 58
32700 20 78
32700 24 87
32700 29 39
32700 31 58
32700 58 78
33000 0 14
33000 7 16
33000 8 90
33000 8 60
33000 9 69
33000 17 68
33000 17 18
33300 0 24
33300 45 58
33300 50 86
33300 55 74
33600 5 47
33600 9 28
33600 9 63
33600 9 69
33600 9 73
33600 9 62
33600 24 48
33600 28 73
33900 26 52
33900 29 53
34200 1 65
34200 8 39
34200 8 85
34200 9 62
34200 14 45
34200 29 63
34200 38 45
34200 41 86
34200 50 75
34200 53 70
34200 75 79
34500 8 79
34500 14 24
34500 21 69
34500 29 53
34500 45 58
34800 19 73
34800 29 63
34800 56 84
35100 4 86
35100 23 29
35100 29 53
35400 14 65
35400 14 45
35400 22 64
35400 29 53
35400 39 58
35400 39 85
35400 46 89
35400 58 85
35400 58 65
35700 2 10
35700 2 6
35700 3 14
35700 6 10
35700 11 14
35700 14 34
35700 27 46
35700 44 51
36000 29 53
36000 29 63
36000 45 65
36000 45 85
36000 58 65
36300 14 24
36300 50 55
36600 1 16
36600 7 88
36600 9 62
36600 35 79
36600 35 52
36600 35 36
36600 36 79
36600 76 88
36900 28 84
36900 35 75
36900 39 51
36900 55 75
37200 40 56
37500 7 56
37500 9 62
37800 12 77
37800 12 84
37800 26 32
37800 77 84
38100 7 76
38400 11 44
38700 23 30
38700 29 53
38700 52 86
38700 57 60
38700 74 86
39000 5 18
39000 35 50
39000 42 50
39000 50 86
39300 23 29
39600 15 33
39600 25 55
39600 56 60
39900 5 14
39900 37 58
40200 1 12
40200 5 45
40200 9 73
40200 9 62
40500 9 73
40800 6 40
40800 15 33
40800 38 45
40800 44 52
41100 7 25
41100 16 25
41100 30 66
41100 50 86
41400 29 53
41700 7 84
41700 44 65
41700 58 65
42000 17 18
42300 0 48
42300 9 69
42300 9 43
42300 9 73
42300 15 67
42300 23 69
42300 30 66
42300 44 51
42300 52 75
42300 62 73
42300 69 73
42600 8 26
42600 22 91
42600 24 48
42600 29 91
42600 39 58
42600 42 43
42900 9 62
42900 9 66
42900 14 48
42900 24 32
42900 50 75
42900 59 76
43200 29 53
43200 52 86
43500 35 75
43500 35 52
43800 3 83
43800 50 74
44100 16 76
44100 32 38
44400 2 71
44400 14 58
44400 14 39
44400 14 24
44400 37 82
44400 39 58
44400 53 70
44400 58 82
44700 3 37
44700 8 26
44700 22 37
44700 23 30
44700 29 63
44700 37 90
45000 0 24
45000 9 66
45000 23 29
45300 53 70
45600 1 59
45600 1 88
45600 1 84
45600 11 24
45600 12 88
45600 15 88
45600 23 69
45600 24 55
45900 14 50
45900 22 64
45900 30 66
45900 44 86
46200 0 14
46500 28 69
46500 46 60
46500 49 86
46500 49 55
46500 55 86
46800 22 72
46800 28 69
47100 9 62
47100 29 53
47100 50 74
47100 58 72
47400 22 85
47400 46 89
47700 1 76
47700 37 58
48000 11 44
48000 63 70
48300 11 38
48300 23 30
48300 29 53
48300 62 73
48300 84 88
48600 17 18
48900 7 78
48900 8 26
48900 14 24
48900 14 64
48900 17 68
48900 29 53
49200 12 59
49200 20 84
49200 37 58
49200 59 76
49500 5 18
49500 12 77
49500 12 44
49500 12 64
49500 24 48
49500 39 65
49500 44 65
49800 14 47
49800 32 38
50100 1 27
50100 1 7
50100 6 27
50100 6 7
50100 27 33
50100 29 63
50100 37 58
50100 44 65
50400 9 62
50400 9 19
50400 22 64
50400 24 48
50400 38 44
50700 22 64
50700 40 88
50700 44 51
50700 67 78
51000 29 53
51000 52 87
51300 7 78
51300 28 69
51300 28 66
51300 42 51
51300 46 60
51600 12 58
51600 39 58
51600 79 88
51900 7 88
51900 9 62
51900 29 53
52200 1 7
52200 7 40
52200 33 59
52500 44 51
52500 77 82
52800 8 26
52800 21 61
52800 22 64
53100 7 58
53400 1 88
53400 9 62
53400 9 69
53400 9 66
53400 27 88
53400 28 69
53400 29 30
53400 30 66
53700 7 16
53700 29 53
53700 45 58
54000 0 14
54000 7 16
54000 8 60
54000 15 67
54300 37 58
54300 53 66
54300 53 61
54300 53 70
54300 62 73
54600 59 76
54900 0 48
54900 8 90
54900 9 80
54900 9 30
54900 15 67
54900 24 48
54900 30 53
54900 53 73
54900 53 62
55200 7 78
55200 20 35
55200 29 73
55200 35 52
55200 56 87
55200 56 84
55200 63 70
55200 84 87
55500 4 79
55500 9 29
55500 27 81
55800 29 53
56100 20 40
56100 29 53
56400 22 64
56700 42 86
56700 55 86
57000 37 84
57000 49 86
57000 50 74
57000 58 84
57300 22 64
57300 45 85
57300 45 65
57300 65 85
57600 24 48
57600 66 69
57900 7 88
57900 17 51
57900 29 53
57900 29 63
57900 39 51
58200 5 85
58200 76 78
58500 58 65
58500 76 84
58800 24 45
58800 25 47
58800 27 57
58800 53 70
59100 9 73
59100 11 23
59100 17 18
59100 22 85
59400 17 68
59400 22 85
59400 26 37
59400 28 70
59400 37 72
59400 55 86
59700 55 79
59700 75 79
60000 2 28
60000 2 39
60000 11 34
60000 28 38
60000 61 86
60000 77 86
60300 9 62
60300 17 68
60300 18 68
60600 28 69
60900 9 73
60900 45 70
60900 52 84
60900 53 70
61200 24 59
61200 29 53
61200 45 90
61200 53 63
61500 7 12
61500 22 32
61800 9 66
61800 14 24
61800 24 58
61800 28 84
62100 9 62
62100 23 53
62100 23 73
62100 28 53
62100 28 73
62100 29 53
62100 39 51
62400 29 53
62400 46 89
62400 69 70
62700 7 78
62700 9 69
62700 9 29
62700 29 63
63000 1 2
63000 2 10
63000 5 39
63000 6 10
63000 21 56
63000 45 58
63300 3 58
63300 29 63
63300 37 58
63300 50 75
63600 64 77
63900 29 53
64200 7 76
64500 29 53
64500 51 65
64800 9 63
64800 28 70
64800 28 53
64800 37 65
64800 53 70
64800 61 62
65100 11 23
65100 23 69
65100 45 58
65400 7 25
65400 7 16
65400 30 66
65400 61 69
65700 20 35
65700 39 45
65700 42 79
66000 3 18
66000 9 62
66000 18 65
66000 29 53
66300 1 6
66300 1 59
66300 1 88
66300 7 81
66300 29 53
66600 9 73
66600 9 62
66600 50 74
66900 5 22
66900 5 72
66900 5 37
66900 22 37
66900 22 72
66900 22 26
66900 26 37
66900 29 53
66900 37 72
66900 37 90
67200 42 51
67200 46 60
67200 53 70
67500 7 78
67500 7 59
67500 20 52
67500 20 35
67500 25 35
67500 28 40
67500 28 73
67500 35 52
67500 35 84
67500 35 87
67500 40 84
67500 42 79
67500 52 84
67500 56 87
67500 56 84
67800 39 72
68100 24 48
68100 37 58
68400 0 14
68400 8 54
68400 8 32
68400 8 26
68400 22 91
68400 25 39
68400 39 51
68700 7 21
68700 7 78
68700 17 68
68700 21 78
68700 29 53
68700 36 50
69000 9 62
69000 18 90
69000 23 30
69000 50 60
69000 50 57
69000 57 88
69300 14 32
69600 0 14
69600 5 22
69600 5 37
69600 16 45
69600 22 37
69600 22 26
69600 22 34
69600 26 37
69600 26 72
69600 34 37
69600 37 72
69600 40 84
69600 40 78
69600 60 81
69600 60 88
69600 81 88
69900 7 76
69900 8 26
69900 15 33
69900 23 29
69900 29 53
69900 53 63
70200 9 62
70200 29 73
70200 29 63
70500 21 59
70800 18 47
70800 18 37
70800 58 65
71100 3 5
71100 9 62
71100 9 29
71100 11 24
71100 11 48
71100 18 37
71100 24 48
71400 17 68
71400 29 53
71400 35 49
71400 57 60
71700 29 53
72000 29 53
72000 30 62
72000 49 52
72300 28 70
72600 11 16
72600 35 51
72600 35 84
72600 40 57
72600 44 51
72600 44 45
72600 45 51
72600 53 70
72600 56 88
72600 57 88
72900 5 18
72900 5 11
72900 62 73
73200 24 48
73200 28 69
73500 3 51
73500 3 23
73500 23 49
73500 28 69
73500 42 51
73500 52 75
73500 80 90
73800 29 53
73800 37 58
73800 50 86
73800 51 65
74100 45 72
74400 22 32
74700 17 68
74700 28 69
74700 29 53
74700 37 82
74700 44 51
75000 29 63
75300 9 73
75600 3 14
75600 19 24
75600 24 48
75600 53 70
75900 11 44
75900 24 63
75900 37 82
75900 86 91
76200 3 14
76200 9 62
76200 9 28
76200 9 44
76200 34 44
76200 44 45
76500 23 53
76500 28 69
76500 35 52
76500 46 50
76500 50 86
76500 53 70
76800 5 18
76800 29 90
76800 44 51
76800 45 64
76800 81 88
77100 9 28
77100 9 69
77100 9 63
77100 17 68
77100 28 73
77100 28 70
77100 28 30
77100 28 69
77100 30 62
77100 35 75
77100 53 62
77100 53 70
77100 61 62
77400 35 52
77700 24 45
77700 55 79
77700 69 73
78000 23 29
78000 55 74
78300 12 44
78300 12 72
78300 12 58
78300 17 34
78300 35 50
78300 43 58
78300 44 58
78300 44 56
78300 50 75
78300 53 70
78300 56 58
78300 56 65
78600 28 69
78600 65 91
78900 0 14
78900 16 59
78900 53 69
79200 9 19
79200 9 62
79200 9 73
79200 19 73
79200 45 65
79200 62 73
79500 2 10
79500 2 40
79500 6 10
79500 21 88
79500 44 51
79500 57 88
79800 30 53
79800 58 72
80100 15 60
80400 7 58
80400 24 35
80400 29 53
80400 49 52
80400 55 79
80700 11 23
80700 23 69
80700 53 63
81000 14 24
81000 18 47
81300 0 24
81300 5 24
81300 39 58
81300 79 88
81600 21 84
81600 24 48
81600 35 75
81600 55 79
81900 0 48
81900 8 90
81900 29 53
82200 9 73
82200 29 63
82500 11 24
82500 23 30
82500 50 86
82500 84 88
82800 1 88
82800 5 51
82800 7 81
82800 7 88
82800 29 53
82800 39 51
82800 49 67
82800 55 86
83100 1 6
83100 1 33
83100 1 40
83100 1 10
83100 1 16
83100 2 10
83100 5 39
83100 6 40
83100 6 10
83100 10 40
83100 10 38
83100 10 16
83100 12 44
83100 12 77
83100 16 33
83100 24 48
83100 33 40
83100 38 45
83100 38 85
83100 45 85
83400 55 79
83700 1 12
83700 9 73
83700 9 62
83700 51 71
84000 29 69
84000 66 69
84300 7 58
84300 21 69
84300 36 50
84600 21 84
84900 1 76
84900 19 76
84900 22 64
84900 35 79
84900 77 82
85200 3 5
85200 29 63
85500 29 63
85800 9 46
85800 55 84
86100 11 24
86400 28 43
86400 39 51
86700 14 37
86700 37 58
86700 44 51
87000 14 71
87000 44 51
87000 50 86
87300 14 24
87600 11 23
87900 28 69
87900 30 66
87900 52 75
88200 18 90
88200 23 30
88200 35 75
88200 46 84
88200 50 86
88200 50 60
88200 57 88
88200 62 73
88500 4 52
88500 9 73
88500 9 69
88500 9 62
88500 29 53
88500 52 55
88500 55 79
88500 67 76
88800 3 5
88800 3 22
88800 5 18
88800 11 24
88800 18 22
88800 22 64
88800 55 79
89100 4 41
89100 27 57
89100 28 69
89400 9 62
89400 29 53
89700 17 18
89700 22 32
89700 79 87
89700 84 87
90000 22 64
90300 3 68
90300 9 62
90300 28 69
90300 37 77
90300 52 75
90300 62 73
90600 0 51
90600 17 18
90600 26 65
90600 29 53
90600 45 72
90900 28 69
91200 7 25
91200 28 69
91500 0 24
91500 42 79
91500 42 44
91500 56 84
91800 0 48
91800 4 50
91800 9 62
91800 9 73
91800 15 67
91800 52 75
92100 17 18
92100 22 58
92100 22 32
92100 32 58
92400 29 53
92700 12 44
92700 58 65
93000 7 16
93000 7 84
93000 7 25
93000 16 84
93000 16 25
93000 25 84
93000 50 84
93300 0 24
93300 17 68
93600 24 48
93900 37 58
93900 50 86
94200 28 70
94200 38 39
94500 0 14
94500 0 3
94500 3 14
94500 7 78
94800 3 72
94800 22 32
94800 52 79
94800 62 73
94800 79 86
95100 5 85
95100 5 80
95100 21 84
95100 28 69
95400 3 14
95400 14 37
95400 16 84
95400 50 75
95700 20 31
95700 24 31
95700 24 48
95700 31 48
95700 71 83
96000 16 46
96000 35 84
96000 44 51
96000 57 88
96300 29 53
96600 3 22
96600 28 66
96600 28 69
96900 22 85
96900 76 78
97200 17 68
97200 50 86
97500 3 14
97500 4 86
97500 7 12
97500 9 28
97800 1 40
97800 1 6
97800 6 60
97800 27 84
97800 44 65
97800 58 65
98100 58 59
98100 59 76
98100 59 78
98100 60 81
98100 76 88
98400 5 14
98700 7 86
99000 2 10
99000 6 10
99000 6 12
99000 11 58
99000 16 53
99000 16 70
99000 39 65
99000 44 51
99000 51 58
99000 51 65
99000 53 70
99000 58 65
99000 67 84
99000 79 84
99000 84 86
99300 22 64
99300 35 79
99300 77 82
99600 29 53
99600 37 77
99900 9 73
99900 29 63
100200 7 16
100200 7 25
100200 16 25
100200 17 18
100200 30 66
100500 7 58
100500 9 73
100500 24 35
100500 29 53
100500 35 48
100500 42 55
100500 49 52
100800 29 53
101100 24 48
101100 26 71
101100 29 53
101100 35 75
101400 26 32
101400 57 60
101700 7 46
101700 17 18
101700 17 68
101700 45 58
102000 8 58
102000 14 58
102000 19 27
102000 27 50
102000 27 84
102000 27 35
102000 27 52
102000 27 75
102000 35 75
102000 35 38
102000 45 58
102000 58 72
102300 7 25
102300 16 25
102300 30 66
102600 2 28
102600 5 22
102600 22 85
102900 17 18
102900 45 65
102900 49 52
102900 52 86
103200 14 72
103200 14 34
103200 14 85
103200 24 48
103200 27 75
103200 27 35
103200 35 75
103500 29 63
103500 50 86
103800 7 50
104100 9 62
104100 36 55
104100 36 79
104100 55 79
104400 38 58
104400 59 78
104400 76 78
104700 11 58
104700 27 64
104700 28 53
104700 53 70
104700 85 90
105000 11 23
105000 21 30
105000 23 69
105000 37 58
105000 74 86
105300 29 53
105300 37 58
105600 14 58
105600 22 38
105900 0 14
105900 41 79
105900 53 69
105900 77 82
106200 24 58
106200 28 84
106200 28 62
106500 27 60
106500 29 63
106800 29 53
106800 50 86
107100 5 22
107100 23 61
107400 8 85
107400 8 37
107400 9 62
107400 21 61
107400 59 76
107700 9 30
107700 12 76
107700 21 56
107700 22 64
107700 38 45
107700 56 76
108000 17 18
108000 45 65
108300 35 75
108300 39 58
108300 65 84
108300 79 88
108600 0 48
108600 4 86
108600 9 63
108600 21 84
108600 52 87
108900 4 49
108900 29 53
108900 57 88
109200 8 26
109200 28 70
109500 24 58
109500 32 80
109500 67 76
109800 27 73
109800 29 53
109800 37 84
109800 49 86
109800 49 50
110100 39 58
110100 44 58
110100 49 58
110100 49 79
110100 49 88
110100 79 88
110100 79 84
110400 17 18
110400 29 61
110400 44 51
110700 29 53
110700 39 51
110700 53 63
110700 53 69
110700 66 69
111000 24 48
111000 57 76
111300 12 64
111300 12 45
111300 12 58
111300 17 18
111300 18 68
111300 34 58
111300 64 77
111600 37 84
111900 2 15
111900 3 14
111900 7 50
111900 9 62
111900 9 73
112200 53 70
112500 21 56
112500 24 48
112800 9 28
112800 9 63
112800 28 69
112800 37 77
113100 9 63
113100 9 73
113100 9 28
113100 9 69
113100 24 48
113100 28 70
113100 37 65
113100 53 70
113100 61 62
113400 28 53
113400 44 51
113700 17 18
113700 42 43
113700 45 58
114000 7 58
114000 21 84
114000 24 45
114000 56 60
114300 22 85
114300 29 53
114300 32 38
114600 45 83
114600 55 79
114600 58 72
114600 58 85
114600 80 85
114900 0 24
114900 0 48
114900 9 62
114900 15 67
114900 23 30
115200 14 48
115200 23 30
115200 24 48
115200 39 58
115200 45 58
115200 45 72
115200 58 72
115500 17 18
115800 9 62
115800 29 53
115800 37 58
115800 50 74
115800 57 88
116100 7 88
116100 9 62
116100 52 75
116400 14 72
116400 28 53
116700 49 55
117000 14 18
117000 25 58
117000 29 53
117000 35 75
117000 50 75
117000 53 63
117000 56 60
117300 19 62
117300 22 64
117300 77 82
117600 3 19
117600 3 14
117600 9 14
117600 19 42
117600 29 63
117900 29 53
118200 5 18
118200 11 24
118200 79 84
118500 0 24
118500 32 91
118500 57 60
118800 35 55
118800 50 74
119100 30 57
119100 51 90
119100 52 75
119100 56 59
119100 58 65
119100 59 78
119400 52 79
119700 9 62
119700 12 16
119700 35 75
119700 57 60
119700 57 88
119700 58 90
120000 11 84
120000 12 84
120000 16 33
120000 29 53
120000 42 43
120000 49 84
120000 49 58
120000 49 64
120000 58 84
120000 64 77
120000 79 88
120300 5 21
120300 21 84
120600 18 37
120600 23 30
120600 38 91
120900 14 48
120900 14 24
120900 24 48
120900 53 63
121200 7 16
121200 29 53
121200 49 52
121500 14 22
121800 25 36
121800 53 63
122100 24 32
122400 29 53
122700 1 84
122700 1 59
122700 6 84
122700 9 73
122700 20 84
122700 28 69
122700 67 84
122700 84 88
123000 3 45
123300 25 88
123300 29 53
123300 38 51
123300 45 58
123300 51 72
123600 35 75
123600 45 58
123900 25 84
123900 64 77
123900 75 79
124200 9 73
124200 9 62
124200 17 18
124200 50 74
124200 53 69
124500 35 75
124500 62 73
124800 4 48
124800 8 34
124800 8 90
124800 8 58
124800 11 24
124800 27 76
124800 27 81
124800 45 58
125100 5 24
125100 5 65
125100 9 66
125100 9 13
125100 24 32
125100 57 60
125400 1 78
125400 9 19
125400 19 42
125400 19 50
125400 33 88
125400 58 72
125400 62 73
125700 0 48
125700 4 50
125700 9 73
125700 9 62
125700 15 67
125700 52 75
125700 53 66
126000 24 48
126000 35 52
126000 39 45
126000 57 62
126300 28 84
126600 11 48
126600 12 49
126600 49 67
126600 58 65
126600 60 89
126900 9 63
126900 9 73
127200 22 64
127200 24 48
127500 0 24
127500 17 18
127500 79 87
127500 84 87
127800 34 86
128100 5 11
128100 14 48
128100 28 73
128100 29 53
128100 39 51
128100 61 71
128100 70 73
128400 32 85
128400 50 86
128700 15 33
129000 21 56
129000 24 48
129300 11 86
129300 12 86
129300 76 78
129600 22 64
129600 27 57
129600 44 51
129600 77 82
129900 35 75
129900 55 86
130200 7 81
130200 14 45
130200 57 60
130500 2 88
130500 7 58
130800 15 33
130800 46 76
130800 60 81
131100 7 33
131100 58 72
131100 64 77
131400 3 80
131700 7 27
131700 7 57
131700 27 77
131700 27 58
131700 58 77
132000 6 40
132000 9 62
132000 35 49
132000 55 74
132300 7 12
132300 23 29
132600 0 14
132600 18 45
132600 35 52
132900 22 64
132900 28 57
132900 37 58
133200 8 26
133200 42 59
133200 53 63
133500 7 12
133500 33 84
133500 72 85
133500 79 88
133800 2 60
133800 28 53
133800 39 58
133800 58 65
134100 37 58
134100 44 51
134400 11 26
134400 35 75
134700 62 73
135000 8 50
135000 9 62
135000 38 58
135000 38 45
135000 50 75
135300 12 43
135600 4 52
135600 8 26
135600 28 29
135600 29 70
135600 37 77
135600 38 39
135900 29 63
136200 9 62
136200 22 85
136200 29 53
136200 29 30
136200 50 86
136500 18 22
136500 22 85
136500 28 66
136500 80 85
136800 8 26
136800 44 51
137100 22 85
137400 15 33
137400 49 50
137700 23 29
137700 29 63
137700 31 71
137700 52 79
138000 14 37
138000 17 68
138300 8 26
138300 9 28
138300 9 62
138300 22 64
138300 28 73
138600 3 24
138600 14 45
138600 24 29
138600 24 53
138600 24 28
138600 29 53
138600 44 51
138900 6 40
138900 9 73
138900 9 61
138900 50 86
139200 0 48
139200 9 77
139200 9 62
139200 28 73
139200 44 51
139500 16 78
139500 28 73
139500 53 63
139500 70 73
139500 75 79
139800 9 73
139800 29 53
139800 53 73
140100 5 14
140100 29 70
140100 44 51
140400 9 62
140700 24 48
140700 46 84
140700 74 79
141000 5 72
141000 29 69
141000 29 53
141000 50 74
141000 53 69
141000 55 79
141300 13 88
141300 21 88
141300 29 53
141300 29 69
141300 45 83
141300 50 74
141300 55 79
141600 7 76
141600 9 63
141900 28 84
141900 39 51
142200 17 18
142500 5 18
142800 5 84
142800 22 77
142800 24 48
143100 24 69
143100 28 69
143400 0 45
143400 3 5
143400 9 29
143400 9 30
143400 9 70
143400 9 28
143700 2 15
143700 2 3
143700 2 48
143700 15 48
143700 24 48
143700 24 49
143700 35 75
143700 48 49
144000 9 28
144000 12 84
144000 55 87
144300 9 51
144300 9 39
144300 39 51
144600 24 31
144600 31 48
144600 81 88
144900 12 44
144900 17 56
145200 1 84
145200 5 18
145200 6 84
145200 7 84
145200 20 84
145200 28 30
145200 29 53
145200 32 38
145200 33 84
145200 67 84
145200 81 84
145200 84 88
145500 12 88
145500 17 18
145500 55 74
145800 0 14
145800 7 16
145800 8 60
145800 8 90
145800 9 62
145800 53 66
146100 9 63
146400 12 59
146400 50 86
146400 75 84
146700 14 47
146700 45 72
147000 3 80
147000 28 53
147000 49 55
147300 7 25
147300 22 64
147300 49 84
147300 50 84
147300 50 52
147300 52 84
147600 3 37
147600 9 30
147600 32 88
147900 17 68
147900 36 50
148200 9 69
148200 9 63
148200 24 48
148200 28 70
148200 53 70
148200 61 62
148500 35 75
148500 50 86
148800 0 65
148800 0 14
148800 22 64
148800 24 48
148800 44 51
149100 32 80
149100 50 74
149400 28 53
149700 7 16
149700 7 58
150000 22 32
150000 53 70
150300 29 63
150300 50 86
150600 5 80
150600 5 18
150600 18 80
150900 53 63
151200 0 24
151200 21 42
151200 22 38
151200 24 45
151200 25 28
151200 27 57
151200 67 76
151500 9 29
151500 14 48
151500 53 66
151800 11 44
151800 25 75
152100 3 5
152100 29 63
152400 44 51
152400 58 65
152700 21 84
152700 30 66
152700 55 86
153000 1 84
153000 5 18
153000 15 88
153000 15 40
153000 15 84
153000 18 32
153000 22 32
153000 23 69
153000 28 30
153000 29 53
153000 59 88
153000 59 84
153000 62 75
153000 81 84
153000 84 88
153300 7 88
153300 22 64
153300 59 67
153300 61 66
153600 42 43
153600 42 72
153600 42 58
153600 58 72
153900 9 62
153900 39 51
154200 7 12
154200 22 91
154200 24 32
154200 33 84
154200 79 88
154200 85 91
154500 0 48
154500 9 73
154500 15 67
154500 52 75
154800 4 87
154800 9 62
154800 22 85
154800 29 53
154800 36 50
154800 84 89
155100 6 40
155100 7 16
155400 1 76
155400 27 76
155400 35 79
155400 44 51
155400 77 82
155700 29 53
155700 57 88
156000 29 53
156300 28 69
156300 37 82
156600 15 33
156600 25 86
156900 6 40
157200 14 58
157200 21 61
157500 7 84
157500 8 26
157500 21 84
157500 31 71
157800 0 48
157800 8 90
157800 16 84
157800 29 53
158100 21 69
158100 58 85
158400 17 18
158400 32 38
158700 9 62
158700 9 17
158700 24 48
158700 76 88
159000 11 48
159000 49 84
159000 50 74
159000 75 88
159000 79 88
159300 7 12
159300 29 53
159300 45 83
159300 50 74
159600 5 18
159600 7 88
159600 8 26
159600 53 63
159900 24 48
159900 42 43
159900 44 45
159900 48 49
159900 53 70
159900 79 88
160200 11 44
160500 23 30
160500 42 76
160500 49 55
160800 52 79
161100 22 64
161100 35 79
161100 77 82
161400 8 39
161400 8 85
161400 9 62
161400 38 45
161700 11 24
161700 24 48
162000 32 38
162300 7 84
162300 24 84
162300 27 84
162300 33 84
162300 51 58
162600 7 46
162600 17 34
162600 17 18
162600 17 46
162600 32 85
162600 32 38
162600 35 75
162600 64 77
162900 15 33
163200 3 14
163200 7 88
163200 9 63
163200 9 28
163500 1 88
163500 1 59
163500 22 32
163800 6 88
163800 18 37
163800 22 85
163800 23 69
163800 28 62
164100 8 26
164100 26 80
164100 31 58
164100 39 85
164100 80 91
164400 29 53
164700 21 56
164700 22 64
164700 24 48
164700 35 79
164700 77 82
165000 44 51
165000 88 89
165300 8 16
165300 28 69
165600 29 70
165600 44 72
165600 53 70
165900 9 73
165900 9 62
166200 3 72
166200 3 83
166200 14 44
166200 44 51
166500 22 38
166500 25 28
166500 25 53
166500 28 53
166500 53 69
166800 5 54
166800 7 59
166800 9 62
166800 62 69
167100 14 58
167100 53 66
167400 53 62
167400 76 78
167700 35 52
168000 17 18
168000 21 56
168000 21 59
168000 24 48
168000 32 58
168300 11 69
168300 11 23
168300 23 69
168300 53 63
168600 9 63
168600 28 70
168600 35 75
168900 9 62
169200 3 22
169200 11 24
169200 42 79
169200 52 79
169200 55 79
169500 2 88
169500 7 88
169500 40 88
169500 40 84
169500 84 88
169800 17 34
169800 28 70
170100 7 84
170100 35 86
170100 35 50
170100 37 80
170100 37 50
170100 38 86
170100 50 75
170100 50 80
170400 69 70
170700 17 18
170700 18 68
170700 24 48
170700 32 58
171000 2 15
171000 7 16
171000 7 12
171000 12 16
171300 11 44
171300 19 28
171300 25 86
171300 35 75
171300 35 52
171300 45 65
171300 52 75
171600 7 25
171600 35 84
171600 52 84
171900 14 58
171900 21 76
172200 16 84
172200 28 69
172200 32 38
172200 35 50
172200 37 82
172200 37 77
172200 45 65
172500 9 62
172500 15 33
172500 35 75
172500 52 55
172500 60 81
172800 9 53
172800 29 53
172800 37 58
172800 50 86
172800 53 73
173100 7 25
173100 9 72
173100 22 64
173100 35 52
173400 1 33
173400 1 2
173400 1 6
173400 2 6
173400 6 84
173400 6 33
173400 10 84
173400 12 44
173400 33 44
173400 39 51
173400 51 58
173400 51 65
173400 56 84
173400 58 65
173400 67 84
173700 6 58
173700 6 7
173700 7 58
173700 8 14
173700 9 62
173700 14 37
173700 35 75
174000 3 44
174000 22 64
174000 44 51
174000 45 58
174300 1 59
174300 29 53
174300 75 79
174600 23 49
174600 25 49
174600 28 69
174600 37 77
174600 52 75
174600 53 61
174900 15 33
175200 7 84
175200 16 84
175200 25 84
175200 64 77
175500 14 85
175500 23 69
175500 23 31
175500 27 75
175500 31 69
175800 21 69
175800 29 63
176100 9 62
176100 11 44
176400 0 14
176400 14 37
176400 17 18
176400 28 30
176400 64 77
176700 12 60
176700 19 75
176700 35 75
176700 35 50
176700 50 75
176700 50 52
176700 52 75
177000 14 37
177000 35 87
177000 35 52
177000 44 51
177300 9 73
177600 29 53
177600 37 58
177900 0 45
177900 7 78
177900 7 21
177900 14 24
178200 19 86
178500 9 62
178500 35 75
178800 19 59
178800 19 76
178800 21 61
178800 24 45
178800 25 47
178800 27 57
178800 28 69
178800 44 51
178800 53 66
179100 2 15
179100 5 11
179100 14 19
179100 17 18
179100 19 79
179100 42 79
179400 8 83
179400 29 53
179400 44 51
179700 8 30
179700 8 90
179700 9 73
179700 15 67
179700 52 75
179700 53 73
180000 9 62
180000 16 76
180000 17 68
180000 21 61
180000 24 37
180000 35 75
180000 42 75
180000 45 90
180000 55 79
180000 59 76
180300 37 58
180300 44 52
180600 9 60
180600 15 33
180600 35 75
180900 24 45
180900 29 53
180900 37 58
180900 44 51
181200 12 42
181500 24 48
181500 29 30
181500 30 63
181500 47 58
181800 11 24
181800 19 59
181800 19 76
181800 37 72
181800 59 76
181800 70 73
182100 8 26
182100 29 53
182100 50 74
182100 53 69
182400 7 59
182400 8 90
182400 24 48
182400 79 86
182700 29 53
183000 1 78
183000 7 78
183000 21 76
183000 24 48
183000 77 82
183300 22 64
183300 24 48
183300 44 51
183300 77 82
183600 5 72
183600 5 37
183600 22 26
183600 22 37
183600 22 72
183600 26 37
183600 26 72
183600 29 53
183600 37 72
183600 53 63
183900 50 86
183900 52 84
183900 52 75
183900 59 76
183900 75 84
184200 16 61
184200 23 53
184200 28 69
184200 30 53
184500 9 62
184500 29 69
184500 50 74
184500 53 69
184500 55 79
184800 3 58
185100 11 44
185100 24 48
185400 5 18
185400 7 88
185400 16 88
185400 28 73
185400 29 53
185400 39 51
185400 49 86
185400 49 55
185400 55 86
185700 17 18
185700 22 32
185700 79 87
186000 3 44
186000 5 72
186000 7 58
186000 9 23
186300 25 86
186300 30 53
186300 53 77
186600 29 53
186600 69 70
186900 14 24
186900 76 78
187200 9 69
187200 9 66
187200 9 62
187200 12 57
187200 27 75
187200 50 74
187200 62 69
187200 80 85
187500 9 62
187500 9 53
187500 12 58
187500 12 44
187500 12 77
187500 39 65
187500 39 58
187500 44 65
187500 53 70
187500 58 65
187800 0 14
187800 9 62
187800 29 53
187800 37 58
188100 2 15
188100 2 33
188100 9 73
188100 9 62
188100 15 72
188100 29 63
188100 50 75
188100 58 86
188100 58 78
188100 58 59
188100 59 78
188100 72 86
188100 72 78
188100 72 75
188100 75 86
188400 17 84
188400 24 28
188400 29 53
188700 1 15
188700 29 63
188700 55 79
188700 56 87
188700 75 79
189000 4 50
189000 9 62
189000 23 30
189000 30 44
189000 35 52
189000 46 49
189000 49 86
189000 53 70
189300 5 11
189300 8 85
189300 9 62
189300 12 29
189300 22 51
189300 29 53
189300 38 45
189300 40 41
189300 50 75
189300 61 90
189600 7 27
189600 27 60
189600 27 57
189600 28 61
189600 29 53
189600 49 74
189600 57 60
189900 58 65
190200 5 85
190200 5 72
190200 55 86
190200 72 80
190200 80 85
190500 3 18
190500 7 58
190500 15 33
190800 53 66
191100 50 74
191400 9 73
191400 16 88
191400 21 69
191400 22 64
191400 53 70
191700 24 28
191700 29 53
191700 55 74
191700 76 81
192000 8 26
192000 9 62
192000 21 84
192300 5 11
192300 18 37
192300 29 53
192600 17 80
192600 21 84
192600 24 48
192600 35 75
192600 46 84
192900 0 48
192900 9 63
192900 32 71
193200 5 72
193200 49 55
193200 49 86
193200 55 86
193500 0 48
193500 8 90
193500 8 16
193500 29 53
193500 29 30
193500 62 73
193800 21 76
193800 21 69
193800 22 85
194100 5 37
194100 24 48
194100 24 31
194100 31 48
194400 22 80
194400 28 69
194400 53 70
194700 24 48
194700 26 31
195000 45 65
195300 14 58
195300 21 61
195600 1 78
195600 3 5
195600 29 63
195900 8 26
195900 26 32
195900 38 90
195900 38 85
195900 58 90
195900 58 85
195900 85 90
196200 9 62
196200 38 58
196200 38 45
196200 45 58
196500 49 84
196800 2 28
196800 5 22
196800 23 61
197100 8 26
197400 0 24
197400 4 84
197400 35 52
197400 55 79
197700 28 69
198000 29 53
198000 53 70
198000 59 76
198300 4 50
198300 4 52
198300 14 24
198300 21 69
198300 29 53
198600 14 58
198600 25 79
198900 7 27
198900 8 17
198900 8 51
198900 8 39
198900 8 14
198900 14 51
198900 14 90
198900 19 51
198900 39 51
198900 51 90
199200 17 68
199500 6 40
199500 12 44
199500 18 68
199500 28 30
199500 64 77
199800 14 24
199800 29 63
199800 35 75
199800 59 76
200100 17 68
200100 18 34
200100 35 75
200100 35 36
200100 36 75
200400 7 76
200400 12 16
200400 14 37
200400 27 81
200400 35 75
200700 5 34
200700 5 37
200700 7 27
200700 23 30
200700 30 34
201000 5 37
201000 5 13
201000 5 74
201000 9 62
201000 74 81
201300 2 15
201300 17 18
201300 35 75
201300 79 87
201600 29 53
201600 37 58
201900 21 61
201900 22 64
201900 57 88
202200 24 48
202500 19 78
202500 21 63
202500 29 53
202800 1 16
202800 8 26
203100 50 74
203100 53 69
203400 24 48
203700 9 23
203700 9 62
204000 11 23
204000 17 18
204000 23 69
204000 35 74
204000 62 73
204300 40 88
204300 55 74
204600 7 16
204600 9 29
204600 22 32
204600 52 55
204600 55 74
204900 5 39
204900 8 84
204900 9 31
204900 24 48
204900 29 53
204900 46 84
205200 15 33
205200 50 86
205200 60 81
205200 76 88
205500 3 53
205500 7 33
205500 11 56
205500 22 32
205500 22 45
205500 28 70
205500 44 51
205500 53 70
205500 53 61
205800 17 68
205800 42 50
206100 8 26
206100 53 63
206400 9 62
206400 77 82
206700 25 86
206700 29 53
206700 50 86
207000 11 48
207000 22 32
207000 58 65
207300 11 84
207300 14 71
207300 37 58
207300 50 86
207600 9 28
207600 9 63
207600 9 69
207600 28 69
207600 28 70
207900 0 24
207900 5 34
207900 23 29
207900 29 30
208200 21 69
208200 24 45
208500 5 72
208500 9 62
208500 49 86
208800 6 12
208800 6 26
208800 9 62
208800 9 26
208800 12 46
208800 14 24
209100 11 24
209100 49 55
209400 12 58
209400 58 72
209400 59 78
209400 65 72
209700 24 48
209700 31 32
210000 9 66
210000 9 62
210000 30 66
210000 50 74
210000 58 72
210300 29 53
210600 22 64
210600 24 48
210600 77 82
210900 21 69
210900 29 53
210900 75 79
211200 8 37
211200 37 82
211200 37 58
211200 58 82
211500 9 63
211500 9 28
211500 61 62
211800 29 53
211800 35 75
211800 42 50
212100 22 38
212400 29 70
212700 3 43
212700 29 53
213000 8 82
213000 9 19
213000 9 62
213000 22 39
213000 22 64
213000 37 58
213000 38 44
213300 3 8
213300 14 85
213300 19 79
213300 24 48
213300 45 65
213600 8 26
213600 42 43
213600 53 63
213900 17 68
213900 45 58
213900 63 70
213900 64 77
214200 62 73
214200 71 83
214500 9 62
214500 50 86
214800 28 69
214800 29 53
214800 44 51
215100 21 84
215100 22 85
215400 9 62
215400 9 19
215400 12 58
215400 14 37
215400 19 44
215400 21 61
215400 22 64
215400 29 53
215400 44 45
215400 44 58
215400 44 60
215400 53 63
215700 1 33
215700 11 72
215700 14 37
215700 64 77
216000 17 18
216000 35 75
216000 39 90
216300 5 24
216300 7 16
216300 8 26
216300 14 90
216300 18 37
216600 29 70
216600 29 69
216600 29 53
216600 53 63
216600 59 78
216600 85 91
216900 3 65
216900 9 73
216900 17 51
216900 51 68
217200 0 24
217500 9 73
217500 9 19
217500 33 88
217500 50 75
217800 9 66
217800 9 62
217800 9 73
217800 11 84
217800 62 73
218100 1 59
218100 6 88
218100 32 38
218400 22 50
218700 21 69
218700 21 61
218700 24 45
218700 30 66
218700 69 73
219000 9 66
219000 16 59
219000 50 59
219000 59 76
219300 7 78
219300 29 53
219600 35 75
219900 15 33
219900 23 61
220200 49 55
220200 49 86
220200 50 86
220200 52 55
220500 25 87
220800 24 48
220800 29 53
220800 35 75
221100 21 46
221100 21 26
221100 24 48
221100 26 31
221100 49 79
221100 75 79
221400 7 16
221400 7 25
221400 16 25
221700 4 86
221700 7 12
221700 9 28
221700 9 63
221700 37 58
221700 52 87
222000 7 58
222000 15 33
222000 44 52
222300 7 27
222600 0 24
222600 19 42
222600 19 50
222600 20 35
222600 22 32
222600 55 79
222600 84 87
222900 9 62
222900 16 84
222900 24 48
223200 0 45
223200 4 86
223200 29 91
223200 29 53
223200 53 63
223500 29 53
223500 37 58
223500 62 69
223800 1 16
223800 35 84
223800 35 52
224100 1 88
224100 9 73
224100 23 30
224100 29 63
224100 37 77
224100 62 73
224400 3 5
224400 29 63
224400 29 73
224400 50 88
224700 9 29
224700 29 62
224700 29 63
224700 62 73
224700 63 66
225000 9 28
225000 9 63
225300 8 26
225300 44 51
225600 24 28
225600 29 53
225900 45 65
225900 50 86
225900 55 74
226200 11 44
226200 44 53
226200 53 70
226500 23 30
226500 29 53
226500 29 30
226500 35 52
226500 37 84
226500 43 45
226500 44 51
226800 2 15
226800 9 73
226800 20 40
226800 40 75
226800 44 70
227100 8 26
227100 9 62
227100 9 73
227100 69 73
227400 22 77
227400 22 64
227700 2 10
227700 2 6
227700 6 10
228000 21 69
228000 21 61
228000 61 69
228300 24 48
228300 52 75
228300 69 70
228600 1 7
228600 9 73
228600 9 62
228600 14 51
228600 23 29
228600 28 29
228600 29 53
228600 49 55
228900 2 6
228900 5 51
228900 5 39
228900 6 10
228900 7 16
228900 9 62
228900 14 82
229200 22 38
229200 29 53
229200 29 30
229200 29 66
229200 30 53
229500 28 84
229500 39 51
229800 52 86
229800 63 70
230100 1 16
230100 1 59
230100 15 16
230100 16 59
230100 49 55
230100 55 79
230400 3 72
230400 22 38
230400 22 32
230700 18 37
230700 29 53
230700 35 55
230700 39 72
230700 80 85
231000 30 66
231000 32 91
231000 34 72
231000 53 63
231300 35 52
231300 44 77
231300 56 84
231600 14 39
231600 14 58
231900 9 62
231900 24 31
231900 24 48
231900 31 48
232200 44 51
232200 55 79
232500 21 84
232500 23 29
232500 51 65
232800 34 84
232800 35 75
232800 35 50
232800 37 84
232800 50 86
232800 75 86
233100 53 69
233100 61 69
233400 14 24
233400 14 58
233400 24 58
233700 4 36
233700 14 24
233700 27 56
233700 27 60
233700 28 53
233700 29 70
233700 29 53
233700 45 65
233700 65 72
234000 67 84
234300 1 78
234300 29 70
234300 45 65
234600 15 67
234600 30 66
234600 37 58
234600 37 77
234600 52 75
234600 62 73
234600 64 82
234600 65 82
234900 0 65
234900 14 65
234900 39 45
235200 2 10
235200 10 16
235200 10 33
235200 11 84
235200 12 44
235200 24 31
235200 39 51
235200 51 58
235200 58 65
235500 11 44
235500 11 30
235500 24 48
235800 29 53
236100 0 14
236400 31 71
236400 44 51
236400 53 63
236700 2 15
236700 9 73
236700 9 30
236700 29 63
236700 61 63
237000 9 73
237000 24 28
237000 29 53
237300 25 49
237300 55 79
237600 0 14
237600 12 88
237600 31 51
237600 51 71
237900 20 35
237900 29 61
237900 39 45
237900 42 79
237900 52 84
237900 56 84
237900 84 87
238200 0 48
238200 9 62
238200 15 67
238200 16 59
238200 24 48
238200 28 30
238200 28 69
238200 44 51
238200 52 75
238200 62 73
238500 15 33
238500 22 85
238500 22 32
238500 28 66
238500 53 63
238500 58 72
238800 28 69
238800 46 89
239100 26 32
239400 1 7
239400 17 18
239400 55 79
239400 75 79
239700 24 48
239700 26 31
239700 35 75
239700 37 91
240000 11 26
240000 35 75
240300 24 48
240300 31 91
240300 66 69
240600 19 50
240600 19 75
240600 27 60
240600 35 50
240600 35 75
240600 50 75
240900 28 29
240900 29 70
241200 3 5
241200 29 73
241200 50 86
241500 28 70
241800 15 33
242100 29 53
242400 29 63
242400 50 84
242400 58 65
242400 59 76
242400 76 81
242700 4 86
242700 52 86
243000 29 63
243300 67 84
243600 9 62
243600 15 33
243600 44 52
243600 62 73
243900 8 26
243900 29 53
243900 36 79
243900 36 55
243900 55 79
244200 28 84
244500 7 58
244500 29 53
244500 35 48
244500 55 79
244800 1 40
244800 2 12
244800 7 40
244800 12 72
244800 58 72
245100 9 73
245100 63 70
245400 9 62
245400 29 53
245400 57 88
245700 5 37
245700 5 34
245700 7 27
245700 7 88
245700 27 88
245700 34 37
246000 3 24
246000 15 33
246000 28 29
246000 44 51
246000 53 63
246300 14 58
246300 14 37
246300 22 91
246300 23 30
246300 38 80
246300 85 91
246600 5 75
246900 5 39
246900 14 58
246900 40 88
246900 49 55
247200 4 79
247200 37 58
247200 75 79
247500 31 71
247800 22 64
247800 24 48
247800 77 82
248100 29 53
248400 15 33
248400 60 81
248400 76 88
248700 7 12
248700 29 53
249000 17 34
249300 11 24
249300 11 51
249300 17 68
249300 22 64
249300 27 51
249300 27 68
249600 4 55
249900 7 12
249900 38 69
250200 23 30
250200 49 74
250200 49 55
250200 55 74
250200 69 73
250500 7 88
250800 5 14
250800 6 88
250800 14 24
250800 28 30
251100 22 85
251100 61 69
251400 28 62
251400 28 29
251400 29 53
251700 9 30
251700 29 53
251700 30 62
251700 37 77
251700 49 52
251700 52 84
252000 29 53
252300 9 73
252300 49 73
252300 50 86
252300 57 60
252600 12 44
252600 12 58
252600 12 77
252600 24 48
252600 58 65
252900 7 58
252900 12 15
252900 15 33
253200 9 73
253200 14 24
253200 59 76
253500 29 53
253500 59 76
253800 3 14
253800 21 84
253800 28 73
253800 29 70
253800 45 65
254100 0 24
254100 0 14
254100 14 24
254100 14 48
254100 22 77
254100 24 48
254100 45 48
254400 25 87
254700 4 50
254700 5 24
254700 7 57
254700 8 26
254700 9 62
254700 13 50
254700 14 90
254700 14 37
254700 32 80
254700 37 90
255000 4 86
255000 9 73
255000 9 62
255000 24 48
255300 9 63
255300 37 77
255600 9 62
255600 18 34
255600 21 66
255600 29 69
255600 45 83
255600 50 74
255600 55 79
255600 57 60
255900 9 62
255900 27 88
255900 28 69
255900 29 53
256200 28 69
256200 29 53
256200 37 82
256200 44 51
256500 37 58
256800 7 78
256800 16 25
256800 27 60
257100 9 73
257100 50 86
257400 28 29
257400 29 53
257400 35 52
257700 19 62
257700 21 56
257700 22 64
257700 77 82
258000 50 86
258300 42 84
258300 52 84
258300 53 63
258600 7 58
258600 7 25
258600 21 69
258600 25 58
258600 27 76
258600 28 66
258600 75 79
258600 76 78
258900 15 33
258900 23 30
258900 53 63
259200 14 72
259200 30 73
259200 30 69
259200 53 69
259500 12 78
259800 1 33
259800 1 7
259800 5 72
259800 24 45
259800 37 58
259800 58 65
260100 6 40
260100 9 30
260100 9 29
260100 28 29
260100 28 53
260100 29 53
260400 34 84
260400 35 75
260400 55 74
260400 67 84
260700 52 79
261000 2 84
261000 3 68
261000 9 62
261000 9 30
261000 24 48
261000 52 75
261000 62 73
261300 8 26
261300 9 62
261300 52 84
261600 9 62
261600 53 63
261900 3 14
261900 3 44
261900 9 73
261900 9 19
261900 9 62
261900 11 44
261900 19 73
261900 29 63
261900 62 73
261900 62 66
262200 9 62
262200 9 73
262200 17 18
262200 50 74
262200 53 69
262200 55 79
262500 11 57
262500 22 64
262500 29 30
262500 30 63
262500 47 58
262500 56 57
262800 63 70
263100 11 77
263100 12 27
263100 17 34
263100 22 48
263100 27 81
263100 27 48
263100 27 77
263100 48 64
263100 64 77
263400 5 39
263400 35 87
263400 35 86
263400 35 52
263700 3 5
263700 9 29
263700 11 48
263700 11 24
263700 24 48
263700 57 88
263700 74 86
264000 8 26
264000 49 74
264300 0 24
264600 24 48
264600 52 84
264600 53 63
264900 79 86
265200 58 65
265200 76 78
265200 76 81
265200 78 81
265500 23 69
265500 23 30
265500 29 53
265500 30 63
265500 30 53
265800 49 74
266100 17 68
266100 17 34
266100 34 68
266100 35 75
266100 36 75
266100 75 86
266400 9 23
266400 9 73
266400 14 24
266700 9 62
266700 22 32
266700 76 78
267000 14 24
267000 21 69
267000 29 53
267000 85 91
267300 35 75
267300 45 65
267300 56 86
267300 56 84
267300 84 86
267600 23 30
267600 24 48
267900 5 44
267900 11 44
267900 28 69
267900 29 70
267900 44 51
268200 28 62
268200 29 53
268200 45 85
268200 45 65
268500 28 53
268500 44 51
268800 28 70
269100 11 23
269400 28 30
269700 0 48
269700 0 14
269700 9 62
269700 18 68
269700 28 29
270000 21 76
270300 9 30
270300 9 28
270300 9 53
270300 17 18
270300 28 30
270300 28 73
270300 29 53
270300 44 51
270300 50 75
270600 0 45
270600 29 53
270600 37 58
270600 37 47
270900 1 16
270900 2 15
270900 31 71
270900 33 40
271200 29 53
271200 50 74
271200 52 86
271500 0 24
271500 50 86
271500 56 84
271800 5 18
271800 12 77
271800 12 64
271800 24 48
271800 64 77
272100 17 18
272100 29 63
272400 5 51
272400 5 35
272400 14 39
272400 17 51
272400 27 65
272400 27 72
272400 27 35
272400 27 75
272400 35 37
272400 35 45
272400 35 75
272400 45 58
272400 45 72
272400 51 68
272400 58 72
272700 4 50
272700 15 67
272700 28 69
272700 30 66
272700 44 51
272700 52 75
272700 55 86
273000 9 62
273000 29 53
273300 14 58
273300 21 40
273300 47 58
273600 3 68
273600 29 63
273900 21 28
273900 29 53
273900 67 78
274200 24 48
274200 24 45
274200 29 63
274200 29 70
274200 39 45
274200 42 50
274200 42 65
274200 45 72
274200 45 48
274500 14 24
274500 22 77
274800 9 28
274800 15 60
274800 16 76
274800 28 62
274800 35 50
274800 38 90
274800 39 65
274800 50 75
274800 85 90
275100 16 25
275100 52 87
275400 8 26
275400 50 74
275700 14 22
275700 14 39
275700 21 84
275700 30 90
275700 59 78
276000 44 86
276000 58 65
276300 12 88
276300 22 85
276300 55 74
276600 0 24
276600 20 84
276600 35 52
276600 35 84
276600 55 79
276600 56 87
276600 56 84
276900 9 62
276900 9 45
276900 12 57
276900 13 50
276900 14 85
276900 14 24
276900 27 75
276900 45 61
276900 45 83
276900 50 74
277200 17 68
277200 28 45
277200 44 45
277500 8 90
277500 8 58
277500 45 58
277500 70 73
277800 5 37
277800 35 75
277800 35 49
277800 46 57
278100 35 75
278100 35 52
278100 52 75
278400 19 73
278400 52 75
0 24 48
0 35 52
0 39 45
0 57 62
300 24 48
300 31 91
300 66 69
600 0 14
600 16 59
600 53 69
900 29 53
1200 2 10
1200 6 10
1200 6 12
1200 11 58
1200 16 53
1200 16 70
1200 39 65
1200 44 51
1200 51 58
1200 51 65
1200 53 70
1200 58 65
1200 67 84
1200 79 84
1200 84 86
1500 14 71
1500 44 51
1500 50 86
1800 5 14
1800 29 70
1800 44 51
2100 19 78
2100 21 63
2100 29 53
2400 9 62
2400 9 53
2400 12 58
2400 12 44
2400 12 77
2400 39 65
2400 39 58
2400 44 65
2400 53 70
2400 58 65
2700 14 65
2700 14 45
2700 22 64
2700 29 53
2700 39 58
2700 39 85
2700 46 89
2700 58 85
2700 58 65
3000 15 33
3300 1 33
3300 1 2
3300 1 6
3300 2 6
3300 6 84
3300 6 33
3300 10 84
3300 12 44
3300 33 44
3300 39 51
3300 51 58
3300 51 65
3300 56 84
3300 58 65
3300 67 84
3600 9 62
3600 9 45
3600 12 57
3600 13 50
3600 14 85
3600 14 24
3600 27 75
3600 45 61
3600 45 83
3600 50 74
3900 12 44
3900 17 56
4200 17 18
4200 29 61
4200 44 51
4500 9 62
4800 1 16
4800 8 26
5100 35 75
5100 45 65
5100 56 86
5100 56 84
5100 84 86
5400 7 27
5400 27 60
5400 27 57
5400 28 61
5400 29 53
5400 49 74
5400 57 60
5700 7 12
5700 33 84
5700 72 85
5700 79 88
6000 7 25
6000 22 64
6000 49 84
6000 50 84
6000 50 52
6000 52 84
6300 0 14
6300 7 16
6300 8 90
6300 8 60
6300 9 69
6300 17 68
6300 17 18
6600 14 24
6600 18 47
6900 29 53
6900 29 63
6900 45 65
6900 45 85
6900 58 65
7200 8 26
7200 26 80
7200 31 58
7200 39 85
7200 80 91
7500 9 62
7500 22 85
7500 29 53
7500 29 30
7500 50 86
7800 29 53
8100 14 58
8100 22 38
8400 7 78
8400 16 25
8400 27 60
8700 8 26
8700 26 32
8700 38 90
8700 38 85
8700 58 90
8700 58 85
8700 85 90
9000 7 25
9000 28 69
9300 3 51
9300 3 23
9300 23 49
9300 28 69
9300 42 51
9300 52 75
9300 80 90
9600 11 44
9600 25 75
9900 9 73
10200 53 70
10500 22 64
10500 24 48
10500 77 82
10800 22 64
10800 42 52
11100 0 65
11100 14 65
11100 39 45
11400 7 81
11400 14 45
11400 57 60
11700 8 58
11700 14 58
11700 19 27
11700 27 50
11700 27 84
11700 27 35
11700 27 52
11700 27 75
11700 35 75
11700 35 38
11700 45 58
11700 58 72
12000 11 48
12000 49 84
12000 50 74
12000 75 88
12000 79 88
12300 21 69
12300 29 53
12300 75 79
12600 5 18
12600 7 88
12600 8 26
12600 53 63
12900 9 28
12900 9 63
12900 9 69
12900 28 69
12900 28 70
13200 9 62
13200 17 68
13200 18 68
13500 25 84
13500 64 77
13500 75 79
13800 9 73
14100 29 53
14400 3 14
14400 3 44
14400 9 73
14400 9 19
14400 9 62
14400 11 44
14400 19 73
14400 29 63
14400 62 73
14400 62 66
14700 14 37
14700 35 87
14700 35 52
14700 44 51
15000 3 43
15000 29 53
15300 3 18
15300 7 58
15300 15 33
15600 7 84
15600 16 84
15600 25 84
15600 64 77
15900 21 28
15900 29 53
15900 67 78
16200 0 24
16200 4 84
16200 35 52
16200 55 79
16500 45 58
16500 45 72
16500 63 70
16800 1 40
16800 1 6
16800 6 60
16800 27 84
16800 44 65
16800 58 65
17100 14 24
17100 14 58
17100 24 58
17400 28 84
17400 35 75
17400 39 51
17400 55 75
17700 22 38
17700 29 53
17700 29 30
17700 29 66
17700 30 53
18000 29 63
18300 3 58
18300 29 63
18300 37 58
18300 50 75
18600 17 68
18600 42 50
18900 0 14
18900 9 62
18900 12 32
18900 17 51
18900 21 56
18900 24 45
18900 28 62
18900 56 60
19200 5 18
19200 29 90
19200 44 51
19200 45 64
19200 81 88
19500 3 68
19500 29 63
19800 14 22
20100 5 18
20100 7 88
20100 16 88
20100 28 73
20100 29 53
20100 39 51
20100 49 86
20100 49 55
20100 55 86
20400 9 62
20400 35 75
20700 9 28
20700 9 69
20700 9 63
20700 17 68
20700 28 73
20700 28 70
20700 28 30
20700 28 69
20700 30 62
20700 35 75
20700 53 62
20700 53 70
20700 61 62
21000 51 54
21000 63 89
21300 11 84
21300 14 71
21300 37 58
21300 50 86
21600 12 44
21600 58 65
21900 22 64
21900 24 48
21900 44 51
21900 52 87
21900 77 82
22200 16 46
22200 35 84
22200 44 51
22200 57 88
22500 7 84
22500 35 86
22500 35 50
22500 37 80
22500 37 50
22500 38 86
22500 50 75
22500 50 80
22800 8 26
22800 42 59
22800 53 63
23100 28 69
23100 65 91
23400 29 53
23400 37 58
23400 44 51
23400 67 76
23700 4 52
23700 8 26
23700 28 29
23700 29 70
23700 37 77
23700 38 39
24000 22 80
24000 28 69
24000 53 70
24300 5 14
24600 8 37
24600 37 82
24600 37 58
24600 58 82
24900 69 70
25200 14 58
25200 25 79
25500 22 77
25500 22 64
25800 24 48
26100 7 12
26100 22 32
26400 7 76
26700 14 18
26700 25 58
26700 29 53
26700 35 75
26700 50 75
26700 53 63
26700 56 60
27000 1 88
27000 5 51
27000 7 81
27000 7 88
27000 29 53
27000 39 51
27000 49 67
27000 55 86
27300 11 23
27300 23 69
27300 45 58
27600 28 62
27600 28 29
27600 29 53
27900 15 33
28200 21 69
28200 21 61
28200 61 69
28500 22 64
28500 27 57
28500 44 51
28500 77 82
28800 9 62
28800 23 53
28800 23 73
28800 28 53
28800 28 73
28800 29 53
28800 39 51
29100 29 53
29400 24 48
29400 26 31
29700 64 77
30000 9 62
30300 7 16
30300 7 84
30300 7 25
30300 16 84
30300 16 25
30300 25 84
30300 50 84
30600 11 69
30600 11 23
30600 23 69
30600 53 63
30900 44 51
30900 55 79
31200 29 53
31500 24 48
31500 42 43
31500 44 45
31500 48 49
31500 53 70
31500 79 88
31800 9 73
31800 29 53
31800 53 73
32100 7 88
32100 22 64
32100 59 67
32100 61 66
32400 27 73
32400 29 53
32400 37 84
32400 49 86
32400 49 50
32700 1 16
32700 35 84
32700 35 52
33000 15 33
33300 49 74
33600 7 16
33600 7 25
33600 16 25
33600 17 18
33600 30 66
33900 34 84
33900 58 72
33900 80 85
34200 11 23
34500 67 84
34800 29 53
34800 50 74
34800 52 86
35100 28 69
35100 29 53
35100 37 82
35100 44 51
35400 9 62
35400 53 63
35700 0 65
35700 0 14
35700 22 64
35700 24 48
35700 44 51
36000 28 70
36300 7 16
36300 9 29
36300 22 32
36300 52 55
36300 55 74
36600 14 37
36600 37 58
36600 44 51
36900 4 55
37200 7 86
37500 6 40
37500 7 16
37800 9 73
37800 9 62
37800 50 74
38100 49 55
38400 44 86
38400 58 65
38700 37 58
38700 53 66
38700 53 61
38700 53 70
38700 62 73
39000 28 84
39300 44 51
39300 88 89
39600 12 59
39600 20 84
39600 37 58
39600 59 76
39900 2 28
39900 5 22
39900 23 61
40200 0 48
40200 9 63
40200 32 71
40500 21 69
40500 21 61
40500 24 45
40500 30 66
40500 69 73
40800 17 68
40800 17 34
40800 34 68
40800 35 75
40800 36 75
40800 75 86
41100 22 64
41100 35 79
41100 77 82
41400 3 14
41400 7 88
41400 9 63
41400 9 28
41700 9 62
41700 39 51
42000 42 51
42000 46 60
42000 53 70
42300 14 24
42300 29 63
42300 35 75
42300 59 76
42600 29 53
42600 29 63
42900 9 73
42900 29 69
42900 29 53
42900 37 58
42900 50 74
42900 53 69
43200 9 62
43200 15 33
43200 44 52
43200 62 73
43500 12 60
43500 19 75
43500 35 75
43500 35 50
43500 50 75
43500 50 52
43500 52 75
43800 37 58
43800 44 51
44100 27 60
44100 29 63
44400 17 68
44400 36 50
44700 17 68
44700 29 53
44700 35 49
44700 57 60
45000 22 38
45000 25 28
45000 25 53
45000 28 53
45000 53 69
45300 6 40
45300 9 30
45300 9 29
45300 28 29
45300 28 53
45300 29 53
45600 29 63
45600 50 84
45600 58 65
45600 59 76
45600 76 81
45900 35 75
45900 44 51
46200 11 24
46500 5 47
46500 9 28
46500 9 63
46500 9 69
46500 9 73
46500 9 62
46500 24 48
46500 28 73
46800 28 70
47100 23 30
47100 49 74
47100 49 55
47100 55 74
47100 69 73
47400 21 76
47700 22 85
47700 76 78
48000 8 26
48000 9 62
48000 9 28
48000 28 73
48000 28 62
48000 50 52
48000 50 86
48300 30 66
48300 32 91
48300 34 72
48300 53 63
48600 1 78
48600 3 5
48600 29 63
48900 1 76
48900 19 76
48900 22 64
48900 35 79
48900 77 82
49200 21 27
49200 21 59
49200 34 45
49200 54 71
49500 15 33
49800 4 86
49800 23 29
49800 29 53
50100 9 62
50100 17 18
50100 50 86
50100 79 87
50400 9 73
50400 11 23
50400 17 18
50400 22 85
50700 1 88
50700 9 62
50700 9 69
50700 9 66
50700 27 88
50700 28 69
50700 29 30
50700 30 66
51000 25 88
51000 29 53
51000 38 51
51000 45 58
51000 51 72
51300 28 29
51300 29 53
51300 35 52
51600 9 29
51600 14 48
51600 53 66
51900 35 75
52200 18 47
52200 18 37
52200 58 65
52500 9 62
52500 22 32
52500 76 78
52800 5 72
52800 29 69
52800 29 53
52800 50 74
52800 53 69
52800 55 79
53100 7 16
53100 7 58
53400 28 53
53400 44 51
53700 15 60
53700 21 60
53700 85 90
54000 8 26
54000 23 30
54000 23 53
54000 29 53
54000 30 53
54000 39 58
54300 9 63
54300 9 28
54300 61 62
54600 14 58
54600 21 61
54900 20 35
54900 39 45
54900 42 79
55200 8 26
55200 14 44
55200 52 79
55500 2 28
55500 5 22
55500 22 85
55800 14 85
55800 23 69
55800 23 31
55800 27 75
55800 31 69
56100 5 85
56100 76 78
56400 1 6
56400 1 33
56400 1 40
56400 1 10
56400 1 16
56400 2 10
56400 5 39
56400 6 40
56400 6 10
56400 10 40
56400 10 38
56400 10 16
56400 12 44
56400 12 77
56400 16 33
56400 24 48
56400 33 40
56400 38 45
56400 38 85
56400 45 85
56700 3 11
56700 28 76
56700 57 76
57000 62 73
57000 71 83
57300 0 24
57300 32 91
57300 57 60
57600 3 72
57600 22 32
57600 52 79
57600 62 73
57600 79 86
57900 29 53
58200 14 48
58200 14 24
58200 24 48
58200 53 63
58500 5 80
58500 5 18
58500 18 80
58800 6 58
58800 6 7
58800 7 58
58800 8 14
58800 9 62
58800 14 37
58800 35 75
59100 9 62
59100 18 90
59100 23 30
59100 50 60
59100 50 57
59100 57 88
59400 9 62
59400 29 53
59700 2 10
59700 10 16
59700 10 33
59700 11 84
59700 12 44
59700 24 31
59700 39 51
59700 51 58
59700 58 65
60000 8 26
60000 22 71
60000 38 85
60000 38 90
60000 39 65
60000 58 85
60000 72 90
60300 19 62
60300 21 56
60300 22 64
60300 77 82
60600 5 18
60600 12 77
60600 12 44
60600 12 64
60600 24 48
60600 39 65
60600 44 65
60900 53 63
61200 9 29
61200 29 62
61200 29 63
61200 62 73
61200 63 66
61500 7 27
61500 8 17
61500 8 51
61500 8 39
61500 8 14
61500 14 51
61500 14 90
61500 19 51
61500 39 51
61500 51 90
61800 7 78
61800 29 53
62100 31 71
62100 44 51
62100 53 63
62400 20 40
62400 29 53
62700 24 48
62700 29 53
62700 35 75
63000 28 53
63300 28 70
63600 9 23
63600 9 62
63900 11 26
63900 35 75
64200 9 73
64200 29 63
64500 8 82
64500 9 19
64500 9 62
64500 22 39
64500 22 64
64500 37 58
64500 38 44
64800 0 48
64800 4 86
64800 9 63
64800 21 84
64800 52 87
65100 11 23
65100 17 18
65100 23 69
65100 35 74
65100 62 73
65400 24 58
65700 28 69
65700 30 66
65700 52 75
66000 1 7
66000 1 27
66000 7 27
66000 14 37
66000 29 53
66300 7 78
66300 8 26
66300 14 24
66300 14 64
66300 17 68
66300 29 53
66600 12 42
66900 11 77
66900 12 27
66900 17 34
66900 22 48
66900 27 81
66900 27 48
66900 27 77
66900 48 64
66900 64 77
67200 8 90
67200 8 58
67200 45 58
67200 70 73
67500 17 18
67500 45 65
67800 17 68
67800 28 45
67800 44 45
68100 26 32
68100 57 60
68400 17 18
68400 22 32
68400 79 87
68400 84 87
68700 24 48
69000 9 19
69000 9 62
69000 9 73
69000 19 73
69000 45 65
69000 62 73
69300 9 29
69300 11 48
69300 27 81
69300 57 88
69600 7 84
69600 44 65
69600 58 65
69900 6 12
69900 6 26
69900 9 62
69900 9 26
69900 12 46
69900 14 24
70200 45 72
70500 9 62
70500 29 53
70500 50 74
70500 58 72
70800 45 65
70800 50 86
70800 55 74
71100 55 79
71400 39 72
71700 1 59
71700 29 53
71700 75 79
72000 21 84
72300 11 44
72300 24 63
72300 37 82
72300 86 91
72600 29 53
72600 52 86
72900 12 58
72900 39 58
72900 79 88
73200 29 53
73200 51 65
73500 8 26
73500 53 63
73800 12 88
73800 22 85
73800 55 74
74100 16 84
74100 28 69
74100 32 38
74100 35 50
74100 37 82
74100 37 77
74100 45 65
74400 7 76
74400 12 16
74400 14 37
74400 27 81
74400 35 75
74700 0 14
74700 7 16
74700 8 60
74700 8 90
74700 9 62
74700 53 66
75000 5 18
75000 35 50
75000 42 50
75000 50 86
75300 3 80
75600 14 37
75600 17 68
75900 14 24
75900 22 77
76200 9 73
76200 45 70
76200 52 84
76200 53 70
76500 23 30
76500 24 48
76800 37 58
76800 44 52
77100 2 10
77100 2 6
77100 6 10
77400 28 69
77400 46 89
77700 2 15
77700 2 33
77700 9 73
77700 9 62
77700 15 72
77700 29 63
77700 50 75
77700 58 86
77700 58 78
77700 58 59
77700 59 78
77700 72 86
77700 72 78
77700 72 75
77700 75 86
78000 35 75
78000 35 52
78000 52 75
78300 50 86
78600 5 11
78600 8 85
78600 9 62
78600 12 29
78600 22 51
78600 29 53
78600 38 45
78600 40 41
78600 50 75
78600 61 90
78900 3 83
78900 50 74
79200 22 64
79200 28 57
79200 37 58
79500 7 78
79500 20 35
79500 29 73
79500 35 52
79500 56 87
79500 56 84
79500 63 70
79500 84 87
79800 9 73
79800 63 70
80100 5 75
80400 16 25
80400 52 87
80700 7 78
80700 7 59
80700 20 52
80700 20 35
80700 25 35
80700 28 40
80700 28 73
80700 35 52
80700 35 84
80700 35 87
80700 40 84
80700 42 79
80700 52 84
80700 56 87
80700 56 84
81000 22 64
81000 24 48
81000 77 82
81300 14 24
81600 24 48
81600 26 71
81600 29 53
81600 35 75
81900 1 7
81900 7 40
81900 33 59
82200 0 14
82200 14 37
82200 17 18
82200 37 82
82500 7 16
82500 29 53
82500 45 58
82800 1 78
82800 7 78
82800 21 76
82800 24 48
82800 77 82
83100 2 28
83100 2 39
83100 11 34
83100 28 38
83100 61 86
83100 77 86
83400 9 28
83400 12 84
83400 55 87
83700 5 72
83700 5 37
83700 22 26
83700 22 37
83700 22 72
83700 26 37
83700 26 72
83700 29 53
83700 37 72
83700 53 63
84000 7 58
84300 1 40
84300 2 12
84300 7 40
84300 12 72
84300 58 72
84600 5 14
84600 9 62
84600 37 58
84600 44 45
84900 42 86
84900 55 86
85200 28 69
85200 37 82
85500 29 53
85800 7 46
85800 17 34
85800 17 18
85800 17 46
85800 32 85
85800 32 38
85800 35 75
85800 64 77
86100 8 26
86100 9 62
86100 9 73
86100 69 73
86400 25 87
86700 5 37
86700 5 34
86700 7 27
86700 7 88
86700 27 88
86700 34 37
87000 17 68
87000 45 58
87000 63 70
87000 64 77
87300 29 53
87300 35 75
87300 42 50
87600 24 28
87600 29 53
87600 55 74
87600 76 81
87900 28 69
87900 29 53
87900 44 51
88200 9 62
88200 16 76
88200 17 68
88200 21 61
88200 24 37
88200 35 75
88200 42 75
88200 45 90
88200 55 79
88200 59 76
88500 17 18
88800 7 25
88800 9 66
88800 22 64
89100 1 12
89100 5 45
89100 9 73
89100 9 62
89400 23 53
89400 28 69
89400 35 52
89400 46 50
89400 50 86
89400 53 70
89700 16 61
89700 23 53
89700 28 69
89700 30 53
90000 7 12
90000 38 69
90300 12 56
90300 56 58
90600 4 87
90600 9 62
90600 22 85
90600 29 53
90600 36 50
90600 84 89
90900 29 63
90900 50 86
91200 12 88
91200 17 18
91200 55 74
91500 30 57
91500 51 90
91500 52 75
91500 56 59
91500 58 65
91500 59 78
91800 1 27
91800 1 7
91800 6 27
91800 6 7
91800 27 33
91800 29 63
91800 37 58
91800 44 65
92100 24 28
92100 29 53
92400 0 48
92400 8 90
92400 29 53
92700 50 86
93000 23 29
93300 8 26
93300 44 51
93600 15 33
93600 22 85
93600 22 32
93600 28 66
93600 53 63
93600 58 72
93900 15 27
93900 23 30
93900 29 71
93900 37 58
94200 7 88
94200 17 51
94200 29 53
94200 29 63
94200 39 51
94500 8 16
94500 28 69
94800 25 49
94800 55 79
95100 12 44
95100 12 58
95100 12 77
95100 24 48
95100 58 65
95400 0 48
95400 9 69
95400 9 43
95400 9 73
95400 15 67
95400 23 69
95400 30 66
95400 44 51
95400 52 75
95400 62 73
95400 69 73
95700 11 26
95700 35 75
96000 4 50
96000 5 24
96000 7 57
96000 8 26
96000 9 62
96000 13 50
96000 14 90
96000 14 37
96000 32 80
96000 37 90
96300 7 58
96300 21 84
96300 24 45
96300 56 60
96600 2 39
96600 5 48
96600 12 48
96600 12 14
96600 12 20
96600 14 20
96600 14 58
96600 14 78
96600 20 58
96600 20 78
96600 24 87
96600 29 39
96600 31 58
96600 58 78
96900 9 73
96900 9 62
96900 17 18
96900 50 74
96900 53 69
97200 27 60
97200 29 63
97200 37 58
97200 50 75
97500 11 16
97500 35 51
97500 35 84
97500 40 57
97500 44 51
97500 44 45
97500 45 51
97500 53 70
97500 56 88
97500 57 88
97800 11 44
97800 63 70
98100 3 68
98100 9 62
98100 28 69
98100 37 77
98100 52 75
98100 62 73
98400 37 58
98400 50 86
98700 7 21
98700 7 78
98700 17 68
98700 21 78
98700 29 53
98700 36 50
99000 15 33
99000 23 30
99000 53 63
99300 17 34
99300 28 70
99600 12 77
99600 12 84
99600 26 32
99600 77 84
99900 49 55
99900 50 86
100200 42 84
100200 52 84
100200 53 63
100500 24 48
100500 57 76
100800 0 48
100800 4 50
100800 9 62
100800 9 73
100800 15 67
100800 52 75
101100 24 48
101100 29 30
101100 30 63
101100 47 58
101400 23 49
101400 25 49
101400 28 69
101400 37 77
101400 52 75
101400 53 61
101700 7 58
101700 21 69
101700 36 50
102000 14 72
102000 14 34
102000 14 85
102000 24 48
102000 27 75
102000 27 35
102000 35 75
102300 9 63
102300 9 73
102600 0 24
102600 17 18
102600 79 87
102600 84 87
102900 11 24
102900 23 30
102900 50 86
102900 84 88
103200 30 53
103200 58 72
103500 5 22
103500 23 61
103800 14 58
103800 14 37
103800 22 91
103800 23 30
103800 38 80
103800 85 91
104100 9 30
104100 12 76
104100 21 56
104100 22 64
104100 38 45
104100 56 76
104400 5 39
104400 35 87
104400 35 86
104400 35 52
104700 35 55
104700 50 74
105000 29 70
105300 11 24
105300 11 51
105300 17 68
105300 22 64
105300 27 51
105300 27 68
105600 24 32
105900 9 73
105900 9 62
106200 1 84
106200 5 18
106200 6 84
106200 7 84
106200 20 84
106200 28 30
106200 29 53
106200 32 38
106200 33 84
106200 67 84
106200 81 84
106200 84 88
106500 3 14
106500 4 86
106500 7 12
106500 9 28
106800 2 15
106800 23 30
107100 9 62
107100 16 84
107100 24 48
107400 21 69
107400 58 85
107700 0 48
107700 0 14
107700 9 62
107700 18 68
107700 28 29
108000 29 70
108000 44 72
108000 53 70
108300 3 5
108300 29 63
108600 52 79
108900 11 44
108900 44 53
108900 53 70
109200 8 26
109200 53 63
109500 8 26
109500 50 74
109800 28 70
110100 29 69
110100 66 69
110400 8 26
110400 9 62
110400 52 84
110700 4 36
110700 14 24
110700 27 56
110700 27 60
110700 28 53
110700 29 70
110700 29 53
110700 45 65
110700 65 72
111000 2 15
111000 7 16
111000 7 12
111000 12 16
111300 15 33
111300 25 86
111600 29 53
111600 30 62
111600 49 52
111900 9 69
111900 9 66
111900 9 62
111900 12 57
111900 27 75
111900 50 74
111900 62 69
111900 80 85
112200 3 80
112200 28 53
112200 49 55
112500 1 76
112500 27 76
112500 35 79
112500 44 51
112500 77 82
112800 29 53
113100 17 18
113100 42 43
113100 45 58
113400 7 58
113400 9 73
113400 24 35
113400 29 53
113400 35 48
113400 42 55
113400 49 52
113700 26 32
114000 2 60
114000 28 53
114000 39 58
114000 58 65
114300 8 85
114300 8 37
114300 9 62
114300 21 61
114300 59 76
114600 4 86
114600 7 12
114600 9 28
114600 9 63
114600 37 58
114600 52 87
114900 17 68
114900 22 85
114900 26 37
114900 28 70
114900 37 72
114900 55 86
115200 23 69
115200 23 30
115200 29 53
115200 30 63
115200 30 53
115500 29 63
115800 22 64
115800 40 88
115800 44 51
115800 67 78
116100 15 33
116100 25 55
116100 56 60
116400 9 63
116400 28 70
116400 35 75
116700 19 86
117000 3 14
117000 19 24
117000 24 48
117000 53 70
117300 29 53
117300 69 70
117600 17 34
117900 5 37
117900 5 13
117900 5 74
117900 9 62
117900 74 81
118200 23 69
118500 35 75
118500 35 52
118800 7 12
118800 29 53
119100 37 58
119400 3 72
119400 22 38
119400 22 32
119700 3 85
119700 22 85
120000 24 48
120000 52 84
120000 53 63
120300 9 63
120300 9 28
120600 21 69
120600 24 45
120900 11 24
120900 24 48
121200 11 84
121200 12 84
121200 16 33
121200 29 53
121200 42 43
121200 49 84
121200 49 58
121200 49 64
121200 58 84
121200 64 77
121200 79 88
121500 7 56
121500 9 62
121800 1 78
121800 9 19
121800 19 42
121800 19 50
121800 33 88
121800 58 72
121800 62 73
122100 7 88
122100 9 62
122100 52 75
122400 52 86
122400 63 70
122700 3 5
122700 29 73
122700 50 86
123000 9 73
123000 14 24
123000 59 76
123300 17 18
123300 22 58
123300 22 32
123300 32 58
123600 3 85
123600 50 86
123900 3 5
123900 9 29
123900 11 48
123900 11 24
123900 24 48
123900 57 88
123900 74 86
124200 18 37
124200 29 53
124200 35 55
124200 39 72
124200 80 85
124500 29 53
124500 50 86
124800 7 88
125100 14 22
125100 14 39
125100 21 84
125100 30 90
125100 59 78
125400 7 88
125400 9 62
125400 29 53
125700 0 14
125700 41 79
125700 53 69
125700 77 82
126000 5 72
126000 49 55
126000 49 86
126000 55 86
126300 3 5
126300 29 63
126300 29 73
126300 50 88
126600 8 79
126600 14 24
126600 21 69
126600 29 53
126600 45 58
126900 7 58
126900 24 48
126900 29 53
126900 49 52
127200 2 15
127200 9 73
127200 20 40
127200 40 75
127200 44 70
127500 1 65
127500 8 39
127500 8 85
127500 9 62
127500 14 45
127500 29 63
127500 38 45
127500 41 86
127500 50 75
127500 53 70
127500 75 79
127800 24 48
127800 46 84
127800 74 79
128100 12 58
128100 58 72
128100 59 78
128100 65 72
128400 29 53
128400 57 88
128700 29 53
128700 46 89
128700 69 70
129000 9 62
129000 29 53
129000 37 58
129000 50 74
129000 57 88
129300 15 33
129300 50 86
129300 60 81
129300 76 88
129600 24 48
129600 46 84
129600 79 86
129900 28 30
130200 22 64
130500 29 53
130800 0 48
130800 8 90
130800 8 16
130800 29 53
130800 29 30
130800 62 73
131100 9 62
131100 29 69
131100 50 74
131100 53 69
131100 55 79
131400 9 73
131400 24 28
131400 29 53
131700 35 75
131700 55 86
132000 3 18
132000 9 62
132000 18 65
132000 29 53
132300 5 11
132300 14 48
132300 28 73
132300 29 53
132300 39 51
132300 61 71
132300 70 73
132600 24 31
132600 31 48
132600 81 88
132900 19 62
132900 22 64
132900 77 82
133200 7 58
133200 15 33
133200 44 52
133500 23 29
133500 29 63
133500 31 71
133500 52 79
133800 21 56
133800 24 48
134100 5 18
134100 12 77
134100 12 64
134100 24 48
134100 64 77
134400 2 15
134400 17 18
134400 35 75
134400 79 87
134700 52 79
135000 0 14
135000 0 3
135000 3 14
135000 7 78
135300 14 47
135300 45 72
135600 7 25
135600 16 25
135600 30 66
135900 9 73
136200 22 72
136200 28 69
136500 7 76
136500 8 26
136500 15 33
136500 23 29
136500 29 53
136500 53 63
136800 9 62
136800 9 19
136800 12 58
136800 14 37
136800 19 44
136800 21 61
136800 22 64
136800 29 53
136800 44 45
136800 44 58
136800 44 60
136800 53 63
137100 29 53
137100 37 58
137100 50 86
137100 51 65
137400 21 56
137400 24 48
137700 7 25
137700 35 84
137700 52 84
138000 3 24
138000 14 45
138000 24 29
138000 24 53
138000 24 28
138000 29 53
138000 44 51
138300 28 73
138300 62 73
138300 67 84
138300 67 76
138600 14 24
138600 76 78
138900 29 53
139200 0 14
139500 29 63
139800 2 10
139800 2 40
139800 6 10
139800 21 88
139800 44 51
139800 57 88
140100 0 24
140400 9 73
140400 50 86
140700 11 44
141000 14 72
141000 28 53
141300 17 80
141300 21 84
141300 24 48
141300 35 75
141300 46 84
141600 5 54
141600 7 59
141600 9 62
141600 62 69
141900 4 52
141900 9 73
141900 9 69
141900 9 62
141900 29 53
141900 52 55
141900 55 79
141900 67 76
142200 9 73
142200 16 88
142200 21 69
142200 22 64
142200 53 70
142500 29 53
142800 8 26
142800 49 74
143100 8 26
143400 3 24
143400 15 33
143400 28 29
143400 44 51
143400 53 63
143700 3 58
144000 3 22
144000 11 24
144000 42 79
144000 52 79
144000 55 79
144300 11 23
144600 9 28
144600 15 60
144600 16 76
144600 28 62
144600 35 50
144600 38 90
144600 39 65
144600 50 75
144600 85 90
144900 0 14
144900 7 78
144900 9 62
144900 21 84
144900 21 56
144900 29 53
144900 52 87
145200 5 37
145200 35 75
145200 35 49
145200 46 57
145500 0 48
145500 8 90
145500 9 80
145500 9 30
145500 15 67
145500 24 48
145500 30 53
145500 53 73
145500 53 62
145800 29 53
146100 0 48
146100 8 90
146100 16 84
146100 29 53
146400 0 14
146400 14 37
146400 17 18
146400 28 30
146400 64 77
146700 22 50
147000 4 79
147000 16 84
147300 8 26
147300 29 53
147300 36 79
147300 36 55
147300 55 79
147600 29 63
147600 37 77
147600 55 86
147900 16 84
147900 28 73
147900 44 51
148200 21 46
148200 24 48
148200 26 31
148200 75 79
148500 9 62
148500 36 55
148500 36 79
148500 55 79
148800 11 86
148800 12 86
148800 76 78
149100 28 69
149100 29 70
149100 44 51
149400 53 70
149700 24 45
149700 55 79
149700 69 73
150000 2 6
150000 5 51
150000 5 39
150000 6 10
150000 7 16
150000 9 62
150000 14 82
150300 6 40
150300 15 33
150300 38 45
150300 44 52
150600 53 66
150900 40 56
151200 24 58
151200 28 84
151200 28 62
151500 15 33
151500 49 50
151800 9 62
151800 29 73
151800 29 63
152100 7 58
152100 19 76
152100 21 69
152100 28 73
152100 59 76
152400 9 62
152400 50 86
152700 1 6
152700 1 59
152700 1 88
152700 7 81
152700 29 53
153000 17 18
153000 18 68
153000 24 48
153000 32 58
153300 21 84
153300 23 29
153300 51 65
153600 9 28
153600 9 63
153600 28 69
153600 37 77
153900 44 51
153900 77 82
154200 1 88
154200 9 73
154200 23 30
154200 29 63
154200 37 77
154200 62 73
154500 24 69
154500 28 69
154800 29 53
154800 37 58
155100 8 50
155100 9 62
155100 38 58
155100 38 45
155100 50 75
155400 5 37
155400 24 48
155400 24 31
155400 31 48
155700 28 69
156000 2 88
156000 7 58
156300 24 48
156300 37 58
156600 3 5
156600 3 22
156600 5 18
156600 11 24
156600 18 22
156600 22 64
156600 55 79
156900 14 24
157200 5 24
157200 7 16
157200 8 26
157200 14 90
157200 18 37
157500 7 58
157500 12 15
157500 15 33
157800 5 85
157800 5 80
157800 21 84
157800 28 69
158100 9 63
158100 37 77
158400 1 7
158400 9 73
158400 9 62
158400 14 51
158400 23 29
158400 28 29
158400 29 53
158400 49 55
158700 40 88
158700 55 74
159000 17 18
159300 0 14
159300 5 22
159300 5 37
159300 16 45
159300 22 37
159300 22 26
159300 22 34
159300 26 37
159300 26 72
159300 34 37
159300 37 72
159300 40 84
159300 40 78
159300 60 81
159300 60 88
159300 81 88
159600 22 38
159900 9 73
159900 28 53
159900 50 74
160200 9 62
160200 11 44
160500 5 37
160500 5 18
160500 14 77
160500 18 37
160500 64 77
160800 9 73
160800 49 73
160800 50 86
160800 57 60
161100 25 86
161100 30 53
161100 53 77
161400 17 18
161400 29 53
161400 36 79
161700 1 16
161700 1 59
161700 15 16
161700 16 59
161700 49 55
161700 55 79
162000 23 30
162000 29 53
162000 29 30
162000 35 52
162000 37 84
162000 43 45
162000 44 51
162300 5 72
162300 9 62
162300 49 86
162600 15 33
162900 12 44
163200 8 26
163200 29 53
163200 50 74
163200 53 69
163500 29 53
163500 37 58
163800 12 43
164100 5 34
164100 5 37
164100 7 27
164100 23 30
164100 30 34
164400 4 79
164400 9 29
164400 27 81
164700 6 40
165000 9 63
165000 28 70
165000 28 53
165000 37 65
165000 53 70
165000 61 62
165300 0 24
165300 50 86
165300 56 84
165600 14 72
165600 30 73
165600 30 69
165600 53 69
165900 23 30
165900 42 76
165900 49 55
166200 5 22
166200 5 72
166200 5 37
166200 22 37
166200 22 72
166200 22 26
166200 26 37
166200 29 53
166200 37 72
166200 37 90
166500 24 59
166500 29 53
166500 45 90
166500 53 63
166800 24 48
166800 28 69
167100 6 40
167100 24 45
167100 49 86
167100 57 60
167400 28 53
167400 44 51
167700 17 68
168000 28 84
168300 59 76
168600 15 60
168900 32 80
168900 50 74
169200 52 79
169500 6 88
169500 18 37
169500 22 85
169500 23 69
169500 28 62
169800 50 74
169800 53 69
170100 2 15
170100 9 73
170100 17 18
170100 35 75
170400 0 24
170400 21 42
170400 22 38
170400 24 45
170400 25 28
170400 27 57
170400 67 76
170700 11 48
170700 22 32
170700 58 65
171000 29 63
171300 7 27
171300 7 57
171300 27 77
171300 27 58
171300 58 77
171600 3 37
171600 9 30
171600 32 88
171900 9 66
171900 9 62
171900 9 73
171900 11 84
171900 62 73
172200 29 70
172500 9 73
172500 29 63
172800 0 24
172800 0 14
172800 14 24
172800 14 48
172800 22 77
172800 24 48
172800 45 48
173100 34 84
173100 35 75
173100 35 50
173100 37 84
173100 50 86
173100 75 86
173400 20 31
173400 24 31
173400 24 48
173400 31 48
173400 71 83
173700 1 12
173700 9 73
173700 9 62
173700 51 71
174000 34 86
174300 5 39
174300 8 84
174300 9 31
174300 24 48
174300 29 53
174300 46 84
174600 9 66
174600 14 24
174600 24 58
174600 28 84
174900 29 53
174900 37 58
174900 62 69
175200 8 26
175200 21 61
175200 22 64
175500 29 53
175500 35 49
175500 37 84
175500 58 84
175800 9 66
175800 9 62
175800 30 66
175800 50 74
175800 58 72
176100 9 28
176100 9 63
176400 52 79
176700 7 12
176700 22 91
176700 24 32
176700 33 84
176700 79 88
176700 85 91
177000 28 69
177300 3 14
177300 9 62
177300 9 28
177300 9 44
177300 34 44
177300 44 45
177600 44 51
177600 57 62
177900 35 75
177900 39 58
177900 65 84
177900 79 88
178200 14 39
178200 14 58
178500 58 65
178800 17 18
178800 22 32
178800 79 87
179100 1 59
179100 6 88
179100 32 38
179400 3 14
179400 21 84
179400 28 73
179400 29 70
179400 45 65
179700 17 18
180000 7 84
180000 8 26
180000 21 84
180000 31 71
180300 28 62
180300 29 53
180300 45 85
180300 45 65
180600 9 62
180600 14 24
180600 19 58
180600 21 69
180600 25 79
180600 39 51
180600 51 65
180600 58 72
180600 65 72
180600 66 70
180900 50 84
181200 0 24
181200 0 48
181200 9 62
181200 15 67
181200 23 30
181500 24 58
181500 32 80
181500 67 76
181800 11 57
181800 22 64
181800 29 30
181800 30 63
181800 47 58
181800 56 57
182100 14 58
182100 21 40
182100 47 58
182400 37 84
182700 9 62
182700 29 53
183000 12 64
183000 12 45
183000 12 58
183000 17 18
183000 18 68
183000 34 58
183000 64 77
183300 8 26
183300 44 51
183600 7 12
183600 23 29
183900 1 15
183900 29 63
183900 55 79
183900 56 87
183900 75 79
184200 7 33
184200 58 72
184200 64 77
184500 9 62
184500 38 58
184500 38 45
184500 45 58
184800 4 49
184800 29 53
184800 57 88
185100 11 58
185100 27 64
185100 28 53
185100 53 70
185100 85 90
185400 7 25
185400 19 79
185400 21 79
185400 21 61
185400 24 48
185400 24 45
185400 28 69
185400 61 66
185400 79 87
185700 0 24
185700 45 58
185700 50 86
185700 55 74
186000 36 50
186300 14 58
186300 21 76
186600 8 39
186600 8 85
186600 9 62
186600 38 45
186900 7 50
187200 3 22
187200 28 66
187200 28 69
187500 11 48
187500 12 49
187500 49 67
187500 58 65
187500 60 89
187800 9 62
187800 16 88
187800 23 53
187800 28 73
187800 29 73
187800 35 52
187800 53 73
188100 0 14
188400 3 44
188400 5 72
188400 7 58
188400 9 23
188700 11 44
188700 19 28
188700 25 86
188700 35 75
188700 35 52
188700 45 65
188700 52 75
189000 79 86
189300 1 59
189300 1 88
189300 1 84
189300 11 24
189300 12 88
189300 15 88
189300 23 69
189300 24 55
189600 3 14
189600 14 37
189600 16 84
189600 50 75
189900 23 29
189900 55 74
190200 28 43
190200 39 51
190500 7 78
190500 9 69
190500 9 29
190500 29 63
190800 35 75
190800 76 84
191100 4 50
191100 4 52
191100 14 24
191100 21 69
191100 29 53
191400 22 64
191400 45 85
191400 45 65
191400 65 85
191700 0 24
191700 5 24
191700 39 58
191700 79 88
192000 44 51
192000 58 65
192300 0 45
192300 4 86
192300 29 91
192300 29 53
192300 53 63
192600 21 76
192600 21 69
192600 22 85
192900 14 58
192900 21 61
193200 1 78
193200 29 70
193200 45 65
193500 28 70
193500 39 72
193500 72 90
193800 5 84
193800 22 77
193800 24 48
194100 58 65
194100 76 78
194100 76 81
194100 78 81
194400 1 84
194400 1 59
194400 6 84
194400 9 73
194400 20 84
194400 28 69
194400 67 84
194400 84 88
194700 16 76
194700 32 38
195000 22 64
195300 5 51
195300 5 35
195300 14 39
195300 17 51
195300 27 65
195300 27 72
195300 27 35
195300 27 75
195300 35 37
195300 35 45
195300 35 75
195300 45 58
195300 45 72
195300 51 68
195300 58 72
195600 3 72
195600 3 83
195600 14 44
195600 44 51
195900 29 63
195900 50 86
196200 4 74
196200 24 48
196200 35 75
196500 7 16
196500 7 25
196500 16 25
196800 62 73
197100 24 48
197100 52 75
197100 69 70
197400 8 30
197400 8 90
197400 9 73
197400 15 67
197400 52 75
197400 53 73
197700 22 85
197700 46 89
198000 29 53
198000 53 70
198000 59 76
198300 49 84
198600 6 40
198600 9 62
198600 35 49
198600 55 74
198900 17 18
198900 29 63
199200 15 67
199200 30 66
199200 37 58
199200 37 77
199200 52 75
199200 62 73
199200 64 82
199200 65 82
199500 22 32
199500 53 70
199800 17 18
199800 21 56
199800 21 59
199800 24 48
199800 32 58
200100 8 26
200100 22 91
200100 24 48
200100 29 91
200100 39 58
200100 42 43
200400 22 85
200400 29 53
200400 32 38
200700 5 14
200700 37 58
201000 5 39
201000 14 58
201000 40 88
201000 49 55
201300 6 40
201300 12 44
201300 18 68
201300 28 30
201300 64 77
201600 14 24
201600 21 69
201600 29 53
201600 85 91
201900 7 25
201900 7 16
201900 30 66
201900 61 69
202200 18 90
202200 23 30
202200 35 75
202200 46 84
202200 50 86
202200 50 60
202200 57 88
202200 62 73
202500 9 62
202500 24 31
202500 24 48
202500 31 48
202800 9 73
202800 28 84
202800 28 76
202800 76 84
203100 2 84
203100 3 68
203100 9 62
203100 9 30
203100 24 48
203100 52 75
203100 62 73
203400 7 46
203400 17 18
203400 17 68
203400 45 58
203700 12 58
203700 43 58
203700 44 45
203700 79 88
204000 28 84
204000 39 51
204300 7 58
204300 24 35
204300 29 53
204300 49 52
204300 55 79
204600 11 23
204600 23 69
204600 53 63
204900 22 85
205200 37 84
205200 49 86
205200 50 74
205200 58 84
205500 0 14
205500 7 16
205500 8 60
205500 15 67
205800 5 34
205800 29 63
206100 14 24
206100 50 55
206400 28 69
206700 0 14
206700 9 62
206700 29 53
206700 37 58
207000 0 24
207000 17 68
207300 19 50
207300 19 75
207300 27 60
207300 35 50
207300 35 75
207300 50 75
207600 3 65
207600 9 73
207600 17 51
207600 51 68
207900 52 79
208200 7 78
208200 28 69
208200 28 66
208200 42 51
208200 46 60
208500 7 76
208500 9 63
208800 20 35
208800 29 61
208800 39 45
208800 42 79
208800 52 84
208800 56 84
208800 84 87
209100 2 10
209100 2 6
209100 3 14
209100 6 10
209100 11 14
209100 14 34
209100 27 46
209100 44 51
209400 17 68
209400 28 69
209400 29 53
209400 37 82
209400 44 51
209700 12 59
209700 50 86
209700 75 84
210000 7 84
210000 24 84
210000 27 84
210000 33 84
210000 51 58
210300 0 24
210300 42 79
210300 42 44
210300 56 84
210600 9 23
210600 9 73
210600 14 24
210900 14 32
211200 13 88
211200 21 88
211200 29 53
211200 29 69
211200 45 83
211200 50 74
211200 55 79
211500 29 63
211800 45 83
211800 55 79
211800 58 72
211800 58 85
211800 80 85
212100 11 24
212100 49 55
212400 9 51
212400 9 39
212400 39 51
212700 23 30
212700 29 53
212700 52 86
212700 57 60
212700 74 86
213000 1 84
213000 5 18
213000 15 88
213000 15 40
213000 15 84
213000 18 32
213000 22 32
213000 23 69
213000 28 30
213000 29 53
213000 59 88
213000 59 84
213000 62 75
213000 81 84
213000 84 88
213300 0 24
213300 9 66
213300 23 29
213600 8 83
213600 29 53
213600 44 51
213900 9 69
213900 9 63
213900 24 48
213900 28 70
213900 53 70
213900 61 62
214200 3 44
214200 22 64
214200 44 51
214200 45 58
214500 22 64
214500 24 48
214800 1 2
214800 2 10
214800 5 39
214800 6 10
214800 21 56
214800 45 58
215100 11 44
215100 24 48
215400 24 45
215400 29 53
215400 37 58
215400 44 51
215700 21 61
215700 22 64
215700 57 88
216000 11 38
216000 23 30
216000 29 53
216000 62 73
216000 84 88
216300 29 63
216600 15 33
216600 23 61
216900 14 24
216900 28 84
216900 39 51
217200 29 63
217500 22 64
217500 35 79
217500 77 82
217800 8 26
217800 14 44
218100 29 53
218400 9 62
218400 15 33
218400 35 75
218400 52 55
218400 60 81
218700 3 19
218700 3 14
218700 9 14
218700 19 42
218700 29 63
219000 0 45
219000 3 5
219000 9 29
219000 9 30
219000 9 70
219000 9 28
219300 17 68
219300 18 34
219300 35 75
219300 35 36
219300 36 75
219600 18 37
219600 23 30
219600 38 91
219900 29 70
219900 29 69
219900 29 53
219900 53 63
219900 59 78
219900 85 91
220200 14 50
220200 22 64
220200 30 66
220200 44 86
220500 17 18
220800 29 53
221100 21 56
221100 36 50
221400 8 26
221400 28 70
221700 25 36
221700 53 63
222000 5 14
222000 6 88
222000 14 24
222000 28 30
222300 7 12
222300 29 53
222300 45 83
222300 50 74
222600 9 63
222600 9 73
222600 9 28
222600 9 69
222600 24 48
222600 28 70
222600 37 65
222600 53 70
222600 61 62
222900 9 53
222900 29 53
222900 37 58
222900 50 86
222900 53 73
223200 9 62
223200 9 66
223200 14 48
223200 24 32
223200 50 75
223200 59 76
223500 11 44
223800 9 62
223800 9 17
223800 24 48
223800 76 88
224100 9 62
224100 9 73
224100 17 18
224100 50 74
224100 53 69
224100 55 79
224400 5 85
224400 5 72
224400 55 86
224400 72 80
224400 80 85
224700 29 53
224700 52 87
225000 35 75
225000 45 58
225300 2 15
225300 9 73
225300 9 30
225300 29 63
225300 61 63
225600 21 84
225600 30 66
225600 55 86
225900 28 70
225900 38 39
226200 22 64
226200 35 52
226200 44 51
226200 46 89
226500 67 84
226800 4 48
226800 8 34
226800 8 90
226800 8 58
226800 11 24
226800 27 76
226800 27 81
226800 45 58
227100 9 62
227100 9 19
227100 22 64
227100 24 48
227100 38 44
227400 7 16
227400 29 53
227400 49 52
227700 18 37
227700 53 70
228000 5 24
228000 5 65
228000 9 66
228000 9 13
228000 24 32
228000 57 60
228300 15 33
228300 60 81
228300 76 88
228600 0 48
228600 9 77
228600 9 62
228600 28 73
228600 44 51
228900 39 58
228900 79 84
228900 79 88
229200 3 53
229200 7 33
229200 11 56
229200 22 32
229200 22 45
229200 28 70
229200 44 51
229200 53 70
229200 53 61
229500 29 53
229800 1 76
229800 37 58
230100 38 58
230100 59 78
230100 76 78
230400 0 24
230700 2 33
230700 24 87
230700 58 62
231000 28 69
231000 30 53
231000 53 70
231300 0 24
231300 20 84
231300 35 52
231300 35 84
231300 55 79
231300 56 87
231300 56 84
231600 9 46
231600 55 84
231900 49 55
231900 49 86
231900 50 86
231900 52 55
232200 3 45
232500 12 44
232500 12 72
232500 12 58
232500 17 34
232500 35 50
232500 43 58
232500 44 58
232500 44 56
232500 50 75
232500 53 70
232500 56 58
232500 56 65
232800 7 58
232800 7 25
232800 21 69
232800 25 58
232800 27 76
232800 28 66
232800 75 79
232800 76 78
233100 17 84
233100 24 28
233100 29 53
233400 55 79
233700 21 84
233700 24 48
233700 35 75
233700 55 79
234000 7 25
234000 9 72
234000 22 64
234000 35 52
234300 14 44
234300 14 22
234600 56 84
234900 14 47
234900 32 38
235200 63 70
235500 42 43
235500 42 72
235500 42 58
235500 58 72
235800 4 86
235800 9 73
235800 9 62
235800 24 48
236100 9 63
236400 31 71
236700 35 75
236700 62 73
237000 9 62
237000 29 53
237000 57 88
237300 12 78
237300 58 65
237300 84 89
237600 0 14
237600 12 88
237600 31 51
237600 51 71
237900 34 84
237900 35 75
237900 55 74
237900 67 84
238200 8 26
238200 42 43
238200 53 63
238500 25 87
238800 25 86
238800 29 53
238800 50 86
239100 32 85
239100 50 86
239400 2 15
239400 2 3
239400 2 48
239400 15 48
239400 24 48
239400 24 49
239400 35 75
239400 48 49
239700 19 59
239700 19 76
239700 21 61
239700 24 45
239700 25 47
239700 27 57
239700 28 69
239700 44 51
239700 53 66
240000 0 14
240000 53 70
240000 60 79
240300 39 58
240300 44 58
240300 49 58
240300 49 79
240300 49 88
240300 79 88
240300 79 84
240600 21 56
240600 22 64
240600 24 48
240600 35 79
240600 77 82
240900 0 45
240900 29 53
240900 37 58
240900 37 47
241200 5 74
241200 5 37
241200 9 62
241200 9 73
241200 24 48
241200 24 77
241200 24 74
241500 0 24
241500 19 42
241500 19 50
241500 20 35
241500 22 32
241500 55 79
241500 84 87
241800 1 16
241800 2 6
241800 2 10
241800 6 40
241800 6 27
241800 6 10
241800 10 16
241800 10 40
241800 12 77
241800 12 44
241800 16 33
241800 17 18
241800 24 48
241800 27 40
241800 27 46
241800 27 65
241800 27 57
241800 39 65
241800 46 56
241800 46 57
242100 24 48
242100 24 45
242100 29 63
242100 29 70
242100 39 45
242100 42 50
242100 42 65
242100 45 72
242100 45 48
242400 4 79
242400 37 58
242400 75 79
242700 0 48
242700 9 73
242700 15 67
242700 52 75
243000 3 8
243000 14 85
243000 19 79
243000 24 48
243000 45 65
243300 8 26
243300 9 62
243300 21 84
243600 29 53
243600 39 51
243600 53 63
243600 53 69
243600 66 69
243900 21 69
243900 29 63
244200 22 64
244200 28 73
244500 28 69
244500 46 60
244500 49 86
244500 49 55
244500 55 86
244800 28 84
244800 39 51
245100 24 48
245100 26 31
245100 35 75
245100 37 91
245400 6 40
245400 9 73
245400 9 61
245400 50 86
245700 1 33
245700 11 72
245700 14 37
245700 64 77
246000 17 18
246000 45 65
246000 49 52
246000 52 86
246300 9 62
246600 7 58
246600 29 53
246600 35 48
246600 55 79
246900 15 33
246900 22 85
246900 28 66
246900 44 51
246900 53 63
247200 35 75
247200 50 86
247500 5 21
247500 21 84
247800 5 72
247800 5 37
247800 5 22
247800 18 72
247800 22 37
247800 22 72
247800 22 26
247800 26 72
247800 26 37
247800 26 71
247800 28 73
247800 37 72
248100 53 69
248100 61 69
248400 9 73
248400 9 19
248400 33 88
248400 50 75
248700 0 14
248700 8 54
248700 8 32
248700 8 26
248700 22 91
248700 25 39
248700 39 51
249000 35 52
249300 7 25
249300 16 25
249300 30 66
249300 50 86
249600 2 71
249600 14 58
249600 14 39
249600 14 24
249600 37 82
249600 39 58
249600 53 70
249600 58 82
249900 7 76
250200 0 24
250200 4 86
250200 9 63
250200 9 69
250200 24 48
250200 61 62
250500 2 15
250500 5 11
250500 14 19
250500 17 18
250500 19 79
250500 42 79
250800 29 53
250800 59 76
251100 8 26
251100 9 28
251100 9 62
251100 22 64
251100 28 73
251400 14 58
251400 21 61
251700 24 44
251700 29 63
252000 3 5
252000 9 62
252000 9 29
252000 11 24
252000 11 48
252000 18 37
252000 24 48
252300 29 53
252600 29 53
252900 9 30
252900 29 53
252900 30 62
252900 37 77
252900 49 52
252900 52 84
253200 58 59
253200 59 76
253200 59 78
253200 60 81
253200 76 88
253500 9 66
253500 16 59
253500 50 59
253500 59 76
253800 9 62
254100 9 62
254400 9 62
254400 18 34
254400 21 66
254400 29 69
254400 45 83
254400 50 74
254400 55 79
254400 57 60
254700 3 37
254700 8 26
254700 22 37
254700 23 30
254700 29 63
254700 37 90
255000 19 73
255000 29 63
255000 56 84
255300 5 18
255300 5 11
255300 62 73
255600 17 18
255600 32 38
255900 12 78
256200 35 52
256200 44 77
256200 56 84
256500 28 29
256500 29 70
256800 22 85
256800 61 69
257100 55 79
257100 75 79
257400 26 52
257400 29 53
257700 50 86
257700 52 84
257700 52 75
257700 59 76
257700 75 84
258000 21 59
258300 18 22
258300 22 85
258300 28 66
258300 80 85
258600 24 48
258600 31 32
258900 4 86
258900 52 86
259200 22 32
259500 28 66
259800 0 48
259800 9 62
259800 15 67
259800 16 59
259800 24 48
259800 28 30
259800 28 69
259800 44 51
259800 52 75
259800 62 73
260100 9 62
260100 38 58
260100 38 45
260100 59 78
260100 76 78
260400 0 51
260400 17 18
260400 26 65
260400 29 53
260400 45 72
260700 50 74
261000 1 88
261000 1 59
261000 22 32
261300 7 27
261300 27 57
261300 57 60
261600 1 33
261600 1 7
261600 5 72
261600 24 45
261600 37 58
261600 58 65
261900 32 38
262200 15 33
262200 46 76
262200 60 81
262500 0 48
262500 4 50
262500 9 73
262500 9 62
262500 15 67
262500 52 75
262500 53 66
262800 9 60
262800 15 33
262800 35 75
263100 0 14
263100 3 14
263100 8 90
263100 9 69
263100 16 84
263100 30 53
263100 65 82
263400 1 7
263400 17 18
263400 55 79
263400 75 79
263700 58 65
263700 76 84
264000 24 45
264000 25 47
264000 27 57
264000 53 70
264300 2 15
264300 3 14
264300 7 50
264300 9 62
264300 9 73
264600 12 16
264600 27 81
264600 39 57
264600 50 86
264900 53 62
264900 76 78
265200 24 48
265500 4 50
265500 9 62
265500 23 30
265500 30 44
265500 35 52
265500 46 49
265500 49 86
265500 53 70
265800 21 46
265800 21 26
265800 24 48
265800 26 31
265800 49 79
265800 75 79
266100 0 45
266100 7 78
266100 7 21
266100 14 24
266400 9 62
266400 12 16
266400 35 75
266400 57 60
266400 57 88
266400 58 90
266700 22 64
266700 24 48
266700 44 51
266700 77 82
267000 5 44
267000 11 44
267000 28 69
267000 29 70
267000 44 51
267300 17 18
267300 35 75
267300 39 90
267600 4 41
267600 27 57
267600 28 69
267900 0 14
267900 18 45
267900 35 52
268200 9 73
268200 35 50
268200 50 86
268200 50 84
268500 23 30
268500 45 72
268500 45 65
268500 49 74
268500 50 86
268500 52 84
268500 65 72
268800 3 5
268800 29 63
269100 14 58
269100 53 66
269400 19 73
269400 52 75
269700 16 78
269700 28 73
269700 53 63
269700 70 73
269700 75 79
270000 4 50
270000 15 67
270000 28 69
270000 30 66
270000 44 51
270000 52 75
270000 55 86
270300 5 11
270300 18 37
270300 29 53
270600 1 16
270600 2 15
270600 31 71
270600 33 40
270900 0 24
270900 5 34
270900 23 29
270900 29 30
271200 24 45
271200 29 53
271200 44 51
271500 29 53
271500 37 58
271800 11 44
271800 11 30
271800 24 48
272100 11 24
272100 19 59
272100 19 76
272100 37 72
272100 59 76
272100 70 73
272400 7 27
272700 5 18
272700 11 24
272700 79 84
273000 11 23
273000 21 30
273000 23 69
273000 37 58
273000 74 86
273300 5 18
273600 35 52
273900 9 62
273900 27 88
273900 28 69
273900 29 53
274200 24 48
274200 66 69
274500 21 84
274500 22 85
274800 21 69
274800 29 63
275100 9 30
275100 9 28
275100 9 53
275100 17 18
275100 28 30
275100 28 73
275100 29 53
275100 44 51
275100 50 75
275400 9 62
275400 77 82
275700 17 68
275700 50 86
276000 28 29
276000 49 86
276300 2 88
276300 7 88
276300 40 88
276300 40 84
276300 84 88
276600 5 11
276600 5 72
276600 9 62
276900 1 16
276900 7 88
276900 9 62
276900 35 79
276900 35 52
276900 35 36
276900 36 79
276900 76 88
277200 45 65
277500 29 53
277800 7 59
277800 8 90
277800 24 48
277800 79 86
278100 14 48
278100 23 30
278100 24 48
278100 39 58
278100 45 58
278100 45 72
278100 58 72
278400 29 53
278400 37 77
