0 53 70
300 11 23
600 6 40
600 12 44
600 18 68
600 28 30
600 64 77
900 1 59
900 6 88
900 32 38
1200 8 26
1500 7 16
1500 7 25
1500 16 25
1500 17 18
1500 30 66
1800 9 73
1800 50 86
2100 0 24
2100 9 66
2100 23 29
2400 5 11
2400 18 37
2400 29 53
2700 12 77
2700 12 84
2700 26 32
2700 77 84
3000 0 24
3000 42 79
3000 42 44
3000 56 84
3300 11 26
3300 35 75
3600 8 26
3600 44 51
3900 8 26
3900 14 44
4200 0 48
4200 9 63
4200 32 71
4500 28 70
4500 39 72
4500 72 90
4800 8 26
4800 49 74
5100 3 37
5100 8 26
5100 22 37
5100 23 30
5100 29 63
5100 37 90
5400 29 53
5700 28 69
5700 29 53
5700 44 51
6000 2 88
6000 7 58
6300 3 65
6300 9 73
6300 17 51
6300 51 68
6600 4 55
6900 3 43
6900 29 53
7200 50 74
7500 44 86
7500 58 65
7800 15 67
7800 30 66
7800 37 58
7800 37 77
7800 52 75
7800 62 73
7800 64 82
7800 65 82
8100 9 62
8100 29 73
8100 29 63
8400 14 65
8400 14 45
8400 22 64
8400 29 53
8400 39 58
8400 39 85
8400 46 89
8400 58 85
8400 58 65
8700 30 53
8700 58 72
9000 23 69
9300 0 14
9300 12 88
9300 31 51
9300 51 71
9600 29 53
9900 14 50
9900 22 64
9900 30 66
9900 44 86
10200 2 10
10200 2 40
10200 6 10
10200 21 88
10200 44 51
10200 57 88
10500 2 28
10500 5 22
10500 22 85
10800 7 76
10800 12 16
10800 14 37
10800 27 81
10800 35 75
11100 28 69
11100 65 91
11400 9 28
11400 9 63
11400 9 69
11400 28 69
11400 28 70
11700 35 52
11700 44 77
11700 56 84
12000 8 26
12000 29 53
12000 50 74
12000 53 69
12300 9 73
12300 29 63
12600 2 15
12600 2 33
12600 9 73
12600 9 62
12600 15 72
12600 29 63
12600 50 75
12600 58 86
12600 58 78
12600 58 59
12600 59 78
12600 72 86
12600 72 78
12600 72 75
12600 75 86
12900 11 16
12900 35 51
12900 35 84
12900 40 57
12900 44 51
12900 44 45
12900 45 51
12900 53 70
12900 56 88
12900 57 88
13200 0 24
13200 4 84
13200 35 52
13200 55 79
13500 35 75
13500 50 86
13800 24 48
14100 17 68
14100 18 34
14100 35 75
14100 35 36
14100 36 75
14400 1 59
14400 1 88
14400 1 84
14400 11 24
14400 12 88
14400 15 88
14400 23 69
14400 24 55
14700 5 18
14700 12 77
14700 12 44
14700 12 64
14700 24 48
14700 39 65
14700 44 65
15000 28 69
15000 46 60
15000 49 86
15000 49 55
15000 55 86
15300 17 68
15300 50 86
15600 14 72
15600 14 34
15600 14 85
15600 24 48
15600 27 75
15600 27 35
15600 35 75
15900 5 75
16200 11 23
16200 17 18
16200 23 69
16200 35 74
16200 62 73
16500 7 78
16500 8 26
16500 14 24
16500 14 64
16500 17 68
16500 29 53
16800 19 50
16800 19 75
16800 27 60
16800 35 50
16800 35 75
16800 50 75
17100 17 68
17100 36 50
17400 25 86
17400 30 53
17400 53 77
17700 20 35
17700 39 45
17700 42 79
18000 3 14
18000 3 44
18000 9 73
18000 9 19
18000 9 62
18000 11 44
18000 19 73
18000 29 63
18000 62 73
18000 62 66
18300 29 53
18300 39 51
18300 53 63
18300 53 69
18300 66 69
18600 49 55
18900 7 84
18900 16 84
18900 25 84
18900 64 77
19200 7 27
19500 35 75
19500 62 73
19800 12 78
20100 53 69
20100 61 69
20400 22 32
20400 53 70
20700 9 73
20700 29 53
20700 53 73
21000 21 69
21000 21 61
21000 24 45
21000 30 66
21000 69 73
21300 9 62
21300 23 53
21300 23 73
21300 28 53
21300 28 73
21300 29 53
21300 39 51
21600 5 51
21600 5 35
21600 14 39
21600 17 51
21600 27 65
21600 27 72
21600 27 35
21600 27 75
21600 35 37
21600 35 45
21600 35 75
21600 45 58
21600 45 72
21600 51 68
21600 58 72
21900 15 33
21900 23 30
21900 53 63
22200 4 87
22200 9 62
22200 22 85
22200 29 53
22200 36 50
22200 84 89
22500 0 14
22500 18 45
22500 35 52
22800 24 48
22800 46 84
22800 79 86
23100 9 30
23100 29 53
23100 30 62
23100 37 77
23100 49 52
23100 52 84
23400 29 53
23400 30 62
23400 49 52
23700 14 24
23700 18 47
24000 9 62
24000 38 58
24000 38 45
24000 59 78
24000 76 78
24300 17 34
24300 28 70
24600 28 29
24600 49 86
24900 4 50
24900 15 67
24900 28 69
24900 30 66
24900 44 51
24900 52 75
24900 55 86
25200 17 18
25200 22 58
25200 22 32
25200 32 58
25500 9 73
25800 9 63
25800 9 73
25800 9 28
25800 9 69
25800 24 48
25800 28 70
25800 37 65
25800 53 70
25800 61 62
26100 17 18
26100 29 61
26100 44 51
26400 22 64
26700 45 58
26700 45 72
26700 63 70
27000 5 11
27000 8 85
27000 9 62
27000 12 29
27000 22 51
27000 29 53
27000 38 45
27000 40 41
27000 50 75
27000 61 90
27300 29 53
27600 28 69
27600 30 66
27600 52 75
27900 15 33
28200 27 60
28200 29 63
28500 23 30
28500 24 48
28800 3 5
28800 9 62
28800 9 29
28800 11 24
28800 11 48
28800 18 37
28800 24 48
29100 11 44
29400 2 15
29400 9 73
29400 17 18
29400 35 75
29700 7 12
29700 22 91
29700 24 32
29700 33 84
29700 79 88
29700 85 91
30000 2 84
30000 3 68
30000 9 62
30000 9 30
30000 24 48
30000 52 75
30000 62 73
30300 28 70
30300 38 39
30600 42 84
30600 52 84
30600 53 63
30900 29 53
30900 51 65
31200 8 26
31200 9 62
31200 52 84
31500 29 53
31500 53 70
31500 59 76
31800 14 37
31800 37 58
31800 44 51
32100 58 65
32100 76 84
32400 24 48
32400 26 31
32700 9 62
32700 24 31
32700 24 48
32700 31 48
33000 25 49
33000 55 79
33300 17 68
33300 42 50
33600 4 86
33600 9 73
33600 9 62
33600 24 48
33900 34 84
33900 35 75
33900 35 50
33900 37 84
33900 50 86
33900 75 86
34200 14 58
34200 21 61
34500 28 69
34500 46 89
34800 24 48
34800 26 71
34800 29 53
34800 35 75
35100 21 84
35100 23 29
35100 51 65
35400 22 64
35400 35 52
35400 44 51
35400 46 89
35700 7 16
35700 7 58
36000 24 45
36000 25 47
36000 27 57
36000 53 70
36300 5 14
36300 37 58
36600 29 63
36900 22 64
37200 9 28
37200 15 60
37200 16 76
37200 28 62
37200 35 50
37200 38 90
37200 39 65
37200 50 75
37200 85 90
37500 0 48
37500 0 14
37500 9 62
37500 18 68
37500 28 29
37800 9 62
37800 14 24
37800 19 58
37800 21 69
37800 25 79
37800 39 51
37800 51 65
37800 58 72
37800 65 72
37800 66 70
38100 9 62
38400 1 84
38400 1 59
38400 6 84
38400 9 73
38400 20 84
38400 28 69
38400 67 84
38400 84 88
38700 21 84
38700 24 48
38700 35 75
38700 55 79
39000 22 80
39000 28 69
39000 53 70
39300 15 33
39300 49 50
39600 28 70
39900 7 88
40200 49 55
40200 50 86
40500 15 33
40800 5 85
40800 76 78
41100 32 38
41400 11 44
41400 24 63
41400 37 82
41400 86 91
41700 37 84
42000 0 24
42300 23 30
42300 29 53
42300 29 30
42300 35 52
42300 37 84
42300 43 45
42300 44 51
42600 8 26
42600 42 59
42600 53 63
42900 15 33
42900 22 85
42900 28 66
42900 44 51
42900 53 63
43200 9 63
43200 37 77
43500 8 58
43500 14 58
43500 19 27
43500 27 50
43500 27 84
43500 27 35
43500 27 52
43500 27 75
43500 35 75
43500 35 38
43500 45 58
43500 58 72
43800 9 73
43800 9 62
43800 50 74
44100 24 58
44400 29 53
44400 37 58
44700 9 28
44700 9 63
45000 28 84
45300 15 60
45300 21 60
45300 85 90
45600 0 48
45600 9 69
45600 9 43
45600 9 73
45600 15 67
45600 23 69
45600 30 66
45600 44 51
45600 52 75
45600 62 73
45600 69 73
45900 9 62
45900 22 85
45900 29 53
45900 29 30
45900 50 86
46200 29 63
46500 7 25
46500 9 72
46500 22 64
46500 35 52
46800 24 48
46800 37 58
47100 7 25
47100 28 69
47400 8 26
47400 53 63
47700 3 18
47700 9 62
47700 18 65
47700 29 53
48000 19 78
48000 21 63
48000 29 53
48300 11 23
48300 23 69
48300 53 63
48600 29 53
48600 37 58
48900 0 48
48900 9 77
48900 9 62
48900 28 73
48900 44 51
49200 29 53
49500 17 68
49500 22 85
49500 26 37
49500 28 70
49500 37 72
49500 55 86
49800 7 84
49800 44 65
49800 58 65
50100 15 33
50100 23 61
50400 3 72
50400 3 83
50400 14 44
50400 44 51
50700 29 63
50700 37 77
50700 55 86
51000 1 78
51000 3 5
51000 29 63
51300 29 53
51600 23 29
51900 9 73
51900 16 88
51900 21 69
51900 22 64
51900 53 70
52200 22 64
52200 28 57
52200 37 58
52500 58 59
52500 59 76
52500 59 78
52500 60 81
52500 76 88
52800 22 64
52800 24 48
53100 9 63
53100 9 28
53100 61 62
53400 15 33
53400 25 86
53700 3 24
53700 14 45
53700 24 29
53700 24 53
53700 24 28
53700 29 53
53700 44 51
54000 3 14
54000 14 37
54000 16 84
54000 50 75
54300 8 26
54300 26 80
54300 31 58
54300 39 85
54300 80 91
54600 9 63
54600 28 70
54600 35 75
54900 1 15
54900 29 63
54900 55 79
54900 56 87
54900 75 79
55200 22 64
55200 24 48
55200 77 82
55500 7 50
55800 23 30
55800 45 72
55800 45 65
55800 49 74
55800 50 86
55800 52 84
55800 65 72
56100 9 62
56400 4 79
56400 16 84
56700 50 86
57000 7 58
57000 29 53
57000 35 48
57000 55 79
57300 0 14
57300 7 16
57300 8 90
57300 8 60
57300 9 69
57300 17 68
57300 17 18
57600 9 63
57600 9 28
57900 0 14
57900 9 62
57900 29 53
57900 37 58
58200 55 79
58500 15 33
58500 22 85
58500 22 32
58500 28 66
58500 53 63
58500 58 72
58800 1 16
58800 1 59
58800 15 16
58800 16 59
58800 49 55
58800 55 79
59100 11 44
59400 7 59
59400 8 90
59400 24 48
59400 79 86
59700 0 65
59700 0 14
59700 22 64
59700 24 48
59700 44 51
60000 6 40
60000 9 62
60000 35 49
60000 55 74
60300 35 55
60300 50 74
60600 9 23
60600 9 73
60600 14 24
60900 5 24
60900 5 65
60900 9 66
60900 9 13
60900 24 32
60900 57 60
61200 21 69
61200 24 45
61500 28 53
61500 44 51
61800 12 64
61800 12 45
61800 12 58
61800 17 18
61800 18 68
61800 34 58
61800 64 77
62100 3 11
62100 28 76
62100 57 76
62400 9 62
62400 17 68
62400 18 68
62700 69 70
63000 17 34
63300 29 53
63300 37 77
63600 8 26
63600 22 71
63600 38 85
63600 38 90
63600 39 65
63600 58 85
63600 72 90
63900 29 53
64200 4 86
64200 52 86
64500 17 18
64500 18 68
64500 24 48
64500 32 58
64800 22 85
64800 29 53
64800 32 38
65100 50 86
65100 52 84
65100 52 75
65100 59 76
65100 75 84
65400 1 76
65400 37 58
65700 9 19
65700 9 62
65700 9 73
65700 19 73
65700 45 65
65700 62 73
66000 35 75
66000 45 65
66000 56 86
66000 56 84
66000 84 86
66300 0 14
66300 14 37
66300 17 18
66300 37 82
66600 42 51
66600 46 60
66600 53 70
66900 25 86
66900 29 53
66900 50 86
67200 0 48
67200 4 50
67200 9 62
67200 9 73
67200 15 67
67200 52 75
67500 18 47
67500 18 37
67500 58 65
67800 0 45
67800 3 5
67800 9 29
67800 9 30
67800 9 70
67800 9 28
68100 8 16
68100 28 69
68400 22 77
68400 22 64
68700 5 18
69000 21 69
69000 29 63
69300 37 58
69300 53 66
69300 53 61
69300 53 70
69300 62 73
69600 7 58
69600 9 73
69600 24 35
69600 29 53
69600 35 48
69600 42 55
69600 49 52
69900 16 25
69900 52 87
70200 21 56
70200 24 48
70500 58 65
70800 7 86
71100 9 62
71100 53 63
71400 9 23
71400 9 62
71700 7 12
71700 22 32
72000 9 62
72000 9 53
72000 12 58
72000 12 44
72000 12 77
72000 39 65
72000 39 58
72000 44 65
72000 53 70
72000 58 65
72300 7 58
72300 21 69
72300 36 50
72600 15 60
72900 11 24
72900 23 30
72900 50 86
72900 84 88
73200 12 88
73200 17 18
73200 55 74
73500 19 59
73500 19 76
73500 21 61
73500 24 45
73500 25 47
73500 27 57
73500 28 69
73500 44 51
73500 53 66
73800 12 43
74100 7 46
74100 17 18
74100 17 68
74100 45 58
74400 35 52
74700 58 65
74700 76 78
74700 76 81
74700 78 81
75000 1 88
75000 9 73
75000 23 30
75000 29 63
75000 37 77
75000 62 73
75300 7 12
75300 33 84
75300 72 85
75300 79 88
75600 16 84
75600 28 73
75600 44 51
75900 34 84
75900 58 72
75900 80 85
76200 52 79
76500 21 56
76500 22 64
76500 24 48
76500 35 79
76500 77 82
76800 0 24
76800 45 58
76800 50 86
76800 55 74
77100 5 37
77100 5 13
77100 5 74
77100 9 62
77100 74 81
77400 15 33
77700 39 72
78000 11 23
78300 9 62
78600 29 53
78600 57 88
78900 45 72
79200 52 79
79500 22 38
79800 1 7
79800 17 18
79800 55 79
79800 75 79
80100 3 5
80100 29 73
80100 50 86
80400 14 58
80400 21 76
80700 37 84
80700 49 86
80700 50 74
80700 58 84
81000 3 83
81000 50 74
81300 5 18
81300 11 24
81300 79 84
81600 14 47
81600 32 38
81900 7 76
81900 8 26
81900 15 33
81900 23 29
81900 29 53
81900 53 63
82200 21 27
82200 21 59
82200 34 45
82200 54 71
82500 0 14
82500 7 16
82500 8 60
82500 15 67
82800 9 53
82800 29 53
82800 37 58
82800 50 86
82800 53 73
83100 24 48
83100 57 76
83400 9 73
83400 45 70
83400 52 84
83400 53 70
83700 24 48
83700 52 75
83700 69 70
84000 6 58
84000 6 7
84000 7 58
84000 8 14
84000 9 62
84000 14 37
84000 35 75
84300 5 18
84300 29 90
84300 44 51
84300 45 64
84300 81 88
84600 9 28
84600 9 63
84600 28 69
84600 37 77
84900 3 5
84900 9 29
84900 11 48
84900 11 24
84900 24 48
84900 57 88
84900 74 86
85200 7 58
85200 19 76
85200 21 69
85200 28 73
85200 59 76
85500 34 84
85500 35 75
85500 55 74
85500 67 84
85800 4 36
85800 14 24
85800 27 56
85800 27 60
85800 28 53
85800 29 70
85800 29 53
85800 45 65
85800 65 72
86100 2 15
86100 2 3
86100 2 48
86100 15 48
86100 24 48
86100 24 49
86100 35 75
86100 48 49
86400 3 58
86400 29 63
86400 37 58
86400 50 75
86700 1 65
86700 8 39
86700 8 85
86700 9 62
86700 14 45
86700 29 63
86700 38 45
86700 41 86
86700 50 75
86700 53 70
86700 75 79
87000 12 44
87300 5 14
87600 0 24
87600 0 14
87600 14 24
87600 14 48
87600 22 77
87600 24 48
87600 45 48
87900 7 46
87900 17 34
87900 17 18
87900 17 46
87900 32 85
87900 32 38
87900 35 75
87900 64 77
88200 11 57
88200 22 64
88200 29 30
88200 30 63
88200 47 58
88200 56 57
88500 17 18
88500 42 43
88500 45 58
88800 5 72
88800 29 69
88800 29 53
88800 50 74
88800 53 69
88800 55 79
89100 21 84
89100 22 85
89400 5 44
89400 11 44
89400 28 69
89400 29 70
89400 44 51
89700 12 59
89700 20 84
89700 37 58
89700 59 76
90000 5 39
90000 14 58
90000 40 88
90000 49 55
90300 6 40
90600 1 84
90600 5 18
90600 6 84
90600 7 84
90600 20 84
90600 28 30
90600 29 53
90600 32 38
90600 33 84
90600 67 84
90600 81 84
90600 84 88
90900 3 18
90900 7 58
90900 15 33
91200 9 62
91200 35 75
91500 28 69
91500 29 70
91500 44 51
91800 3 14
91800 21 84
91800 28 73
91800 29 70
91800 45 65
92100 1 16
92100 35 84
92100 35 52
92400 35 75
92400 76 84
92700 52 86
92700 63 70
93000 7 12
93000 29 53
93000 45 83
93000 50 74
93300 18 90
93300 23 30
93300 35 75
93300 46 84
93300 50 86
93300 50 60
93300 57 88
93300 62 73
93600 22 38
93600 29 53
93600 29 30
93600 29 66
93600 30 53
93900 35 75
93900 44 51
94200 14 39
94200 14 58
94500 14 24
94500 14 58
94500 24 58
94800 5 37
94800 5 34
94800 7 27
94800 7 88
94800 27 88
94800 34 37
95100 24 48
95100 29 53
95100 35 75
95400 9 62
95400 15 33
95400 44 52
95400 62 73
95700 7 78
95700 28 69
95700 28 66
95700 42 51
95700 46 60
96000 9 46
96000 55 84
96300 14 24
96300 21 69
96300 29 53
96300 85 91
96600 3 58
96900 26 32
97200 29 63
97500 14 24
97500 50 55
97800 15 33
97800 50 86
97800 60 81
97800 76 88
98100 21 56
98100 36 50
98400 28 84
98700 7 25
98700 7 16
98700 30 66
98700 61 69
99000 24 69
99000 28 69
99300 2 10
99300 2 6
99300 6 10
99600 7 16
99600 9 29
99600 22 32
99600 52 55
99600 55 74
99900 5 14
99900 6 88
99900 14 24
99900 28 30
100200 2 28
100200 5 22
100200 23 61
100500 9 73
100500 49 73
100500 50 86
100500 57 60
100800 9 69
100800 9 66
100800 9 62
100800 12 57
100800 27 75
100800 50 74
100800 62 69
100800 80 85
101100 3 45
101400 19 86
101700 30 57
101700 51 90
101700 52 75
101700 56 59
101700 58 65
101700 59 78
102000 5 72
102000 49 55
102000 49 86
102000 55 86
102300 8 26
102300 9 62
102300 9 73
102300 69 73
102600 9 62
102900 2 88
102900 7 88
102900 40 88
102900 40 84
102900 84 88
103200 6 40
103200 9 73
103200 9 61
103200 50 86
103500 29 53
103500 52 86
103800 3 22
103800 11 24
103800 42 79
103800 52 79
103800 55 79
104100 14 58
104100 22 38
104400 28 43
104400 39 51
104700 17 18
104700 22 32
104700 79 87
104700 84 87
105000 4 74
105000 24 48
105000 35 75
105300 3 80
105600 2 6
105600 5 51
105600 5 39
105600 6 10
105600 7 16
105600 9 62
105600 14 82
105900 22 64
105900 45 85
105900 45 65
105900 65 85
106200 3 22
106200 28 66
106200 28 69
106500 2 10
106500 2 6
106500 3 14
106500 6 10
106500 11 14
106500 14 34
106500 27 46
106500 44 51
106800 0 24
106800 0 48
106800 9 62
106800 15 67
106800 23 30
107100 25 84
107100 64 77
107100 75 79
107400 9 73
107700 3 19
107700 3 14
107700 9 14
107700 19 42
107700 29 63
108000 0 14
108000 41 79
108000 53 69
108000 77 82
108300 25 36
108300 53 63
108600 29 53
108900 1 7
108900 9 73
108900 9 62
108900 14 51
108900 23 29
108900 28 29
108900 29 53
108900 49 55
109200 7 84
109200 8 26
109200 21 84
109200 31 71
109500 5 74
109500 5 37
109500 9 62
109500 9 73
109500 24 48
109500 24 77
109500 24 74
109800 24 28
109800 29 53
109800 55 74
109800 76 81
110100 14 47
110100 45 72
110400 21 69
110400 29 53
110400 75 79
110700 7 58
110700 24 35
110700 29 53
110700 49 52
110700 55 79
111000 0 24
111000 17 68
111300 9 62
111300 9 19
111300 22 64
111300 24 48
111300 38 44
111600 0 24
111600 5 34
111600 23 29
111600 29 30
111900 51 54
111900 63 89
112200 38 58
112200 59 78
112200 76 78
112500 12 44
112500 58 65
112800 22 85
112800 46 89
113100 1 16
113100 8 26
113400 1 40
113400 2 12
113400 7 40
113400 12 72
113400 58 72
113700 52 79
114000 53 70
114300 62 73
114600 6 40
114600 9 30
114600 9 29
114600 28 29
114600 28 53
114600 29 53
114900 6 40
114900 15 33
114900 38 45
114900 44 52
115200 44 51
115200 58 65
115500 22 64
115500 40 88
115500 44 51
115500 67 78
115800 0 24
115800 4 86
115800 9 63
115800 9 69
115800 24 48
115800 61 62
116100 12 78
116100 58 65
116100 84 89
116400 29 53
116700 7 78
116700 16 25
116700 27 60
117000 37 58
117000 50 86
117300 29 63
117600 8 26
117600 22 91
117600 24 48
117600 29 91
117600 39 58
117600 42 43
117900 5 18
117900 12 77
117900 12 64
117900 24 48
117900 64 77
118200 49 55
118200 49 86
118200 50 86
118200 52 55
118500 56 84
118800 17 68
118800 29 53
118800 35 49
118800 57 60
119100 21 28
119100 29 53
119100 67 78
119400 17 68
119400 28 45
119400 44 45
119700 24 58
119700 32 80
119700 67 76
120000 14 71
120000 44 51
120000 50 86
120300 14 58
120300 21 40
120300 47 58
120600 5 18
120600 35 50
120600 42 50
120600 50 86
120900 7 25
120900 16 25
120900 30 66
121200 0 24
121200 17 18
121200 79 87
121200 84 87
121500 6 40
121500 24 45
121500 49 86
121500 57 60
121800 9 73
122100 9 62
122100 18 34
122100 21 66
122100 29 69
122100 45 83
122100 50 74
122100 55 79
122100 57 60
122400 0 14
122400 0 3
122400 3 14
122400 7 78
122700 12 58
122700 39 58
122700 79 88
123000 52 79
123300 3 68
123300 9 62
123300 28 69
123300 37 77
123300 52 75
123300 62 73
123600 14 37
123600 35 87
123600 35 52
123600 44 51
123900 29 63
124200 9 62
124200 29 53
124500 3 51
124500 3 23
124500 23 49
124500 28 69
124500 42 51
124500 52 75
124500 80 90
124800 24 48
125100 14 22
125400 5 72
125400 9 62
125400 49 86
125700 0 48
125700 4 86
125700 9 63
125700 21 84
125700 52 87
126000 0 24
126000 21 42
126000 22 38
126000 24 45
126000 25 28
126000 27 57
126000 67 76
126300 21 69
126300 29 63
126600 3 72
126600 22 38
126600 22 32
126900 0 48
126900 9 73
126900 15 67
126900 52 75
127200 11 86
127200 12 86
127200 76 78
127500 9 62
127500 27 88
127500 28 69
127500 29 53
127800 5 18
127800 7 88
127800 16 88
127800 28 73
127800 29 53
127800 39 51
127800 49 86
127800 49 55
127800 55 86
128100 21 46
128100 21 26
128100 24 48
128100 26 31
128100 49 79
128100 75 79
128400 11 44
128400 19 28
128400 25 86
128400 35 75
128400 35 52
128400 45 65
128400 52 75
128700 25 87
129000 28 69
129300 0 24
129300 50 86
129300 56 84
129600 21 69
129600 58 85
129900 14 48
129900 23 30
129900 24 48
129900 39 58
129900 45 58
129900 45 72
129900 58 72
130200 17 18
130500 9 29
130500 14 48
130500 53 66
130800 28 73
130800 62 73
130800 67 84
130800 67 76
131100 4 50
131100 4 52
131100 14 24
131100 21 69
131100 29 53
131400 17 68
131700 1 33
131700 1 7
131700 5 72
131700 24 45
131700 37 58
131700 58 65
132000 17 18
132000 29 53
132000 36 79
132300 15 33
132300 46 76
132300 60 81
132600 22 64
132600 24 48
132600 77 82
132900 3 44
132900 22 64
132900 44 51
132900 45 58
133200 29 70
133200 44 72
133200 53 70
133500 0 65
133500 14 65
133500 39 45
133800 3 5
133800 29 63
134100 11 44
134100 11 30
134100 24 48
134400 3 24
134400 15 33
134400 28 29
134400 44 51
134400 53 63
134700 28 69
134700 37 82
135000 9 62
135000 29 53
135000 37 58
135000 50 74
135000 57 88
135300 9 66
135300 9 62
135300 30 66
135300 50 74
135300 58 72
135600 67 84
135900 0 45
135900 7 78
135900 7 21
135900 14 24
136200 0 14
136200 7 16
136200 8 60
136200 8 90
136200 9 62
136200 53 66
136500 3 68
136500 29 63
136800 11 77
136800 12 27
136800 17 34
136800 22 48
136800 27 81
136800 27 48
136800 27 77
136800 48 64
136800 64 77
137100 44 51
137100 55 79
137400 7 16
137400 7 25
137400 16 25
137700 28 70
138000 1 7
138000 1 27
138000 7 27
138000 14 37
138000 29 53
138300 9 66
138300 9 62
138300 9 73
138300 11 84
138300 62 73
138600 9 62
138600 22 32
138600 76 78
138900 9 62
138900 39 51
139200 0 24
139500 7 78
139500 9 69
139500 9 29
139500 29 63
139800 14 37
139800 17 68
140100 5 54
140100 7 59
140100 9 62
140100 62 69
140400 0 48
140400 4 50
140400 9 73
140400 9 62
140400 15 67
140400 52 75
140400 53 66
140700 67 84
141000 8 30
141000 8 90
141000 9 73
141000 15 67
141000 52 75
141000 53 73
141300 45 65
141600 28 62
141600 28 29
141600 29 53
141900 9 62
141900 16 84
141900 24 48
142200 17 18
142200 45 65
142200 49 52
142200 52 86
142500 0 48
142500 8 90
142500 8 16
142500 29 53
142500 29 30
142500 62 73
142800 1 33
142800 11 72
142800 14 37
142800 64 77
143100 4 50
143100 9 62
143100 23 30
143100 30 44
143100 35 52
143100 46 49
143100 49 86
143100 53 70
143400 7 58
143700 29 63
144000 17 68
144000 17 34
144000 34 68
144000 35 75
144000 36 75
144000 75 86
144300 17 68
144300 28 69
144300 29 53
144300 37 82
144300 44 51
144600 14 58
144600 21 61
144900 6 88
144900 18 37
144900 22 85
144900 23 69
144900 28 62
145200 23 30
145200 49 74
145200 49 55
145200 55 74
145200 69 73
145500 9 73
145500 9 19
145500 33 88
145500 50 75
145800 17 18
145800 35 75
145800 39 90
146100 0 45
146100 29 53
146100 37 58
146100 37 47
146400 44 51
146400 57 62
146700 21 69
146700 21 61
146700 61 69
147000 2 28
147000 2 39
147000 11 34
147000 28 38
147000 61 86
147000 77 86
147300 29 53
147300 35 75
147300 42 50
147600 7 12
147600 38 69
147900 29 53
148200 9 63
148200 28 70
148200 28 53
148200 37 65
148200 53 70
148200 61 62
148500 9 28
148500 12 84
148500 55 87
148800 5 11
148800 14 48
148800 28 73
148800 29 53
148800 39 51
148800 61 71
148800 70 73
149100 12 58
149100 58 72
149100 59 78
149100 65 72
149400 35 75
149400 39 58
149400 65 84
149400 79 88
149700 11 44
149700 25 75
150000 21 56
150000 24 48
150300 11 26
150300 35 75
150600 4 52
150600 8 26
150600 28 29
150600 29 70
150600 37 77
150600 38 39
150900 1 84
150900 5 18
150900 15 88
150900 15 40
150900 15 84
150900 18 32
150900 22 32
150900 23 69
150900 28 30
150900 29 53
150900 59 88
150900 59 84
150900 62 75
150900 81 84
150900 84 88
151200 9 62
151200 12 16
151200 35 75
151200 57 60
151200 57 88
151200 58 90
151500 29 53
151500 46 89
151500 69 70
151800 22 64
151800 28 73
152100 22 64
152100 35 79
152100 77 82
152400 0 14
152400 16 59
152400 53 69
152700 49 84
153000 24 48
153000 52 84
153000 53 63
153300 7 25
153300 19 79
153300 21 79
153300 21 61
153300 24 48
153300 24 45
153300 28 69
153300 61 66
153300 79 87
153600 9 62
153900 2 15
153900 9 73
153900 20 40
153900 40 75
153900 44 70
154200 18 22
154200 22 85
154200 28 66
154200 80 85
154500 35 75
154500 55 86
154800 28 69
155100 29 53
155100 37 58
155400 7 88
155400 17 51
155400 29 53
155400 29 63
155400 39 51
155700 29 53
155700 29 63
155700 45 65
155700 45 85
155700 58 65
156000 29 70
156300 11 38
156300 23 30
156300 29 53
156300 62 73
156300 84 88
156600 42 43
156600 42 72
156600 42 58
156600 58 72
156900 11 48
156900 49 84
156900 50 74
156900 75 88
156900 79 88
157200 7 81
157200 14 45
157200 57 60
157500 28 70
157800 22 72
157800 28 69
158100 16 76
158100 32 38
158400 12 60
158400 19 75
158400 35 75
158400 35 50
158400 50 75
158400 50 52
158400 52 75
158700 53 62
158700 76 78
159000 9 62
159000 16 88
159000 23 53
159000 28 73
159000 29 73
159000 35 52
159000 53 73
159300 5 24
159300 7 16
159300 8 26
159300 14 90
159300 18 37
159600 29 53
159600 50 74
159600 52 86
159900 29 53
160200 9 73
160200 29 63
160500 29 53
160800 7 84
160800 24 84
160800 27 84
160800 33 84
160800 51 58
161100 79 86
161400 26 32
161400 57 60
161700 9 29
161700 11 48
161700 27 81
161700 57 88
162000 14 24
162000 76 78
162300 9 73
162300 29 69
162300 29 53
162300 37 58
162300 50 74
162300 53 69
162600 7 12
162600 23 29
162900 9 66
162900 16 59
162900 50 59
162900 59 76
163200 7 25
163200 35 84
163200 52 84
163500 1 16
163500 2 15
163500 31 71
163500 33 40
163800 7 27
163800 8 17
163800 8 51
163800 8 39
163800 8 14
163800 14 51
163800 14 90
163800 19 51
163800 39 51
163800 51 90
164100 34 86
164400 1 6
164400 1 33
164400 1 40
164400 1 10
164400 1 16
164400 2 10
164400 5 39
164400 6 40
164400 6 10
164400 10 40
164400 10 38
164400 10 16
164400 12 44
164400 12 77
164400 16 33
164400 24 48
164400 33 40
164400 38 45
164400 38 85
164400 45 85
164700 9 62
164700 77 82
165000 2 71
165000 14 58
165000 14 39
165000 14 24
165000 37 82
165000 39 58
165000 53 70
165000 58 82
165300 1 6
165300 1 59
165300 1 88
165300 7 81
165300 29 53
165600 12 16
165600 27 81
165600 39 57
165600 50 86
165900 35 75
165900 35 52
165900 52 75
166200 29 53
166500 2 10
166500 10 16
166500 10 33
166500 11 84
166500 12 44
166500 24 31
166500 39 51
166500 51 58
166500 58 65
166800 11 84
166800 12 84
166800 16 33
166800 29 53
166800 42 43
166800 49 84
166800 49 58
166800 49 64
166800 58 84
166800 64 77
166800 79 88
167100 24 58
167100 28 84
167100 28 62
167400 3 14
167400 7 88
167400 9 63
167400 9 28
167700 29 70
168000 9 29
168000 29 62
168000 29 63
168000 62 73
168000 63 66
168300 39 58
168300 79 84
168300 79 88
168600 6 12
168600 6 26
168600 9 62
168600 9 26
168600 12 46
168600 14 24
168900 25 88
168900 29 53
168900 38 51
168900 45 58
168900 51 72
169200 23 30
169200 29 53
169200 52 86
169200 57 60
169200 74 86
169500 9 62
169500 9 73
169500 17 18
169500 50 74
169500 53 69
169500 55 79
169800 24 48
170100 29 53
170100 59 76
170400 1 27
170400 1 7
170400 6 27
170400 6 7
170400 27 33
170400 29 63
170400 37 58
170400 44 65
170700 9 73
170700 28 84
170700 28 76
170700 76 84
171000 55 79
171000 75 79
171300 16 78
171300 28 73
171300 53 63
171300 70 73
171300 75 79
171600 17 18
171600 29 63
171900 45 65
171900 50 86
171900 55 74
172200 9 62
172200 9 17
172200 24 48
172200 76 88
172500 32 80
172500 50 74
172800 7 78
172800 20 35
172800 29 73
172800 35 52
172800 56 87
172800 56 84
172800 63 70
172800 84 87
173100 3 5
173100 3 22
173100 5 18
173100 11 24
173100 18 22
173100 22 64
173100 55 79
173400 52 79
173700 17 18
174000 29 63
174000 50 86
174300 17 80
174300 21 84
174300 24 48
174300 35 75
174300 46 84
174600 8 26
174600 23 30
174600 23 53
174600 29 53
174600 30 53
174600 39 58
174900 5 22
174900 5 72
174900 5 37
174900 22 37
174900 22 72
174900 22 26
174900 26 37
174900 29 53
174900 37 72
174900 37 90
175200 11 48
175200 12 49
175200 49 67
175200 58 65
175200 60 89
175500 12 59
175500 50 86
175500 75 84
175800 2 15
175800 9 73
175800 9 30
175800 29 63
175800 61 63
176100 8 26
176100 29 53
176100 36 79
176100 36 55
176100 55 79
176400 7 16
176400 7 84
176400 7 25
176400 16 84
176400 16 25
176400 25 84
176400 50 84
176700 5 37
176700 5 18
176700 14 77
176700 18 37
176700 64 77
177000 29 53
177000 52 87
177300 1 76
177300 27 76
177300 35 79
177300 44 51
177300 77 82
177600 14 32
177900 24 48
177900 31 91
177900 66 69
178200 24 32
178500 28 84
178500 35 75
178500 39 51
178500 55 75
178800 22 64
178800 42 52
179100 0 14
179100 9 62
179100 12 32
179100 17 51
179100 21 56
179100 24 45
179100 28 62
179100 56 60
179400 28 66
179700 1 78
179700 29 70
179700 45 65
180000 7 78
180000 7 59
180000 20 52
180000 20 35
180000 25 35
180000 28 40
180000 28 73
180000 35 52
180000 35 84
180000 35 87
180000 40 84
180000 42 79
180000 52 84
180000 56 87
180000 56 84
180300 1 78
180300 9 19
180300 19 42
180300 19 50
180300 33 88
180300 58 72
180300 62 73
180600 45 83
180600 55 79
180600 58 72
180600 58 85
180600 80 85
180900 14 72
180900 30 73
180900 30 69
180900 53 69
181200 9 62
181200 50 86
181500 9 73
181500 9 62
181800 30 66
181800 32 91
181800 34 72
181800 53 63
182100 12 44
182100 17 56
182400 29 53
182400 29 63
182700 9 62
182700 38 58
182700 38 45
182700 45 58
183000 9 62
183000 16 76
183000 17 68
183000 21 61
183000 24 37
183000 35 75
183000 42 75
183000 45 90
183000 55 79
183000 59 76
183300 24 48
183300 66 69
183600 15 33
183900 1 16
183900 2 6
183900 2 10
183900 6 40
183900 6 27
183900 6 10
183900 10 16
183900 10 40
183900 12 77
183900 12 44
183900 16 33
183900 17 18
183900 24 48
183900 27 40
183900 27 46
183900 27 65
183900 27 57
183900 39 65
183900 46 56
183900 46 57
184200 28 84
184200 39 51
184500 1 12
184500 9 73
184500 9 62
184500 51 71
184800 1 2
184800 2 10
184800 5 39
184800 6 10
184800 21 56
184800 45 58
185100 29 53
185400 4 41
185400 27 57
185400 28 69
185700 39 58
185700 44 58
185700 49 58
185700 49 79
185700 49 88
185700 79 88
185700 79 84
186000 29 53
186000 35 49
186000 37 84
186000 58 84
186300 2 15
186300 7 16
186300 7 12
186300 12 16
186600 50 84
186900 7 16
186900 29 53
186900 49 52
187200 2 15
187200 5 11
187200 14 19
187200 17 18
187200 19 79
187200 42 79
187500 29 53
187800 63 70
188100 11 23
188100 23 69
188100 45 58
188400 5 18
188400 7 88
188400 8 26
188400 53 63
188700 9 62
188700 9 66
188700 14 48
188700 24 32
188700 50 75
188700 59 76
189000 9 62
189000 15 33
189000 35 75
189000 52 55
189000 60 81
189300 18 37
189300 23 30
189300 38 91
189600 21 84
189600 30 66
189600 55 86
189900 4 48
189900 8 34
189900 8 90
189900 8 58
189900 11 24
189900 27 76
189900 27 81
189900 45 58
190200 0 24
190200 32 91
190200 57 60
190500 3 85
190500 50 86
190800 27 73
190800 29 53
190800 37 84
190800 49 86
190800 49 50
191100 22 64
191100 24 48
191100 44 51
191100 77 82
191400 14 85
191400 23 69
191400 23 31
191400 27 75
191400 31 69
191700 14 18
191700 25 58
191700 29 53
191700 35 75
191700 50 75
191700 53 63
191700 56 60
192000 8 79
192000 14 24
192000 21 69
192000 29 53
192000 45 58
192300 35 75
192300 35 52
192600 7 88
192600 9 62
192600 52 75
192900 11 48
192900 22 32
192900 58 65
193200 14 24
193200 29 63
193200 35 75
193200 59 76
193500 23 30
193500 42 76
193500 49 55
193800 9 60
193800 15 33
193800 35 75
194100 29 53
194100 37 58
194100 44 51
194100 67 76
194400 9 73
194400 35 50
194400 50 86
194400 50 84
194700 22 38
194700 25 28
194700 25 53
194700 28 53
194700 53 69
195000 8 37
195000 37 82
195000 37 58
195000 58 82
195300 7 25
195300 16 25
195300 30 66
195300 50 86
195600 1 16
195600 7 88
195600 9 62
195600 35 79
195600 35 52
195600 35 36
195600 36 79
195600 76 88
195900 3 14
195900 4 86
195900 7 12
195900 9 28
196200 5 22
196200 23 61
196500 7 58
196500 12 15
196500 15 33
196800 0 51
196800 17 18
196800 26 65
196800 29 53
196800 45 72
197100 20 35
197100 29 61
197100 39 45
197100 42 79
197100 52 84
197100 56 84
197100 84 87
197400 42 86
197400 55 86
197700 2 10
197700 6 10
197700 6 12
197700 11 58
197700 16 53
197700 16 70
197700 39 65
197700 44 51
197700 51 58
197700 51 65
197700 53 70
197700 58 65
197700 67 84
197700 79 84
197700 84 86
198000 7 27
198000 27 57
198000 57 60
198300 9 62
198300 11 44
198600 28 53
198900 7 33
198900 58 72
198900 64 77
199200 8 26
199200 53 63
199500 28 70
199800 11 24
199800 49 55
200100 14 24
200100 28 84
200100 39 51
200400 53 66
200700 37 58
200700 44 52
201000 1 88
201000 1 59
201000 22 32
201300 14 24
201600 5 85
201600 5 72
201600 55 86
201600 72 80
201600 80 85
201900 7 76
201900 9 63
202200 8 26
202200 9 62
202200 21 84
202500 5 34
202500 5 37
202500 7 27
202500 23 30
202500 30 34
202800 4 52
202800 9 73
202800 9 69
202800 9 62
202800 29 53
202800 52 55
202800 55 79
202800 67 76
203100 23 29
203100 55 74
203400 12 88
203400 22 85
203400 55 74
203700 24 48
203700 31 32
204000 64 77
204300 24 48
204300 24 45
204300 29 63
204300 29 70
204300 39 45
204300 42 50
204300 42 65
204300 45 72
204300 45 48
204600 22 85
204600 61 69
204900 0 48
204900 8 90
204900 29 53
205200 16 61
205200 23 53
205200 28 69
205200 30 53
205500 9 63
205500 9 73
205800 12 44
205800 12 58
205800 12 77
205800 24 48
205800 58 65
206100 8 90
206100 8 58
206100 45 58
206100 70 73
206400 29 63
206400 50 86
206700 0 48
206700 8 90
206700 9 80
206700 9 30
206700 15 67
206700 24 48
206700 30 53
206700 53 73
206700 53 62
207000 9 30
207000 12 76
207000 21 56
207000 22 64
207000 38 45
207000 56 76
207300 2 15
207300 3 14
207300 7 50
207300 9 62
207300 9 73
207600 17 18
207600 45 65
207900 29 53
207900 37 58
207900 50 86
207900 51 65
208200 5 72
208200 5 37
208200 5 22
208200 18 72
208200 22 37
208200 22 72
208200 22 26
208200 26 72
208200 26 37
208200 26 71
208200 28 73
208200 37 72
208500 11 24
208500 11 51
208500 17 68
208500 22 64
208500 27 51
208500 27 68
208800 0 14
208800 8 54
208800 8 32
208800 8 26
208800 22 91
208800 25 39
208800 39 51
209100 24 48
209100 46 84
209100 74 79
209400 24 48
209400 35 52
209400 39 45
209400 57 62
209700 12 56
209700 56 58
210000 8 26
210000 42 43
210000 53 63
210300 2 15
210300 23 30
210600 0 24
210600 5 24
210600 39 58
210600 79 88
210900 23 69
210900 23 30
210900 29 53
210900 30 63
210900 30 53
211200 5 18
211200 5 11
211200 62 73
211500 21 84
211800 22 85
212100 1 12
212100 5 45
212100 9 73
212100 9 62
212400 24 48
212400 28 69
212700 14 58
212700 25 79
213000 11 69
213000 11 23
213000 23 69
213000 53 63
213300 5 84
213300 22 77
213300 24 48
213600 8 83
213600 29 53
213600 44 51
213900 18 37
213900 29 53
213900 35 55
213900 39 72
213900 80 85
214200 3 14
214200 19 24
214200 24 48
214200 53 70
214500 9 28
214500 9 69
214500 9 63
214500 17 68
214500 28 73
214500 28 70
214500 28 30
214500 28 69
214500 30 62
214500 35 75
214500 53 62
214500 53 70
214500 61 62
214800 7 58
214800 7 25
214800 21 69
214800 25 58
214800 27 76
214800 28 66
214800 75 79
214800 76 78
215100 16 46
215100 35 84
215100 44 51
215100 57 88
215400 9 62
215400 29 69
215400 50 74
215400 53 69
215400 55 79
215700 8 26
215700 21 61
215700 22 64
216000 25 87
216300 9 62
216300 9 45
216300 12 57
216300 13 50
216300 14 85
216300 14 24
216300 27 75
216300 45 61
216300 45 83
216300 50 74
216600 0 14
216900 20 31
216900 24 31
216900 24 48
216900 31 48
216900 71 83
217200 16 84
217200 28 69
217200 32 38
217200 35 50
217200 37 82
217200 37 77
217200 45 65
217500 53 63
217800 8 82
217800 9 19
217800 9 62
217800 22 39
217800 22 64
217800 37 58
217800 38 44
218100 35 52
218400 24 59
218400 29 53
218400 45 90
218400 53 63
218700 59 76
219000 1 40
219000 1 6
219000 6 60
219000 27 84
219000 44 65
219000 58 65
219300 29 53
219600 24 31
219600 31 48
219600 81 88
219900 7 21
219900 7 78
219900 17 68
219900 21 78
219900 29 53
219900 36 50
220200 7 56
220200 9 62
220500 23 53
220500 28 69
220500 35 52
220500 46 50
220500 50 86
220500 53 70
220800 14 48
220800 14 24
220800 24 48
220800 53 63
221100 9 73
221100 14 24
221100 59 76
221400 14 58
221400 53 66
221700 3 44
221700 5 72
221700 7 58
221700 9 23
222000 9 73
222000 24 28
222000 29 53
222300 21 76
222300 21 69
222300 22 85
222600 23 29
222600 29 63
222600 31 71
222600 52 79
222900 5 85
222900 5 80
222900 21 84
222900 28 69
223200 1 33
223200 1 2
223200 1 6
223200 2 6
223200 6 84
223200 6 33
223200 10 84
223200 12 44
223200 33 44
223200 39 51
223200 51 58
223200 51 65
223200 56 84
223200 58 65
223200 67 84
223500 24 28
223500 29 53
223800 7 76
224100 0 48
224100 8 90
224100 16 84
224100 29 53
224400 35 75
224700 7 84
224700 35 86
224700 35 50
224700 37 80
224700 37 50
224700 38 86
224700 50 75
224700 50 80
225000 17 68
225000 45 58
225000 63 70
225000 64 77
225300 1 88
225300 5 51
225300 7 81
225300 7 88
225300 29 53
225300 39 51
225300 49 67
225300 55 86
225600 4 79
225600 37 58
225600 75 79
225900 29 53
225900 69 70
226200 5 14
226200 9 62
226200 37 58
226200 44 45
226500 8 26
226500 44 51
226800 5 34
226800 29 63
227100 14 58
227100 14 37
227100 22 91
227100 23 30
227100 38 80
227100 85 91
227400 9 62
227400 29 53
227400 57 88
227700 22 32
228000 2 39
228000 5 48
228000 12 48
228000 12 14
228000 12 20
228000 14 20
228000 14 58
228000 14 78
228000 20 58
228000 20 78
228000 24 87
228000 29 39
228000 31 58
228000 58 78
228300 55 79
228600 22 64
228600 24 48
228600 44 51
228600 52 87
228600 77 82
228900 0 24
228900 19 42
228900 19 50
228900 20 35
228900 22 32
228900 55 79
228900 84 87
229200 0 14
229500 28 62
229500 29 53
229500 45 85
229500 45 65
229800 17 84
229800 24 28
229800 29 53
230100 22 64
230100 27 57
230100 44 51
230100 77 82
230400 8 26
230400 50 74
230700 3 14
230700 9 62
230700 9 28
230700 9 44
230700 34 44
230700 44 45
231000 29 69
231000 66 69
231300 4 86
231300 7 12
231300 9 28
231300 9 63
231300 37 58
231300 52 87
231600 14 24
231600 22 77
231900 29 53
231900 50 86
232200 17 18
232500 9 66
232500 14 24
232500 24 58
232500 28 84
232800 29 53
232800 37 58
232800 62 69
233100 0 48
233100 9 62
233100 15 67
233100 16 59
233100 24 48
233100 28 30
233100 28 69
233100 44 51
233100 52 75
233100 62 73
233400 9 69
233400 9 63
233400 24 48
233400 28 70
233400 53 70
233400 61 62
233700 7 58
233700 24 48
233700 29 53
233700 49 52
234000 5 21
234000 21 84
234300 11 44
234300 44 53
234300 53 70
234600 12 44
234600 12 72
234600 12 58
234600 17 34
234600 35 50
234600 43 58
234600 44 58
234600 44 56
234600 50 75
234600 53 70
234600 56 58
234600 56 65
234900 11 24
234900 24 48
235200 19 62
235200 21 56
235200 22 64
235200 77 82
235500 9 62
235500 29 53
235500 50 74
235500 58 72
235800 17 18
235800 22 32
235800 79 87
236100 0 14
236100 7 78
236100 9 62
236100 21 84
236100 21 56
236100 29 53
236100 52 87
236400 8 26
236400 26 32
236400 38 90
236400 38 85
236400 58 90
236400 58 85
236400 85 90
236700 7 88
236700 22 64
236700 59 67
236700 61 66
237000 31 71
237000 44 51
237000 53 63
237300 15 33
237300 60 81
237300 76 88
237600 11 24
237900 9 73
237900 11 23
237900 17 18
237900 22 85
238200 28 84
238200 39 51
238500 21 76
238800 3 80
238800 28 53
238800 49 55
239100 24 48
239100 42 43
239100 44 45
239100 48 49
239100 53 70
239100 79 88
239400 11 44
239400 63 70
239700 37 58
239700 44 51
240000 7 27
240000 7 57
240000 27 77
240000 27 58
240000 58 77
240300 40 56
240600 8 39
240600 8 85
240600 9 62
240600 38 45
240900 5 80
240900 5 18
240900 18 80
241200 29 53
241500 17 18
241500 32 38
241800 12 58
241800 43 58
241800 44 45
241800 79 88
242100 6 40
242100 7 16
242400 11 24
242400 19 59
242400 19 76
242400 37 72
242400 59 76
242400 70 73
242700 50 86
243000 37 58
243300 9 30
243300 9 28
243300 9 53
243300 17 18
243300 28 30
243300 28 73
243300 29 53
243300 44 51
243300 50 75
243600 9 51
243600 9 39
243600 39 51
243900 23 49
243900 25 49
243900 28 69
243900 37 77
243900 52 75
243900 53 61
244200 5 37
244200 24 48
244200 24 31
244200 31 48
244500 2 60
244500 28 53
244500 39 58
244500 58 65
244800 8 26
244800 28 70
245100 3 37
245100 9 30
245100 32 88
245400 20 40
245400 29 53
245700 8 26
245700 9 28
245700 9 62
245700 22 64
245700 28 73
246000 0 24
246000 20 84
246000 35 52
246000 35 84
246000 55 79
246000 56 87
246000 56 84
246300 8 26
246300 14 44
246300 52 79
246600 15 27
246600 23 30
246600 29 71
246600 37 58
246900 35 75
246900 45 58
247200 7 58
247200 21 84
247200 24 45
247200 56 60
247500 29 63
247500 50 84
247500 58 65
247500 59 76
247500 76 81
247800 32 85
247800 50 86
248100 28 29
248100 29 70
248400 28 69
248700 21 59
249000 0 45
249000 4 86
249000 29 91
249000 29 53
249000 53 63
249300 19 73
249300 29 63
249300 56 84
249600 9 73
249600 9 62
249600 17 18
249600 50 74
249600 53 69
249900 28 30
250200 31 71
250500 5 72
250500 5 37
250500 22 26
250500 22 37
250500 22 72
250500 26 37
250500 26 72
250500 29 53
250500 37 72
250500 53 63
250800 40 88
250800 55 74
251100 1 76
251100 19 76
251100 22 64
251100 35 79
251100 77 82
251400 29 70
251400 29 69
251400 29 53
251400 53 63
251400 59 78
251400 85 91
251700 9 63
252000 28 29
252000 29 53
252000 35 52
252300 17 18
252600 14 58
252600 21 61
252900 8 85
252900 8 37
252900 9 62
252900 21 61
252900 59 76
253200 9 62
253200 29 53
253500 7 27
253500 27 60
253500 27 57
253500 28 61
253500 29 53
253500 49 74
253500 57 60
253800 8 50
253800 9 62
253800 38 58
253800 38 45
253800 50 75
254100 14 24
254400 1 78
254400 7 78
254400 21 76
254400 24 48
254400 77 82
254700 3 53
254700 7 33
254700 11 56
254700 22 32
254700 22 45
254700 28 70
254700 44 51
254700 53 70
254700 53 61
255000 14 72
255000 28 53
255300 26 52
255300 29 53
255600 3 85
255600 22 85
255900 3 72
255900 22 32
255900 52 79
255900 62 73
255900 79 86
256200 3 5
256200 29 63
256200 29 73
256200 50 88
256500 22 50
256800 18 37
256800 53 70
257100 5 37
257100 35 75
257100 35 49
257100 46 57
257400 5 14
257400 29 70
257400 44 51
257700 2 15
257700 17 18
257700 35 75
257700 79 87
258000 9 73
258000 28 53
258000 50 74
258300 0 14
258300 5 22
258300 5 37
258300 16 45
258300 22 37
258300 22 26
258300 22 34
258300 26 37
258300 26 72
258300 34 37
258300 37 72
258300 40 84
258300 40 78
258300 60 81
258300 60 88
258300 81 88
258600 36 50
258900 5 47
258900 9 28
258900 9 63
258900 9 69
258900 9 73
258900 9 62
258900 24 48
258900 28 73
259200 7 58
259200 15 33
259200 44 52
259500 3 5
259500 29 63
259800 7 25
259800 9 66
259800 22 64
260100 19 73
260100 52 75
260400 44 51
260400 88 89
260700 9 73
260700 63 70
261000 15 33
261300 2 33
261300 24 87
261300 58 62
261600 24 45
261600 29 53
261600 44 51
261900 7 88
261900 9 62
261900 29 53
262200 1 88
262200 9 62
262200 9 69
262200 9 66
262200 27 88
262200 28 69
262200 29 30
262200 30 66
262500 13 88
262500 21 88
262500 29 53
262500 29 69
262500 45 83
262500 50 74
262500 55 79
262800 15 33
262800 25 55
262800 56 60
263100 21 61
263100 22 64
263100 57 88
263400 5 39
263400 8 84
263400 9 31
263400 24 48
263400 29 53
263400 46 84
263700 50 74
263700 53 69
264000 11 84
264000 14 71
264000 37 58
264000 50 86
264300 5 39
264300 35 87
264300 35 86
264300 35 52
264600 4 86
264600 23 29
264600 29 53
264900 24 45
264900 55 79
264900 69 73
265200 44 51
265200 77 82
265500 1 7
265500 7 40
265500 33 59
265800 62 73
265800 71 83
266100 24 45
266100 29 53
266100 37 58
266100 44 51
266400 5 11
266400 5 72
266400 9 62
266700 28 69
266700 29 53
266700 37 82
266700 44 51
267000 22 85
267000 76 78
267300 9 62
267300 17 18
267300 50 86
267300 79 87
267600 9 62
267600 18 90
267600 23 30
267600 50 60
267600 50 57
267600 57 88
267900 17 18
267900 21 56
267900 21 59
267900 24 48
267900 32 58
268200 27 60
268200 29 63
268200 37 58
268200 50 75
268500 19 62
268500 22 64
268500 77 82
268800 8 26
268800 9 62
268800 9 28
268800 28 73
268800 28 62
268800 50 52
268800 50 86
269100 24 48
269100 26 31
269100 35 75
269100 37 91
269400 7 12
269400 29 53
269700 29 63
270000 21 46
270000 24 48
270000 26 31
270000 75 79
270300 4 50
270300 5 24
270300 7 57
270300 8 26
270300 9 62
270300 13 50
270300 14 90
270300 14 37
270300 32 80
270300 37 90
270600 9 62
270600 9 19
270600 12 58
270600 14 37
270600 19 44
270600 21 61
270600 22 64
270600 29 53
270600 44 45
270600 44 58
270600 44 60
270600 53 63
270900 4 79
270900 9 29
270900 27 81
271200 11 23
271200 21 30
271200 23 69
271200 37 58
271200 74 86
271500 24 44
271500 29 63
271800 24 48
271800 29 30
271800 30 63
271800 47 58
272100 11 58
272100 27 64
272100 28 53
272100 53 70
272100 85 90
272400 3 8
272400 14 85
272400 19 79
272400 24 48
272400 45 65
272700 14 44
272700 14 22
273000 7 78
273000 29 53
273300 7 16
273300 29 53
273300 45 58
273600 9 62
273600 36 55
273600 36 79
273600 55 79
273900 0 14
273900 3 14
273900 8 90
273900 9 69
273900 16 84
273900 30 53
273900 65 82
274200 1 59
274200 29 53
274200 75 79
274500 11 44
274500 24 48
274800 29 53
275100 14 22
275100 14 39
275100 21 84
275100 30 90
275100 59 78
275400 7 25
275400 22 64
275400 49 84
275400 50 84
275400 50 52
275400 52 84
275700 12 42
276000 28 53
276000 44 51
276300 4 49
276300 29 53
276300 57 88
276600 22 64
276600 35 79
276600 77 82
276900 7 76
277200 0 14
277200 53 70
277200 60 79
277500 49 74
277800 29 53
278100 0 14
278100 14 37
278100 17 18
278100 28 30
278100 64 77
278400 28 69
278400 30 53
278400 53 70
0 6 40
0 9 30
0 9 29
0 28 29
0 28 53
0 29 53
300 14 58
300 53 66
600 22 32
600 53 70
900 29 53
1200 24 48
1200 52 75
1200 69 70
1500 42 84
1500 52 84
1500 53 63
1800 55 79
1800 75 79
2100 22 38
2100 25 28
2100 25 53
2100 28 53
2100 53 69
2400 0 45
2400 4 86
2400 29 91
2400 29 53
2400 53 63
2700 9 73
2700 9 62
2700 50 74
3000 30 57
3000 51 90
3000 52 75
3000 56 59
3000 58 65
3000 59 78
3300 2 15
3300 17 18
3300 35 75
3300 79 87
3600 2 15
3600 9 73
3600 9 30
3600 29 63
3600 61 63
3900 24 48
3900 31 91
3900 66 69
4200 14 58
4200 21 61
4500 21 28
4500 29 53
4500 67 78
4800 24 45
4800 25 47
4800 27 57
4800 53 70
5100 17 68
5100 29 53
5100 35 49
5100 57 60
5400 4 79
5400 9 29
5400 27 81
5700 1 2
5700 2 10
5700 5 39
5700 6 10
5700 21 56
5700 45 58
6000 29 53
6300 14 24
6300 28 84
6300 39 51
6600 2 71
6600 14 58
6600 14 39
6600 14 24
6600 37 82
6600 39 58
6600 53 70
6600 58 82
6900 23 30
6900 29 53
6900 52 86
6900 57 60
6900 74 86
7200 4 50
7200 4 52
7200 14 24
7200 21 69
7200 29 53
7500 28 29
7500 49 86
7800 56 84
8100 45 72
8400 9 62
8400 53 63
8700 9 73
8700 63 70
9000 22 64
9000 27 57
9000 44 51
9000 77 82
9300 0 14
9300 12 88
9300 31 51
9300 51 71
9600 4 86
9600 9 73
9600 9 62
9600 24 48
9900 35 75
9900 44 51
10200 7 78
10200 20 35
10200 29 73
10200 35 52
10200 56 87
10200 56 84
10200 63 70
10200 84 87
10500 0 24
10500 17 18
10500 79 87
10500 84 87
10800 22 85
10800 29 53
10800 32 38
11100 5 11
11100 8 85
11100 9 62
11100 12 29
11100 22 51
11100 29 53
11100 38 45
11100 40 41
11100 50 75
11100 61 90
11400 3 65
11400 9 73
11400 17 51
11400 51 68
11700 0 24
11700 20 84
11700 35 52
11700 35 84
11700 55 79
11700 56 87
11700 56 84
12000 14 58
12000 21 40
12000 47 58
12300 0 14
12300 14 37
12300 17 18
12300 37 82
12600 0 14
12900 29 53
12900 52 86
13200 8 30
13200 8 90
13200 9 73
13200 15 67
13200 52 75
13200 53 73
13500 9 62
13500 36 55
13500 36 79
13500 55 79
13800 15 33
13800 22 85
13800 22 32
13800 28 66
13800 53 63
13800 58 72
14100 8 26
14100 22 91
14100 24 48
14100 29 91
14100 39 58
14100 42 43
14400 29 63
14400 50 84
14400 58 65
14400 59 76
14400 76 81
14700 15 33
15000 5 47
15000 9 28
15000 9 63
15000 9 69
15000 9 73
15000 9 62
15000 24 48
15000 28 73
15300 27 60
15300 29 63
15300 37 58
15300 50 75
15600 30 53
15600 58 72
15900 7 58
15900 29 53
15900 35 48
15900 55 79
16200 28 84
16200 39 51
16500 1 76
16500 19 76
16500 22 64
16500 35 79
16500 77 82
16800 21 56
16800 22 64
16800 24 48
16800 35 79
16800 77 82
17100 16 84
17100 28 73
17100 44 51
17400 14 58
17400 21 76
17700 28 69
17700 30 66
17700 52 75
18000 32 38
18300 4 36
18300 14 24
18300 27 56
18300 27 60
18300 28 53
18300 29 70
18300 29 53
18300 45 65
18300 65 72
18600 19 86
18900 8 26
18900 21 61
18900 22 64
19200 7 12
19200 29 53
19200 45 83
19200 50 74
19500 29 53
19500 50 86
19800 28 66
20100 17 84
20100 24 28
20100 29 53
20400 2 6
20400 5 51
20400 5 39
20400 6 10
20400 7 16
20400 9 62
20400 14 82
20700 2 10
20700 2 40
20700 6 10
20700 21 88
20700 44 51
20700 57 88
21000 3 19
21000 3 14
21000 9 14
21000 19 42
21000 29 63
21300 31 71
21300 44 51
21300 53 63
21600 7 27
21900 4 86
21900 52 86
22200 29 53
22200 37 58
22500 24 31
22500 31 48
22500 81 88
22800 14 24
22800 14 58
22800 24 58
23100 24 44
23100 29 63
23400 21 84
23700 22 64
23700 24 48
23700 77 82
24000 29 63
24300 50 74
24300 53 69
24600 8 37
24600 37 82
24600 37 58
24600 58 82
24900 5 18
24900 11 24
24900 79 84
25200 24 28
25200 29 53
25500 3 14
25500 9 62
25500 9 28
25500 9 44
25500 34 44
25500 44 45
25800 17 18
25800 42 43
25800 45 58
26100 8 26
26100 9 62
26100 52 84
26400 7 12
26400 38 69
26700 28 84
26700 35 75
26700 39 51
26700 55 75
27000 1 59
27000 1 88
27000 1 84
27000 11 24
27000 12 88
27000 15 88
27000 23 69
27000 24 55
27300 14 85
27300 23 69
27300 23 31
27300 27 75
27300 31 69
27600 28 69
27600 29 53
27600 44 51
27900 29 53
27900 37 58
27900 62 69
28200 3 14
28200 4 86
28200 7 12
28200 9 28
28500 4 41
28500 27 57
28500 28 69
28800 55 79
29100 9 62
29100 11 44
29400 15 33
29700 1 88
29700 9 73
29700 23 30
29700 29 63
29700 37 77
29700 62 73
30000 1 88
30000 1 59
30000 22 32
30300 7 88
30300 17 51
30300 29 53
30300 29 63
30300 39 51
30600 18 22
30600 22 85
30600 28 66
30600 80 85
30900 8 82
30900 9 19
30900 9 62
30900 22 39
30900 22 64
30900 37 58
30900 38 44
31200 7 27
31200 27 57
31200 57 60
31500 29 53
31500 53 70
31500 59 76
31800 5 37
31800 5 34
31800 7 27
31800 7 88
31800 27 88
31800 34 37
32100 5 80
32100 5 18
32100 18 80
32400 16 76
32400 32 38
32700 49 55
32700 49 86
32700 50 86
32700 52 55
33000 12 78
33000 58 65
33000 84 89
33300 5 34
33300 29 63
33600 19 73
33600 29 63
33600 56 84
33900 7 58
33900 7 25
33900 21 69
33900 25 58
33900 27 76
33900 28 66
33900 75 79
33900 76 78
34200 5 24
34200 7 16
34200 8 26
34200 14 90
34200 18 37
34500 25 86
34500 29 53
34500 50 86
34800 24 48
34800 29 30
34800 30 63
34800 47 58
35100 12 44
35100 12 72
35100 12 58
35100 17 34
35100 35 50
35100 43 58
35100 44 58
35100 44 56
35100 50 75
35100 53 70
35100 56 58
35100 56 65
35400 53 70
35700 24 45
35700 55 79
35700 69 73
36000 6 58
36000 6 7
36000 7 58
36000 8 14
36000 9 62
36000 14 37
36000 35 75
36300 2 28
36300 5 22
36300 23 61
36600 3 8
36600 14 85
36600 19 79
36600 24 48
36600 45 65
36900 1 6
36900 1 33
36900 1 40
36900 1 10
36900 1 16
36900 2 10
36900 5 39
36900 6 40
36900 6 10
36900 10 40
36900 10 38
36900 10 16
36900 12 44
36900 12 77
36900 16 33
36900 24 48
36900 33 40
36900 38 45
36900 38 85
36900 45 85
37200 21 69
37200 29 63
37500 16 78
37500 28 73
37500 53 63
37500 70 73
37500 75 79
37800 9 73
38100 32 80
38100 50 74
38400 3 5
38400 29 73
38400 50 86
38700 24 48
38700 26 71
38700 29 53
38700 35 75
39000 1 84
39000 1 59
39000 6 84
39000 9 73
39000 20 84
39000 28 69
39000 67 84
39000 84 88
39300 21 56
39300 24 48
39600 11 44
39600 24 63
39600 37 82
39600 86 91
39900 2 15
39900 5 11
39900 14 19
39900 17 18
39900 19 79
39900 42 79
40200 7 12
40200 22 32
40500 22 64
40500 24 48
40500 44 51
40500 52 87
40500 77 82
40800 14 48
40800 14 24
40800 24 48
40800 53 63
41100 23 30
41100 29 53
41100 29 30
41100 35 52
41100 37 84
41100 43 45
41100 44 51
41400 14 24
41400 22 77
41700 29 53
41700 30 62
41700 49 52
42000 29 63
42300 67 84
42600 7 58
42600 15 33
42600 44 52
42900 0 14
42900 7 16
42900 8 90
42900 8 60
42900 9 69
42900 17 68
42900 17 18
43200 5 18
43200 5 11
43200 62 73
43500 14 72
43500 14 34
43500 14 85
43500 24 48
43500 27 75
43500 27 35
43500 35 75
43800 12 42
44100 7 12
44100 33 84
44100 72 85
44100 79 88
44400 11 24
44400 11 51
44400 17 68
44400 22 64
44400 27 51
44400 27 68
44700 35 75
44700 45 58
45000 22 64
45000 28 73
45300 8 26
45300 26 32
45300 38 90
45300 38 85
45300 58 90
45300 58 85
45300 85 90
45600 14 24
45600 29 63
45600 35 75
45600 59 76
45900 22 72
45900 28 69
46200 29 53
46200 37 58
46200 44 51
46200 67 76
46500 34 84
46500 35 75
46500 35 50
46500 37 84
46500 50 86
46500 75 86
46800 26 32
46800 57 60
47100 12 88
47100 17 18
47100 55 74
47400 7 76
47700 1 7
47700 1 27
47700 7 27
47700 14 37
47700 29 53
48000 9 62
48000 24 31
48000 24 48
48000 31 48
48300 7 78
48300 7 59
48300 20 52
48300 20 35
48300 25 35
48300 28 40
48300 28 73
48300 35 52
48300 35 84
48300 35 87
48300 40 84
48300 42 79
48300 52 84
48300 56 87
48300 56 84
48600 14 24
48600 21 69
48600 29 53
48600 85 91
48900 0 14
49200 5 37
49200 5 13
49200 5 74
49200 9 62
49200 74 81
49500 9 62
49500 29 53
49800 9 62
49800 39 51
50100 29 70
50100 29 69
50100 29 53
50100 53 63
50100 59 78
50100 85 91
50400 5 22
50400 5 72
50400 5 37
50400 22 37
50400 22 72
50400 22 26
50400 26 37
50400 29 53
50400 37 72
50400 37 90
50700 7 25
50700 22 64
50700 49 84
50700 50 84
50700 50 52
50700 52 84
51000 3 72
51000 3 83
51000 14 44
51000 44 51
51300 0 48
51300 4 50
51300 9 62
51300 9 73
51300 15 67
51300 52 75
51600 44 51
51600 88 89
51900 22 64
51900 45 85
51900 45 65
51900 65 85
52200 19 62
52200 22 64
52200 77 82
52500 3 68
52500 9 62
52500 28 69
52500 37 77
52500 52 75
52500 62 73
52800 2 15
52800 9 73
52800 20 40
52800 40 75
52800 44 70
53100 29 63
53400 3 5
53400 3 22
53400 5 18
53400 11 24
53400 18 22
53400 22 64
53400 55 79
53700 14 24
53700 76 78
54000 0 48
54000 9 69
54000 9 43
54000 9 73
54000 15 67
54000 23 69
54000 30 66
54000 44 51
54000 52 75
54000 62 73
54000 69 73
54300 5 34
54300 5 37
54300 7 27
54300 23 30
54300 30 34
54600 15 60
54900 11 44
54900 19 28
54900 25 86
54900 35 75
54900 35 52
54900 45 65
54900 52 75
55200 5 72
55200 5 37
55200 5 22
55200 18 72
55200 22 37
55200 22 72
55200 22 26
55200 26 72
55200 26 37
55200 26 71
55200 28 73
55200 37 72
55500 14 58
55500 14 37
55500 22 91
55500 23 30
55500 38 80
55500 85 91
55800 7 84
55800 16 84
55800 25 84
55800 64 77
56100 1 40
56100 1 6
56100 6 60
56100 27 84
56100 44 65
56100 58 65
56400 7 81
56400 14 45
56400 57 60
56700 64 77
57000 28 69
57000 46 60
57000 49 86
57000 49 55
57000 55 86
57300 15 33
57600 11 69
57600 11 23
57600 23 69
57600 53 63
57900 9 62
57900 16 88
57900 23 53
57900 28 73
57900 29 73
57900 35 52
57900 53 73
58200 9 28
58200 12 84
58200 55 87
58500 25 87
58800 38 58
58800 59 78
58800 76 78
59100 44 86
59100 58 65
59400 37 84
59700 11 86
59700 12 86
59700 76 78
60000 3 18
60000 9 62
60000 18 65
60000 29 53
60300 7 12
60300 29 53
60600 9 62
60600 12 16
60600 35 75
60600 57 60
60600 57 88
60600 58 90
60900 14 22
60900 14 39
60900 21 84
60900 30 90
60900 59 78
61200 7 78
61200 28 69
61200 28 66
61200 42 51
61200 46 60
61500 23 30
61500 45 72
61500 45 65
61500 49 74
61500 50 86
61500 52 84
61500 65 72
61800 15 33
61800 25 86
62100 3 43
62100 29 53
62400 19 62
62400 21 56
62400 22 64
62400 77 82
62700 0 24
62700 21 42
62700 22 38
62700 24 45
62700 25 28
62700 27 57
62700 67 76
63000 35 52
63300 12 77
63300 12 84
63300 26 32
63300 77 84
63600 9 28
63600 9 63
63600 9 69
63600 28 69
63600 28 70
63900 3 14
63900 7 88
63900 9 63
63900 9 28
64200 0 48
64200 9 73
64200 15 67
64200 52 75
64500 11 48
64500 22 32
64500 58 65
64800 8 85
64800 8 37
64800 9 62
64800 21 61
64800 59 76
65100 1 15
65100 29 63
65100 55 79
65100 56 87
65100 75 79
65400 22 85
65400 76 78
65700 22 64
65700 28 57
65700 37 58
66000 17 18
66000 35 75
66000 39 90
66300 4 52
66300 8 26
66300 28 29
66300 29 70
66300 37 77
66300 38 39
66600 8 90
66600 8 58
66600 45 58
66600 70 73
66900 0 14
66900 9 62
66900 29 53
66900 37 58
67200 1 27
67200 1 7
67200 6 27
67200 6 7
67200 27 33
67200 29 63
67200 37 58
67200 44 65
67500 45 65
67500 50 86
67500 55 74
67800 3 24
67800 15 33
67800 28 29
67800 44 51
67800 53 63
68100 0 24
68100 50 86
68100 56 84
68400 7 16
68400 29 53
68400 49 52
68700 29 53
69000 9 66
69000 9 62
69000 30 66
69000 50 74
69000 58 72
69300 9 63
69300 9 28
69300 61 62
69600 24 48
69600 57 76
69900 9 30
69900 9 28
69900 9 53
69900 17 18
69900 28 30
69900 28 73
69900 29 53
69900 44 51
69900 50 75
70200 9 62
70200 29 53
70200 37 58
70200 50 74
70200 57 88
70500 23 29
70500 55 74
70800 7 21
70800 7 78
70800 17 68
70800 21 78
70800 29 53
70800 36 50
71100 1 33
71100 1 7
71100 5 72
71100 24 45
71100 37 58
71100 58 65
71400 12 58
71400 43 58
71400 44 45
71400 79 88
71700 7 27
71700 8 17
71700 8 51
71700 8 39
71700 8 14
71700 14 51
71700 14 90
71700 19 51
71700 39 51
71700 51 90
72000 11 48
72000 12 49
72000 49 67
72000 58 65
72000 60 89
72300 1 40
72300 2 12
72300 7 40
72300 12 72
72300 58 72
72600 5 75
72900 7 16
72900 29 53
72900 45 58
73200 0 48
73200 8 90
73200 9 80
73200 9 30
73200 15 67
73200 24 48
73200 30 53
73200 53 73
73200 53 62
73500 17 18
73500 22 32
73500 79 87
73800 14 47
73800 45 72
74100 7 58
74100 21 69
74100 36 50
74400 17 68
74700 24 48
75000 9 62
75000 9 73
75000 17 18
75000 50 74
75000 53 69
75000 55 79
75300 23 29
75300 29 63
75300 31 71
75300 52 79
75600 29 53
75900 0 65
75900 14 65
75900 39 45
76200 9 73
76200 49 73
76200 50 86
76200 57 60
76500 6 40
76800 49 74
77100 5 39
77100 14 58
77100 40 88
77100 49 55
77400 12 44
77700 17 68
77700 28 45
77700 44 45
78000 24 28
78000 29 53
78000 55 74
78000 76 81
78300 8 58
78300 14 58
78300 19 27
78300 27 50
78300 27 84
78300 27 35
78300 27 52
78300 27 75
78300 35 75
78300 35 38
78300 45 58
78300 58 72
78600 28 69
78900 16 84
78900 28 69
78900 32 38
78900 35 50
78900 37 82
78900 37 77
78900 45 65
79200 50 74
79500 11 24
79500 49 55
79800 2 15
79800 2 3
79800 2 48
79800 15 48
79800 24 48
79800 24 49
79800 35 75
79800 48 49
80100 5 74
80100 5 37
80100 9 62
80100 9 73
80100 24 48
80100 24 77
80100 24 74
80400 9 66
80400 9 62
80400 9 73
80400 11 84
80400 62 73
80700 62 73
80700 71 83
81000 37 58
81000 44 51
81300 23 69
81600 4 86
81600 23 29
81600 29 53
81900 6 12
81900 6 26
81900 9 62
81900 9 26
81900 12 46
81900 14 24
82200 14 18
82200 25 58
82200 29 53
82200 35 75
82200 50 75
82200 53 63
82200 56 60
82500 8 26
82500 23 30
82500 23 53
82500 29 53
82500 30 53
82500 39 58
82800 0 24
82800 0 14
82800 14 24
82800 14 48
82800 22 77
82800 24 48
82800 45 48
83100 2 15
83100 7 16
83100 7 12
83100 12 16
83400 53 63
83700 15 33
83700 60 81
83700 76 88
84000 1 12
84000 9 73
84000 9 62
84000 51 71
84300 37 58
84300 44 52
84600 29 53
84900 58 65
84900 76 84
85200 22 64
85200 24 48
85200 77 82
85500 0 51
85500 17 18
85500 26 65
85500 29 53
85500 45 72
85800 21 84
85800 24 48
85800 35 75
85800 55 79
86100 3 58
86400 28 70
86700 11 23
87000 8 26
87000 26 80
87000 31 58
87000 39 85
87000 80 91
87300 37 58
87300 50 86
87600 9 62
87900 15 33
88200 0 48
88200 4 50
88200 9 73
88200 9 62
88200 15 67
88200 52 75
88200 53 66
88500 26 32
88800 14 72
88800 28 53
89100 11 44
89100 24 48
89400 0 14
89400 18 45
89400 35 52
89700 21 27
89700 21 59
89700 34 45
89700 54 71
90000 15 33
90000 22 85
90000 28 66
90000 44 51
90000 53 63
90300 14 24
90600 5 37
90600 35 75
90600 35 49
90600 46 57
90900 7 78
90900 9 69
90900 9 29
90900 29 63
91200 58 65
91500 29 53
91800 9 62
92100 9 62
92100 9 17
92100 24 48
92100 76 88
92400 29 53
92700 1 76
92700 37 58
93000 0 14
93000 5 22
93000 5 37
93000 16 45
93000 22 37
93000 22 26
93000 22 34
93000 26 37
93000 26 72
93000 34 37
93000 37 72
93000 40 84
93000 40 78
93000 60 81
93000 60 88
93000 81 88
93300 9 62
93300 16 76
93300 17 68
93300 21 61
93300 24 37
93300 35 75
93300 42 75
93300 45 90
93300 55 79
93300 59 76
93600 3 53
93600 7 33
93600 11 56
93600 22 32
93600 22 45
93600 28 70
93600 44 51
93600 53 70
93600 53 61
93900 1 33
93900 1 2
93900 1 6
93900 2 6
93900 6 84
93900 6 33
93900 10 84
93900 12 44
93900 33 44
93900 39 51
93900 51 58
93900 51 65
93900 56 84
93900 58 65
93900 67 84
94200 9 46
94200 55 84
94500 55 79
94800 1 33
94800 11 72
94800 14 37
94800 64 77
95100 29 53
95400 29 53
95400 39 51
95400 53 63
95400 53 69
95400 66 69
95700 28 29
95700 29 53
95700 35 52
96000 7 46
96000 17 34
96000 17 18
96000 17 46
96000 32 85
96000 32 38
96000 35 75
96000 64 77
96300 5 44
96300 11 44
96300 28 69
96300 29 70
96300 44 51
96600 4 49
96600 29 53
96600 57 88
96900 32 85
96900 50 86
97200 29 53
97500 7 16
97500 9 29
97500 22 32
97500 52 55
97500 55 74
97800 37 84
97800 49 86
97800 50 74
97800 58 84
98100 27 73
98100 29 53
98100 37 84
98100 49 86
98100 49 50
98400 3 5
98400 29 63
98400 29 73
98400 50 88
98700 24 58
99000 8 26
99300 18 37
99300 53 70
99600 11 23
99600 23 69
99600 53 63
99900 29 53
99900 59 76
100200 62 73
100500 29 53
100800 3 22
100800 28 66
100800 28 69
101100 9 73
101100 14 24
101100 59 76
101400 14 39
101400 14 58
101700 37 58
102000 1 78
102000 29 70
102000 45 65
102300 9 62
102300 9 19
102300 22 64
102300 24 48
102300 38 44
102600 9 73
102600 50 86
102900 6 88
102900 18 37
102900 22 85
102900 23 69
102900 28 62
103200 29 53
103500 9 62
103500 15 33
103500 44 52
103500 62 73
103800 52 79
104100 24 32
104400 25 87
104700 16 61
104700 23 53
104700 28 69
104700 30 53
105000 11 44
105000 25 75
105300 9 73
105300 24 28
105300 29 53
105600 39 58
105600 79 84
105600 79 88
105900 0 24
105900 32 91
105900 57 60
106200 2 39
106200 5 48
106200 12 48
106200 12 14
106200 12 20
106200 14 20
106200 14 58
106200 14 78
106200 20 58
106200 20 78
106200 24 87
106200 29 39
106200 31 58
106200 58 78
106500 0 65
106500 0 14
106500 22 64
106500 24 48
106500 44 51
106800 17 68
106800 22 85
106800 26 37
106800 28 70
106800 37 72
106800 55 86
107100 3 5
107100 9 29
107100 11 48
107100 11 24
107100 24 48
107100 57 88
107100 74 86
107400 21 69
107400 21 61
107400 24 45
107400 30 66
107400 69 73
107700 17 34
108000 9 73
108000 9 62
108300 1 78
108300 9 19
108300 19 42
108300 19 50
108300 33 88
108300 58 72
108300 62 73
108600 2 88
108600 7 58
108900 0 48
108900 9 77
108900 9 62
108900 28 73
108900 44 51
109200 7 58
109200 12 15
109200 15 33
109500 14 71
109500 44 51
109500 50 86
109800 0 24
109800 5 24
109800 39 58
109800 79 88
110100 22 50
110400 14 32
110700 16 25
110700 52 87
111000 8 26
111000 44 51
111300 9 73
111300 11 23
111300 17 18
111300 22 85
111600 52 79
111900 51 54
111900 63 89
112200 5 39
112200 35 87
112200 35 86
112200 35 52
112500 50 86
112800 21 76
113100 9 73
113100 28 84
113100 28 76
113100 76 84
113400 28 84
113400 39 51
113700 3 72
113700 22 38
113700 22 32
114000 3 80
114000 28 53
114000 49 55
114300 52 79
114600 9 62
114600 38 58
114600 38 45
114600 59 78
114600 76 78
114900 17 68
114900 17 34
114900 34 68
114900 35 75
114900 36 75
114900 75 86
115200 9 62
115200 50 86
115500 1 88
115500 9 62
115500 9 69
115500 9 66
115500 27 88
115500 28 69
115500 29 30
115500 30 66
115800 19 78
115800 21 63
115800 29 53
116100 24 48
116100 35 52
116100 39 45
116100 57 62
116400 1 59
116400 29 53
116400 75 79
116700 22 85
116700 61 69
117000 15 27
117000 23 30
117000 29 71
117000 37 58
117300 7 16
117300 7 84
117300 7 25
117300 16 84
117300 16 25
117300 25 84
117300 50 84
117600 29 53
117600 29 63
117900 11 44
117900 11 30
117900 24 48
118200 14 50
118200 22 64
118200 30 66
118200 44 86
118500 69 70
118800 39 72
119100 9 62
119100 27 88
119100 28 69
119100 29 53
119400 45 65
119700 8 26
119700 50 74
120000 17 68
120000 45 58
120000 63 70
120000 64 77
120300 5 18
120600 28 84
120900 9 63
120900 9 73
121200 1 65
121200 8 39
121200 8 85
121200 9 62
121200 14 45
121200 29 63
121200 38 45
121200 41 86
121200 50 75
121200 53 70
121200 75 79
121500 9 62
121500 35 75
121800 3 80
122100 17 18
122100 32 38
122400 8 16
122400 28 69
122700 9 29
122700 14 48
122700 53 66
123000 9 62
123300 12 56
123300 56 58
123600 28 69
123900 5 18
123900 35 50
123900 42 50
123900 50 86
124200 23 53
124200 28 69
124200 35 52
124200 46 50
124200 50 86
124200 53 70
124500 8 26
124500 53 63
124800 7 46
124800 17 18
124800 17 68
124800 45 58
125100 7 56
125100 9 62
125400 7 76
125400 9 63
125700 52 79
126000 24 58
126000 28 84
126000 28 62
126300 21 69
126300 21 61
126300 61 69
126600 0 24
126900 24 69
126900 28 69
127200 15 33
127200 50 86
127200 60 81
127200 76 88
127500 12 78
127800 7 25
127800 19 79
127800 21 79
127800 21 61
127800 24 48
127800 24 45
127800 28 69
127800 61 66
127800 79 87
128100 21 56
128100 36 50
128400 7 27
128400 7 57
128400 27 77
128400 27 58
128400 58 77
128700 17 18
129000 5 18
129000 12 77
129000 12 44
129000 12 64
129000 24 48
129000 39 65
129000 44 65
129300 29 53
129300 37 58
129600 9 63
129600 37 77
129900 23 69
129900 23 30
129900 29 53
129900 30 63
129900 30 53
130200 42 51
130200 46 60
130200 53 70
130500 15 33
130500 49 50
130800 29 53
131100 49 84
131400 15 67
131400 30 66
131400 37 58
131400 37 77
131400 52 75
131400 62 73
131400 64 82
131400 65 82
131700 0 48
131700 9 62
131700 15 67
131700 16 59
131700 24 48
131700 28 30
131700 28 69
131700 44 51
131700 52 75
131700 62 73
132000 3 68
132000 29 63
132300 0 48
132300 8 90
132300 8 16
132300 29 53
132300 29 30
132300 62 73
132600 9 23
132600 9 73
132600 14 24
132900 34 86
133200 14 72
133200 30 73
133200 30 69
133200 53 69
133500 14 47
133500 32 38
133800 28 69
133800 37 82
134100 42 43
134100 42 72
134100 42 58
134100 58 72
134400 17 18
134400 45 65
134400 49 52
134400 52 86
134700 24 48
134700 37 58
135000 22 64
135000 40 88
135000 44 51
135000 67 78
135300 7 84
135300 24 84
135300 27 84
135300 33 84
135300 51 58
135600 7 25
135600 9 72
135600 22 64
135600 35 52
135900 35 75
135900 39 58
135900 65 84
135900 79 88
136200 29 53
136500 35 52
136800 0 14
136800 3 14
136800 8 90
136800 9 69
136800 16 84
136800 30 53
136800 65 82
137100 3 45
137400 8 26
137400 28 70
137700 3 5
137700 29 63
138000 7 25
138000 28 69
138300 8 26
138300 14 44
138600 22 64
138600 24 48
138600 44 51
138600 77 82
138900 44 51
138900 77 82
139200 2 15
139200 3 14
139200 7 50
139200 9 62
139200 9 73
139500 24 48
139500 29 53
139500 35 75
139800 3 24
139800 14 45
139800 24 29
139800 24 53
139800 24 28
139800 29 53
139800 44 51
140100 24 48
140100 28 69
140400 0 14
140400 41 79
140400 53 69
140400 77 82
140700 8 26
140700 9 62
140700 21 84
141000 17 18
141300 22 64
141600 14 58
141600 21 61
141900 9 53
141900 29 53
141900 37 58
141900 50 86
141900 53 73
142200 11 24
142200 23 30
142200 50 86
142200 84 88
142500 28 70
142500 39 72
142500 72 90
142800 21 61
142800 22 64
142800 57 88
143100 79 86
143400 7 16
143400 7 58
143700 25 84
143700 64 77
143700 75 79
144000 0 45
144000 7 78
144000 7 21
144000 14 24
144300 0 14
144300 7 16
144300 8 60
144300 8 90
144300 9 62
144300 53 66
144600 5 51
144600 5 35
144600 14 39
144600 17 51
144600 27 65
144600 27 72
144600 27 35
144600 27 75
144600 35 37
144600 35 45
144600 35 75
144600 45 58
144600 45 72
144600 51 68
144600 58 72
144900 12 43
145200 0 24
145200 4 86
145200 9 63
145200 9 69
145200 24 48
145200 61 62
145500 22 64
145500 35 79
145500 77 82
145800 11 38
145800 23 30
145800 29 53
145800 62 73
145800 84 88
146100 1 16
146100 2 15
146100 31 71
146100 33 40
146400 44 51
146400 55 79
146700 5 24
146700 5 65
146700 9 66
146700 9 13
146700 24 32
146700 57 60
147000 8 26
147000 22 71
147000 38 85
147000 38 90
147000 39 65
147000 58 85
147000 72 90
147300 45 83
147300 55 79
147300 58 72
147300 58 85
147300 80 85
147600 7 76
147900 11 26
147900 35 75
148200 0 48
148200 4 86
148200 9 63
148200 21 84
148200 52 87
148500 3 22
148500 11 24
148500 42 79
148500 52 79
148500 55 79
148800 12 58
148800 58 72
148800 59 78
148800 65 72
149100 17 68
149100 28 69
149100 29 53
149100 37 82
149100 44 51
149400 3 5
149400 29 63
149700 9 62
149700 29 73
149700 29 63
150000 1 76
150000 27 76
150000 35 79
150000 44 51
150000 77 82
150300 0 14
150300 53 70
150300 60 79
150600 7 25
150600 16 25
150600 30 66
150900 17 18
150900 18 68
150900 24 48
150900 32 58
151200 3 85
151200 22 85
151500 20 40
151500 29 53
151800 9 62
151800 17 68
151800 18 68
152100 17 34
152100 28 70
152400 3 83
152400 50 74
152700 7 16
152700 7 25
152700 16 25
153000 12 16
153000 27 81
153000 39 57
153000 50 86
153300 1 88
153300 5 51
153300 7 81
153300 7 88
153300 29 53
153300 39 51
153300 49 67
153300 55 86
153600 22 77
153600 22 64
153900 4 48
153900 8 34
153900 8 90
153900 8 58
153900 11 24
153900 27 76
153900 27 81
153900 45 58
154200 7 76
154200 8 26
154200 15 33
154200 23 29
154200 29 53
154200 53 63
154500 28 30
154800 22 85
154800 46 89
155100 44 51
155100 57 62
155400 29 53
155700 28 70
156000 21 69
156000 29 53
156000 75 79
156300 30 66
156300 32 91
156300 34 72
156300 53 63
156600 9 28
156600 9 63
156600 28 69
156600 37 77
156900 17 18
157200 22 64
157500 0 24
157500 19 42
157500 19 50
157500 20 35
157500 22 32
157500 55 79
157500 84 87
157800 28 70
158100 27 60
158100 29 63
158400 7 12
158400 22 91
158400 24 32
158400 33 84
158400 79 88
158400 85 91
158700 28 53
158700 44 51
159000 5 18
159000 7 88
159000 8 26
159000 53 63
159300 29 63
159600 24 45
159600 29 53
159600 44 51
159900 24 48
159900 24 45
159900 29 63
159900 29 70
159900 39 45
159900 42 50
159900 42 65
159900 45 72
159900 45 48
160200 49 55
160200 50 86
160500 3 14
160500 3 44
160500 9 73
160500 9 19
160500 9 62
160500 11 44
160500 19 73
160500 29 63
160500 62 73
160500 62 66
160800 5 72
160800 9 62
160800 49 86
161100 53 62
161100 76 78
161400 23 49
161400 25 49
161400 28 69
161400 37 77
161400 52 75
161400 53 61
161700 11 23
161700 23 69
161700 45 58
162000 7 50
162300 22 38
162300 29 53
162300 29 30
162300 29 66
162300 30 53
162600 5 11
162600 14 48
162600 28 73
162600 29 53
162600 39 51
162600 61 71
162600 70 73
162900 0 45
162900 3 5
162900 9 29
162900 9 30
162900 9 70
162900 9 28
163200 3 37
163200 9 30
163200 32 88
163500 0 24
163500 5 34
163500 23 29
163500 29 30
163800 17 18
163800 29 63
164100 24 48
164100 46 84
164100 74 79
164400 2 28
164400 2 39
164400 11 34
164400 28 38
164400 61 86
164400 77 86
164700 28 69
165000 17 68
165000 36 50
165300 7 78
165300 8 26
165300 14 24
165300 14 64
165300 17 68
165300 29 53
165600 12 44
165600 17 56
165900 14 48
165900 23 30
165900 24 48
165900 39 58
165900 45 58
165900 45 72
165900 58 72
166200 52 86
166200 63 70
166500 63 70
166800 24 48
166800 52 84
166800 53 63
167100 1 84
167100 5 18
167100 6 84
167100 7 84
167100 20 84
167100 28 30
167100 29 53
167100 32 38
167100 33 84
167100 67 84
167100 81 84
167100 84 88
167400 8 26
167400 29 53
167400 50 74
167400 53 69
167700 9 51
167700 9 39
167700 39 51
168000 29 53
168000 52 87
168300 24 48
168300 26 31
168600 20 35
168600 29 61
168600 39 45
168600 42 79
168600 52 84
168600 56 84
168600 84 87
168900 17 18
168900 22 58
168900 22 32
168900 32 58
169200 37 58
169200 53 66
169200 53 61
169200 53 70
169200 62 73
169500 15 33
169500 46 76
169500 60 81
169800 18 90
169800 23 30
169800 35 75
169800 46 84
169800 50 86
169800 50 60
169800 57 88
169800 62 73
170100 9 66
170100 16 59
170100 50 59
170100 59 76
170400 9 62
170400 17 18
170400 50 86
170400 79 87
170700 35 75
170700 45 65
170700 56 86
170700 56 84
170700 84 86
171000 2 10
171000 10 16
171000 10 33
171000 11 84
171000 12 44
171000 24 31
171000 39 51
171000 51 58
171000 58 65
171300 29 63
171600 11 24
171600 19 59
171600 19 76
171600 37 72
171600 59 76
171600 70 73
171900 28 70
171900 38 39
172200 40 88
172200 55 74
172500 28 69
172500 29 70
172500 44 51
172800 8 26
172800 14 44
172800 52 79
173100 7 25
173100 9 66
173100 22 64
173400 12 44
173400 58 65
173700 29 63
174000 5 22
174000 23 61
174300 21 76
174300 21 69
174300 22 85
174600 2 10
174600 6 10
174600 6 12
174600 11 58
174600 16 53
174600 16 70
174600 39 65
174600 44 51
174600 51 58
174600 51 65
174600 53 70
174600 58 65
174600 67 84
174600 79 84
174600 84 86
174900 11 77
174900 12 27
174900 17 34
174900 22 48
174900 27 81
174900 27 48
174900 27 77
174900 48 64
174900 64 77
175200 8 79
175200 14 24
175200 21 69
175200 29 53
175200 45 58
175500 0 14
175500 14 37
175500 17 18
175500 28 30
175500 64 77
175800 35 75
175800 62 73
176100 21 69
176100 29 63
176400 23 29
176700 1 16
176700 8 26
177000 25 88
177000 29 53
177000 38 51
177000 45 58
177000 51 72
177300 5 37
177300 24 48
177300 24 31
177300 31 48
177600 9 29
177600 11 48
177600 27 81
177600 57 88
177900 39 58
177900 44 58
177900 49 58
177900 49 79
177900 49 88
177900 79 88
177900 79 84
178200 7 88
178200 9 62
178200 52 75
178500 4 55
178800 14 58
178800 25 79
179100 29 53
179400 24 48
179400 42 43
179400 44 45
179400 48 49
179400 53 70
179400 79 88
179700 14 44
179700 14 22
180000 17 18
180000 45 65
180300 7 88
180300 9 62
180300 29 53
180600 4 86
180600 7 12
180600 9 28
180600 9 63
180600 37 58
180600 52 87
180900 22 32
181200 22 64
181200 24 48
181500 23 30
181500 42 76
181500 49 55
181800 28 69
181800 30 53
181800 53 70
182100 0 14
182100 7 78
182100 9 62
182100 21 84
182100 21 56
182100 29 53
182100 52 87
182400 45 58
182400 45 72
182400 63 70
182700 4 74
182700 24 48
182700 35 75
183000 7 84
183000 8 26
183000 21 84
183000 31 71
183300 3 72
183300 22 32
183300 52 79
183300 62 73
183300 79 86
183600 1 16
183600 2 6
183600 2 10
183600 6 40
183600 6 27
183600 6 10
183600 10 16
183600 10 40
183600 12 77
183600 12 44
183600 16 33
183600 17 18
183600 24 48
183600 27 40
183600 27 46
183600 27 65
183600 27 57
183600 39 65
183600 46 56
183600 46 57
183900 0 14
183900 16 59
183900 53 69
184200 4 52
184200 9 73
184200 9 69
184200 9 62
184200 29 53
184200 52 55
184200 55 79
184200 67 76
184500 5 72
184500 5 37
184500 22 26
184500 22 37
184500 22 72
184500 26 37
184500 26 72
184500 29 53
184500 37 72
184500 53 63
184800 28 53
185100 53 69
185100 61 69
185400 1 12
185400 5 45
185400 9 73
185400 9 62
185700 29 69
185700 66 69
186000 8 26
186000 42 59
186000 53 63
186300 29 63
186600 14 65
186600 14 45
186600 22 64
186600 29 53
186600 39 58
186600 39 85
186600 46 89
186600 58 85
186600 58 65
186900 11 84
186900 12 84
186900 16 33
186900 29 53
186900 42 43
186900 49 84
186900 49 58
186900 49 64
186900 58 84
186900 64 77
186900 79 88
187200 1 59
187200 6 88
187200 32 38
187500 0 24
187500 42 79
187500 42 44
187500 56 84
187800 9 60
187800 15 33
187800 35 75
188100 11 23
188100 17 18
188100 23 69
188100 35 74
188100 62 73
188400 22 38
188700 9 73
188700 29 69
188700 29 53
188700 37 58
188700 50 74
188700 53 69
189000 9 73
189000 29 63
189300 21 69
189300 24 45
189600 1 6
189600 1 59
189600 1 88
189600 7 81
189600 29 53
189900 7 88
190200 35 75
190200 35 52
190500 28 69
190500 65 91
190800 28 70
191100 8 26
191100 44 51
191400 29 53
191400 35 49
191400 37 84
191400 58 84
191700 3 14
191700 19 24
191700 24 48
191700 53 70
192000 67 84
192300 12 60
192300 19 75
192300 35 75
192300 35 50
192300 50 75
192300 50 52
192300 52 75
192600 15 33
192600 25 55
192600 56 60
192900 0 24
192900 17 68
193200 17 18
193200 21 56
193200 21 59
193200 24 48
193200 32 58
193500 5 37
193500 5 18
193500 14 77
193500 18 37
193500 64 77
193800 9 62
193800 14 24
193800 19 58
193800 21 69
193800 25 79
193800 39 51
193800 51 65
193800 58 72
193800 65 72
193800 66 70
194100 0 14
194100 9 62
194100 12 32
194100 17 51
194100 21 56
194100 24 45
194100 28 62
194100 56 60
194400 9 62
194400 9 45
194400 12 57
194400 13 50
194400 14 85
194400 14 24
194400 27 75
194400 45 61
194400 45 83
194400 50 74
194700 24 59
194700 29 53
194700 45 90
194700 53 63
195000 13 88
195000 21 88
195000 29 53
195000 29 69
195000 45 83
195000 50 74
195000 55 79
195300 22 64
195300 35 79
195300 77 82
195600 14 37
195600 37 58
195600 44 51
195900 11 16
195900 35 51
195900 35 84
195900 40 57
195900 44 51
195900 44 45
195900 45 51
195900 53 70
195900 56 88
195900 57 88
196200 9 62
196200 16 84
196200 24 48
196500 9 30
196500 29 53
196500 30 62
196500 37 77
196500 49 52
196500 52 84
196800 4 87
196800 9 62
196800 22 85
196800 29 53
196800 36 50
196800 84 89
197100 34 84
197100 35 75
197100 55 74
197100 67 84
197400 3 11
197400 28 76
197400 57 76
197700 15 33
197700 23 30
197700 53 63
198000 22 64
198000 42 52
198300 9 28
198300 9 63
198600 53 70
198900 9 62
198900 29 69
198900 50 74
198900 53 69
198900 55 79
199200 14 24
199200 50 55
199500 9 73
199500 29 53
199500 53 73
199800 2 10
199800 2 6
199800 3 14
199800 6 10
199800 11 14
199800 14 34
199800 27 46
199800 44 51
200100 28 62
200100 28 29
200100 29 53
200400 35 75
200400 76 84
200700 28 62
200700 29 53
200700 45 85
200700 45 65
201000 29 53
201000 37 58
201300 7 78
201300 16 25
201300 27 60
201600 28 43
201600 39 51
201900 5 54
201900 7 59
201900 9 62
201900 62 69
202200 44 51
202200 58 65
202500 5 14
202500 37 58
202800 17 18
203100 35 75
203100 35 52
203100 52 75
203400 2 88
203400 7 88
203400 40 88
203400 40 84
203400 84 88
203700 12 59
203700 50 86
203700 75 84
204000 9 23
204000 9 62
204300 24 48
204300 66 69
204600 8 26
204600 9 28
204600 9 62
204600 22 64
204600 28 73
204900 1 7
204900 7 40
204900 33 59
205200 7 33
205200 58 72
205200 64 77
205500 7 58
205500 24 48
205500 29 53
205500 49 52
205800 29 53
206100 29 53
206400 6 40
206400 15 33
206400 38 45
206400 44 52
206700 20 35
206700 39 45
206700 42 79
207000 0 48
207000 0 14
207000 9 62
207000 18 68
207000 28 29
207300 9 69
207300 9 66
207300 9 62
207300 12 57
207300 27 75
207300 50 74
207300 62 69
207300 80 85
207600 29 70
207600 44 72
207600 53 70
207900 12 88
207900 22 85
207900 55 74
208200 22 80
208200 28 69
208200 53 70
208500 7 25
208500 16 25
208500 30 66
208500 50 86
208800 17 18
208800 22 32
208800 79 87
208800 84 87
209100 11 44
209400 5 72
209400 49 55
209400 49 86
209400 55 86
209700 3 18
209700 7 58
209700 15 33
210000 8 83
210000 29 53
210000 44 51
210300 15 33
210600 14 24
210900 4 50
210900 9 62
210900 23 30
210900 30 44
210900 35 52
210900 46 49
210900 49 86
210900 53 70
211200 12 58
211200 39 58
211200 79 88
211500 5 14
211500 9 62
211500 37 58
211500 44 45
211800 29 53
211800 37 58
211800 50 86
211800 51 65
212100 0 48
212100 9 63
212100 32 71
212400 29 53
212400 51 65
212700 6 40
212700 9 62
212700 35 49
212700 55 74
213000 59 76
213300 8 26
213300 49 74
213600 3 14
213600 21 84
213600 28 73
213600 29 70
213600 45 65
213900 2 33
213900 24 87
213900 58 62
214200 14 37
214200 17 68
214500 2 10
214500 2 6
214500 6 10
214800 24 48
214800 31 32
215100 4 50
215100 5 24
215100 7 57
215100 8 26
215100 9 62
215100 13 50
215100 14 90
215100 14 37
215100 32 80
215100 37 90
215400 9 62
215400 38 58
215400 38 45
215400 45 58
215700 5 72
215700 29 69
215700 29 53
215700 50 74
215700 53 69
215700 55 79
216000 9 62
216000 18 34
216000 21 66
216000 29 69
216000 45 83
216000 50 74
216000 55 79
216000 57 60
216300 1 16
216300 7 88
216300 9 62
216300 35 79
216300 35 52
216300 35 36
216300 36 79
216300 76 88
216600 11 24
216900 11 26
216900 35 75
217200 29 70
217500 40 56
217800 1 84
217800 5 18
217800 15 88
217800 15 40
217800 15 84
217800 18 32
217800 22 32
217800 23 69
217800 28 30
217800 29 53
217800 59 88
217800 59 84
217800 62 75
217800 81 84
217800 84 88
218100 28 69
218100 46 89
218400 9 29
218400 29 62
218400 29 63
218400 62 73
218400 63 66
218700 14 58
218700 21 61
219000 11 44
219000 63 70
219300 7 58
219300 21 84
219300 24 45
219300 56 60
219600 9 28
219600 15 60
219600 16 76
219600 28 62
219600 35 50
219600 38 90
219600 39 65
219600 50 75
219600 85 90
219900 24 48
220200 6 40
220200 7 16
220500 23 30
220500 24 48
220800 11 24
220800 24 48
221100 58 59
221100 59 76
221100 59 78
221100 60 81
221100 76 88
221400 6 40
221400 24 45
221400 49 86
221400 57 60
221700 36 50
222000 9 62
222000 29 53
222000 57 88
222300 5 84
222300 22 77
222300 24 48
222600 7 25
222600 35 84
222600 52 84
222900 12 44
222900 12 58
222900 12 77
222900 24 48
222900 58 65
223200 20 31
223200 24 31
223200 24 48
223200 31 48
223200 71 83
223500 21 84
223500 30 66
223500 55 86
223800 49 55
224100 5 85
224100 5 80
224100 21 84
224100 28 69
224400 18 37
224400 23 30
224400 38 91
224700 2 15
224700 9 73
224700 17 18
224700 35 75
225000 9 69
225000 9 63
225000 24 48
225000 28 70
225000 53 70
225000 61 62
225300 1 78
225300 7 78
225300 21 76
225300 24 48
225300 77 82
225600 35 75
225600 50 86
225900 8 39
225900 8 85
225900 9 62
225900 38 45
226200 11 48
226200 49 84
226200 50 74
226200 75 88
226200 79 88
226500 9 62
226500 9 19
226500 12 58
226500 14 37
226500 19 44
226500 21 61
226500 22 64
226500 29 53
226500 44 45
226500 44 58
226500 44 60
226500 53 63
226800 5 18
226800 7 88
226800 16 88
226800 28 73
226800 29 53
226800 39 51
226800 49 86
226800 49 55
226800 55 86
227100 9 62
227400 6 40
227400 9 73
227400 9 61
227400 50 86
227700 7 76
227700 12 16
227700 14 37
227700 27 81
227700 35 75
228000 1 16
228000 35 84
228000 35 52
228300 24 48
228600 17 18
228600 29 61
228600 44 51
228900 9 63
228900 9 73
228900 9 28
228900 9 69
228900 24 48
228900 28 70
228900 37 65
228900 53 70
228900 61 62
229200 9 63
229500 9 73
229500 35 50
229500 50 86
229500 50 84
229800 3 44
229800 5 72
229800 7 58
229800 9 23
230100 24 48
230100 46 84
230100 79 86
230400 9 62
230400 77 82
230700 9 73
230700 45 70
230700 52 84
230700 53 70
231000 7 58
231300 25 36
231300 53 63
231600 21 84
231600 22 85
231900 2 15
231900 23 30
232200 9 73
232200 16 88
232200 21 69
232200 22 64
232200 53 70
232500 7 78
232500 29 53
232800 11 44
233100 8 26
233100 42 43
233100 53 63
233400 21 46
233400 24 48
233400 26 31
233400 75 79
233700 14 37
233700 35 87
233700 35 52
233700 44 51
234000 9 63
234000 9 28
234300 22 64
234300 35 52
234300 44 51
234300 46 89
234600 50 86
234900 1 16
234900 1 59
234900 15 16
234900 16 59
234900 49 55
234900 55 79
235200 50 86
235200 52 84
235200 52 75
235200 59 76
235200 75 84
235500 23 30
235500 49 74
235500 49 55
235500 55 74
235500 69 73
235800 0 24
235800 45 58
235800 50 86
235800 55 74
236100 29 53
236100 29 63
236100 45 65
236100 45 85
236100 58 65
236400 29 63
236400 50 86
236700 21 84
236700 23 29
236700 51 65
237000 31 71
237300 9 73
237300 9 19
237300 33 88
237300 50 75
237600 8 26
237600 9 62
237600 9 73
237600 69 73
237900 9 62
237900 18 90
237900 23 30
237900 50 60
237900 50 57
237900 57 88
238200 29 53
238500 4 50
238500 15 67
238500 28 69
238500 30 66
238500 44 51
238500 52 75
238500 55 86
238800 4 79
238800 16 84
239100 9 73
239100 28 53
239100 50 74
239400 8 26
239400 9 62
239400 9 28
239400 28 73
239400 28 62
239400 50 52
239400 50 86
239700 5 18
239700 12 77
239700 12 64
239700 24 48
239700 64 77
240000 35 75
240000 55 86
240300 7 86
240600 17 18
240600 29 53
240600 36 79
240900 53 66
241200 9 62
241200 29 53
241500 1 7
241500 9 73
241500 9 62
241500 14 51
241500 23 29
241500 28 29
241500 29 53
241500 49 55
241800 9 28
241800 9 69
241800 9 63
241800 17 68
241800 28 73
241800 28 70
241800 28 30
241800 28 69
241800 30 62
241800 35 75
241800 53 62
241800 53 70
241800 61 62
242100 8 50
242100 9 62
242100 38 58
242100 38 45
242100 50 75
242400 11 57
242400 22 64
242400 29 30
242400 30 63
242400 47 58
242400 56 57
242700 21 59
243000 28 29
243000 29 70
243300 5 11
243300 18 37
243300 29 53
243600 11 23
243900 9 66
243900 14 24
243900 24 58
243900 28 84
244200 58 65
244200 76 78
244200 76 81
244200 78 81
244500 21 56
244500 24 48
244800 8 26
244800 53 63
245100 29 63
245100 37 77
245100 55 86
245400 5 85
245400 76 78
245700 28 73
245700 62 73
245700 67 84
245700 67 76
246000 5 11
246000 5 72
246000 9 62
246300 7 88
246300 22 64
246300 59 67
246300 61 66
246600 5 14
246600 29 70
246600 44 51
246900 3 85
246900 50 86
247200 2 60
247200 28 53
247200 39 58
247200 58 65
247500 4 79
247500 37 58
247500 75 79
247800 29 53
247800 57 88
248100 0 45
248100 29 53
248100 37 58
248100 37 47
248400 29 63
248400 50 86
248700 9 62
248700 29 53
248700 50 74
248700 58 72
249000 9 62
249000 9 66
249000 14 48
249000 24 32
249000 50 75
249000 59 76
249300 29 53
249300 50 74
249300 52 86
249600 18 37
249600 29 53
249600 35 55
249600 39 72
249600 80 85
249900 19 73
249900 52 75
250200 5 21
250200 21 84
250500 7 12
250500 23 29
250800 7 58
250800 24 35
250800 29 53
250800 49 52
250800 55 79
251100 42 86
251100 55 86
251400 15 33
251400 23 61
251700 0 48
251700 8 90
251700 16 84
251700 29 53
252000 26 52
252000 29 53
252300 1 78
252300 3 5
252300 29 63
252600 16 46
252600 35 84
252600 44 51
252600 57 88
252900 21 69
252900 58 85
253200 11 23
253200 21 30
253200 23 69
253200 37 58
253200 74 86
253500 3 14
253500 14 37
253500 16 84
253500 50 75
253800 0 14
253800 0 3
253800 3 14
253800 7 78
254100 29 53
254100 35 75
254100 42 50
254400 12 64
254400 12 45
254400 12 58
254400 17 18
254400 18 68
254400 34 58
254400 64 77
254700 0 14
254700 7 16
254700 8 60
254700 15 67
255000 9 63
255000 28 70
255000 35 75
255300 34 84
255300 58 72
255300 80 85
255600 0 24
255600 4 84
255600 35 52
255600 55 79
255900 25 49
255900 55 79
256200 5 85
256200 5 72
256200 55 86
256200 72 80
256200 80 85
256500 9 62
256500 15 33
256500 35 75
256500 52 55
256500 60 81
256800 14 24
256800 18 47
257100 7 59
257100 8 90
257100 24 48
257100 79 86
257400 0 24
257700 6 40
257700 12 44
257700 18 68
257700 28 30
257700 64 77
258000 5 18
258000 29 90
258000 44 51
258000 45 64
258000 81 88
258300 7 84
258300 44 65
258300 58 65
258600 9 62
258600 9 53
258600 12 58
258600 12 44
258600 12 77
258600 39 65
258600 39 58
258600 44 65
258600 53 70
258600 58 65
258900 7 16
258900 7 25
258900 16 25
258900 17 18
258900 30 66
259200 5 14
259200 6 88
259200 14 24
259200 28 30
259500 7 58
259500 19 76
259500 21 69
259500 28 73
259500 59 76
259800 14 22
260100 29 53
260100 37 77
260400 9 63
260400 28 70
260400 28 53
260400 37 65
260400 53 70
260400 61 62
260700 24 48
260700 26 31
260700 35 75
260700 37 91
261000 29 53
261000 46 89
261000 69 70
261300 7 84
261300 35 86
261300 35 50
261300 37 80
261300 37 50
261300 38 86
261300 50 75
261300 50 80
261600 17 68
261600 42 50
261900 35 75
262200 28 53
262200 44 51
262500 17 80
262500 21 84
262500 24 48
262500 35 75
262500 46 84
262800 12 59
262800 20 84
262800 37 58
262800 59 76
263100 7 25
263100 7 16
263100 30 66
263100 61 69
263400 22 85
263700 2 84
263700 3 68
263700 9 62
263700 9 30
263700 24 48
263700 52 75
263700 62 73
264000 19 50
264000 19 75
264000 27 60
264000 35 50
264000 35 75
264000 50 75
264300 1 7
264300 17 18
264300 55 79
264300 75 79
264600 28 69
264600 29 53
264600 37 82
264600 44 51
264900 2 15
264900 2 33
264900 9 73
264900 9 62
264900 15 72
264900 29 63
264900 50 75
264900 58 86
264900 58 78
264900 58 59
264900 59 78
264900 72 86
264900 72 78
264900 72 75
264900 75 86
265200 9 62
265200 22 32
265200 76 78
265500 18 47
265500 18 37
265500 58 65
265800 3 44
265800 22 64
265800 44 51
265800 45 58
266100 50 84
266400 14 58
266400 22 38
266700 35 52
266700 44 77
266700 56 84
267000 9 73
267000 9 62
267000 17 18
267000 50 74
267000 53 69
267300 3 58
267300 29 63
267300 37 58
267300 50 75
267600 9 19
267600 9 62
267600 9 73
267600 19 73
267600 45 65
267600 62 73
267900 28 84
268200 3 51
268200 3 23
268200 23 49
268200 28 69
268200 42 51
268200 52 75
268200 80 90
268500 29 53
268500 69 70
268800 11 84
268800 14 71
268800 37 58
268800 50 86
269100 19 59
269100 19 76
269100 21 61
269100 24 45
269100 25 47
269100 27 57
269100 28 69
269100 44 51
269100 53 66
269400 0 14
269400 8 54
269400 8 32
269400 8 26
269400 22 91
269400 25 39
269400 39 51
269700 9 73
270000 5 14
270300 3 37
270300 8 26
270300 22 37
270300 23 30
270300 29 63
270300 37 90
270600 24 45
270600 29 53
270600 37 58
270600 44 51
270900 2 28
270900 5 22
270900 22 85
271200 29 70
271500 9 62
271500 22 85
271500 29 53
271500 29 30
271500 50 86
271800 24 58
271800 32 80
271800 67 76
272100 35 55
272100 50 74
272400 0 24
272400 9 66
272400 23 29
272700 9 62
272700 23 53
272700 23 73
272700 28 53
272700 28 73
272700 29 53
272700 39 51
273000 17 68
273000 18 34
273000 35 75
273000 35 36
273000 36 75
273300 15 60
273300 21 60
273300 85 90
273600 9 30
273600 12 76
273600 21 56
273600 22 64
273600 38 45
273600 56 76
273900 9 73
274200 5 39
274200 8 84
274200 9 31
274200 24 48
274200 29 53
274200 46 84
274500 11 58
274500 27 64
274500 28 53
274500 53 70
274500 85 90
274800 3 5
274800 9 62
274800 9 29
274800 11 24
274800 11 48
274800 18 37
274800 24 48
275100 17 68
275100 50 86
275400 8 26
275400 29 53
275400 36 79
275400 36 55
275400 55 79
275700 0 24
275700 0 48
275700 9 62
275700 15 67
275700 23 30
276000 7 58
276000 9 73
276000 24 35
276000 29 53
276000 35 48
276000 42 55
276000 49 52
276300 11 44
276300 44 53
276300 53 70
276600 25 86
276600 30 53
276600 53 77
276900 9 73
276900 29 63
277200 9 62
277500 21 46
277500 21 26
277500 24 48
277500 26 31
277500 49 79
277500 75 79
277800 0 48
277800 8 90
277800 29 53
278100 52 79
278400 7 27
278400 27 60
278400 27 57
278400 28 61
278400 29 53
278400 49 74
278400 57 60
