0 31 71
0 44 51
0 53 63
300 28 69
300 65 91
600 0 65
600 0 14
600 22 64
600 24 48
600 44 51
900 27 60
900 29 63
900 37 58
900 50 75
1200 24 48
1200 26 31
1200 35 75
1200 37 91
1500 23 49
1500 25 49
1500 28 69
1500 37 77
1500 52 75
1500 53 61
1800 8 26
1800 26 80
1800 31 58
1800 39 85
1800 80 91
2100 55 79
2400 0 48
2400 4 50
2400 9 62
2400 9 73
2400 15 67
2400 52 75
2700 11 24
2700 23 30
2700 50 86
2700 84 88
3000 19 73
3000 52 75
3300 9 63
3300 37 77
3600 9 29
3600 14 48
3600 53 66
3900 15 33
4200 5 14
4200 29 70
4200 44 51
4500 24 44
4500 29 63
4800 9 62
4800 50 86
5100 9 62
5100 16 76
5100 17 68
5100 21 61
5100 24 37
5100 35 75
5100 42 75
5100 45 90
5100 55 79
5100 59 76
5400 28 43
5400 39 51
5700 7 27
5700 27 60
5700 27 57
5700 28 61
5700 29 53
5700 49 74
5700 57 60
6000 29 53
6300 21 56
6300 24 48
6600 0 48
6600 9 69
6600 9 43
6600 9 73
6600 15 67
6600 23 69
6600 30 66
6600 44 51
6600 52 75
6600 62 73
6600 69 73
6900 0 24
7200 28 69
7200 46 89
7500 15 60
7800 11 48
7800 22 32
7800 58 65
8100 14 58
8100 21 61
8400 25 36
8400 53 63
8700 28 29
8700 29 53
8700 35 52
9000 14 24
9000 50 55
9300 1 40
9300 1 6
9300 6 60
9300 27 84
9300 44 65
9300 58 65
9600 12 16
9600 27 81
9600 39 57
9600 50 86
9900 11 24
9900 11 51
9900 17 68
9900 22 64
9900 27 51
9900 27 68
10200 28 69
10200 29 53
10200 44 51
10500 5 22
10500 23 61
10800 9 73
10800 9 62
10800 17 18
10800 50 74
10800 53 69
11100 17 68
11100 50 86
11400 24 48
11400 42 43
11400 44 45
11400 48 49
11400 53 70
11400 79 88
11700 21 76
12000 9 30
12000 29 53
12000 30 62
12000 37 77
12000 49 52
12000 52 84
12300 14 39
12300 14 58
12600 1 7
12600 9 73
12600 9 62
12600 14 51
12600 23 29
12600 28 29
12600 29 53
12600 49 55
12900 0 48
12900 9 62
12900 15 67
12900 16 59
12900 24 48
12900 28 30
12900 28 69
12900 44 51
12900 52 75
12900 62 73
13200 9 62
13200 16 88
13200 23 53
13200 28 73
13200 29 73
13200 35 52
13200 53 73
13500 24 45
13500 55 79
13500 69 73
13800 9 73
13800 16 88
13800 21 69
13800 22 64
13800 53 70
14100 1 33
14100 11 72
14100 14 37
14100 64 77
14400 11 24
14400 24 48
14700 11 23
14700 23 69
14700 53 63
15000 12 77
15000 12 84
15000 26 32
15000 77 84
15300 7 58
15300 24 48
15300 29 53
15300 49 52
15600 5 37
15600 5 34
15600 7 27
15600 7 88
15600 27 88
15600 34 37
15900 2 60
15900 28 53
15900 39 58
15900 58 65
16200 16 84
16200 28 69
16200 32 38
16200 35 50
16200 37 82
16200 37 77
16200 45 65
16500 58 65
16500 76 84
16800 29 63
16800 50 86
17100 14 24
17100 21 69
17100 29 53
17100 85 91
17400 12 64
17400 12 45
17400 12 58
17400 17 18
17400 18 68
17400 34 58
17400 64 77
17700 5 54
17700 7 59
17700 9 62
17700 62 69
18000 7 88
18000 9 62
18000 29 53
18300 0 14
18300 9 62
18300 12 32
18300 17 51
18300 21 56
18300 24 45
18300 28 62
18300 56 60
18600 22 64
18900 58 65
18900 76 78
18900 76 81
18900 78 81
19200 9 28
19200 9 63
19200 9 69
19200 28 69
19200 28 70
19500 29 63
19800 7 16
19800 9 29
19800 22 32
19800 52 55
19800 55 74
20100 29 63
20400 29 63
20700 28 73
20700 62 73
20700 67 84
20700 67 76
21000 2 10
21000 2 40
21000 6 10
21000 21 88
21000 44 51
21000 57 88
21300 29 53
21300 50 74
21300 52 86
21600 1 78
21600 9 19
21600 19 42
21600 19 50
21600 33 88
21600 58 72
21600 62 73
21900 11 23
22200 9 73
22200 11 23
22200 17 18
22200 22 85
22500 1 27
22500 1 7
22500 6 27
22500 6 7
22500 27 33
22500 29 63
22500 37 58
22500 44 65
22800 14 85
22800 23 69
22800 23 31
22800 27 75
22800 31 69
23100 30 57
23100 51 90
23100 52 75
23100 56 59
23100 58 65
23100 59 78
23400 5 18
23400 12 77
23400 12 64
23400 24 48
23400 64 77
23700 79 86
24000 12 44
24000 12 72
24000 12 58
24000 17 34
24000 35 50
24000 43 58
24000 44 58
24000 44 56
24000 50 75
24000 53 70
24000 56 58
24000 56 65
24300 5 72
24300 5 37
24300 5 22
24300 18 72
24300 22 37
24300 22 72
24300 22 26
24300 26 72
24300 26 37
24300 26 71
24300 28 73
24300 37 72
24600 11 44
24600 19 28
24600 25 86
24600 35 75
24600 35 52
24600 45 65
24600 52 75
24900 7 16
24900 29 53
24900 45 58
25200 7 58
25200 9 73
25200 24 35
25200 29 53
25200 35 48
25200 42 55
25200 49 52
25500 16 78
25500 28 73
25500 53 63
25500 70 73
25500 75 79
25800 28 84
26100 14 48
26100 14 24
26100 24 48
26100 53 63
26400 28 70
26700 3 80
26700 28 53
26700 49 55
27000 8 26
27000 23 30
27000 23 53
27000 29 53
27000 30 53
27000 39 58
27300 0 14
27300 7 16
27300 8 60
27300 15 67
27600 5 37
27600 5 13
27600 5 74
27600 9 62
27600 74 81
27900 3 11
27900 28 76
27900 57 76
28200 28 66
28500 7 84
28500 16 84
28500 25 84
28500 64 77
28800 6 40
28800 15 33
28800 38 45
28800 44 52
29100 17 34
29400 24 69
29400 28 69
29700 5 84
29700 22 77
29700 24 48
30000 42 86
30000 55 86
30300 0 14
30300 14 37
30300 17 18
30300 28 30
30300 64 77
30600 9 63
30600 9 28
30600 61 62
30900 14 22
30900 14 39
30900 21 84
30900 30 90
30900 59 78
31200 18 47
31200 18 37
31200 58 65
31500 9 73
31500 45 70
31500 52 84
31500 53 70
31800 38 58
31800 59 78
31800 76 78
32100 0 45
32100 7 78
32100 7 21
32100 14 24
32400 0 24
32700 11 84
32700 12 84
32700 16 33
32700 29 53
32700 42 43
32700 49 84
32700 49 58
32700 49 64
32700 58 84
32700 64 77
32700 79 88
33000 15 33
33000 22 85
33000 22 32
33000 28 66
33000 53 63
33000 58 72
33300 15 33
33600 24 48
33600 46 84
33600 74 79
33900 11 84
33900 14 71
33900 37 58
33900 50 86
34200 9 63
34200 9 73
34500 14 24
34500 22 77
34800 24 45
34800 29 53
34800 44 51
35100 9 62
35100 17 68
35100 18 68
35400 14 58
35400 21 76
35700 5 18
35700 11 24
35700 79 84
36000 9 28
36000 15 60
36000 16 76
36000 28 62
36000 35 50
36000 38 90
36000 39 65
36000 50 75
36000 85 90
36300 3 53
36300 7 33
36300 11 56
36300 22 32
36300 22 45
36300 28 70
36300 44 51
36300 53 70
36300 53 61
36600 35 75
36600 44 51
36900 1 84
36900 1 59
36900 6 84
36900 9 73
36900 20 84
36900 28 69
36900 67 84
36900 84 88
37200 7 78
37200 20 35
37200 29 73
37200 35 52
37200 56 87
37200 56 84
37200 63 70
37200 84 87
37500 7 25
37500 16 25
37500 30 66
37800 2 88
37800 7 58
38100 35 75
38100 35 52
38400 3 44
38400 5 72
38400 7 58
38400 9 23
38700 26 32
39000 1 84
39000 5 18
39000 6 84
39000 7 84
39000 20 84
39000 28 30
39000 29 53
39000 32 38
39000 33 84
39000 67 84
39000 81 84
39000 84 88
39300 9 62
39600 22 85
39600 76 78
39900 24 59
39900 29 53
39900 45 90
39900 53 63
40200 0 14
40200 41 79
40200 53 69
40200 77 82
40500 2 10
40500 2 6
40500 6 10
40800 56 84
41100 8 26
41100 9 62
41100 9 73
41100 69 73
41400 0 48
41400 8 90
41400 29 53
41700 24 48
41700 35 52
41700 39 45
41700 57 62
42000 29 70
42300 67 84
42600 7 25
42600 7 16
42600 30 66
42600 61 69
42900 37 58
42900 44 51
43200 7 46
43200 17 18
43200 17 68
43200 45 58
43500 4 86
43500 9 73
43500 9 62
43500 24 48
43800 28 70
43800 38 39
44100 9 62
44100 36 55
44100 36 79
44100 55 79
44400 29 63
44400 37 77
44400 55 86
44700 28 62
44700 28 29
44700 29 53
45000 14 58
45000 21 61
45300 25 87
45600 7 76
45600 9 63
45900 17 68
45900 18 34
45900 35 75
45900 35 36
45900 36 75
46200 29 53
46200 39 51
46200 53 63
46200 53 69
46200 66 69
46500 19 86
46800 8 82
46800 9 19
46800 9 62
46800 22 39
46800 22 64
46800 37 58
46800 38 44
47100 28 84
47100 39 51
47400 17 18
47400 22 32
47400 79 87
47400 84 87
47700 17 18
48000 2 28
48000 5 22
48000 22 85
48300 1 6
48300 1 59
48300 1 88
48300 7 81
48300 29 53
48600 2 33
48600 24 87
48600 58 62
48900 7 12
48900 29 53
49200 2 15
49200 2 33
49200 9 73
49200 9 62
49200 15 72
49200 29 63
49200 50 75
49200 58 86
49200 58 78
49200 58 59
49200 59 78
49200 72 86
49200 72 78
49200 72 75
49200 75 86
49500 14 24
49500 18 47
49800 14 24
50100 24 48
50100 31 91
50100 66 69
50400 7 27
50400 7 57
50400 27 77
50400 27 58
50400 58 77
50700 2 88
50700 7 88
50700 40 88
50700 40 84
50700 84 88
51000 5 72
51000 49 55
51000 49 86
51000 55 86
51300 3 18
51300 9 62
51300 18 65
51300 29 53
51600 35 52
51900 7 86
52200 21 27
52200 21 59
52200 34 45
52200 54 71
52500 5 72
52500 9 62
52500 49 86
52800 1 88
52800 1 59
52800 22 32
53100 52 79
53400 35 75
53400 50 86
53700 14 72
53700 28 53
54000 35 75
54000 62 73
54300 44 51
54300 58 65
54600 1 15
54600 29 63
54600 55 79
54600 56 87
54600 75 79
54900 14 47
54900 32 38
55200 28 69
55500 9 62
55800 22 64
55800 28 73
56100 59 76
56400 1 78
56400 7 78
56400 21 76
56400 24 48
56400 77 82
56700 9 73
56700 63 70
57000 52 86
57000 63 70
57300 9 73
57300 28 53
57300 50 74
57600 22 38
57600 25 28
57600 25 53
57600 28 53
57600 53 69
57900 24 28
57900 29 53
58200 11 44
58200 11 30
58200 24 48
58500 29 53
58500 37 77
58800 4 55
59100 11 48
59100 49 84
59100 50 74
59100 75 88
59100 79 88
59400 23 30
59400 29 53
59400 29 30
59400 35 52
59400 37 84
59400 43 45
59400 44 51
59700 14 24
60000 6 40
60000 9 73
60000 9 61
60000 50 86
60300 7 88
60300 22 64
60300 59 67
60300 61 66
60600 29 53
60600 29 63
60900 7 16
60900 7 84
60900 7 25
60900 16 84
60900 16 25
60900 25 84
60900 50 84
61200 3 45
61500 29 53
61800 7 27
62100 8 26
62100 44 51
62400 45 72
62700 21 56
62700 22 64
62700 24 48
62700 35 79
62700 77 82
63000 7 88
63000 17 51
63000 29 53
63000 29 63
63000 39 51
63300 9 28
63300 9 63
63600 6 40
63600 7 16
63900 9 62
63900 9 19
63900 12 58
63900 14 37
63900 19 44
63900 21 61
63900 22 64
63900 29 53
63900 44 45
63900 44 58
63900 44 60
63900 53 63
64200 5 11
64200 18 37
64200 29 53
64500 2 28
64500 5 22
64500 23 61
64800 5 18
64800 12 77
64800 12 44
64800 12 64
64800 24 48
64800 39 65
64800 44 65
65100 22 64
65100 27 57
65100 44 51
65100 77 82
65400 67 84
65700 21 84
65700 22 85
66000 8 26
66000 26 32
66000 38 90
66000 38 85
66000 58 90
66000 58 85
66000 85 90
66300 17 18
66300 29 63
66600 8 26
66600 42 43
66600 53 63
66900 2 15
66900 3 14
66900 7 50
66900 9 62
66900 9 73
67200 29 53
67500 9 62
67500 9 45
67500 12 57
67500 13 50
67500 14 85
67500 14 24
67500 27 75
67500 45 61
67500 45 83
67500 50 74
67800 3 85
67800 50 86
68100 9 66
68100 9 62
68100 9 73
68100 11 84
68100 62 73
68400 11 44
68400 44 53
68400 53 70
68700 50 74
68700 53 69
69000 11 44
69000 24 63
69000 37 82
69000 86 91
69300 7 21
69300 7 78
69300 17 68
69300 21 78
69300 29 53
69300 36 50
69600 17 18
69900 14 58
69900 14 37
69900 22 91
69900 23 30
69900 38 80
69900 85 91
70200 3 72
70200 3 83
70200 14 44
70200 44 51
70500 5 85
70500 5 80
70500 21 84
70500 28 69
70800 9 63
70800 28 70
70800 28 53
70800 37 65
70800 53 70
70800 61 62
71100 0 24
71100 5 24
71100 39 58
71100 79 88
71400 12 56
71400 56 58
71700 4 87
71700 9 62
71700 22 85
71700 29 53
71700 36 50
71700 84 89
72000 55 79
72000 75 79
72300 7 59
72300 8 90
72300 24 48
72300 79 86
72600 7 16
72600 7 25
72600 16 25
72600 17 18
72600 30 66
72900 49 55
72900 49 86
72900 50 86
72900 52 55
73200 17 68
73200 45 58
73200 63 70
73200 64 77
73500 3 51
73500 3 23
73500 23 49
73500 28 69
73500 42 51
73500 52 75
73500 80 90
73800 52 79
74100 9 73
74400 24 48
74700 0 14
74700 18 45
74700 35 52
75000 21 69
75000 58 85
75300 5 85
75300 5 72
75300 55 86
75300 72 80
75300 80 85
75600 34 84
75600 35 75
75600 35 50
75600 37 84
75600 50 86
75600 75 86
75900 0 24
75900 4 84
75900 35 52
75900 55 79
76200 15 33
76200 25 55
76200 56 60
76500 7 58
76500 24 35
76500 29 53
76500 49 52
76500 55 79
76800 9 62
76800 29 53
76800 57 88
77100 1 76
77100 27 76
77100 35 79
77100 44 51
77100 77 82
77400 29 53
77700 22 64
77700 35 52
77700 44 51
77700 46 89
78000 0 24
78000 0 14
78000 14 24
78000 14 48
78000 22 77
78000 24 48
78000 45 48
78300 8 26
78300 21 61
78300 22 64
78600 18 37
78600 29 53
78600 35 55
78600 39 72
78600 80 85
78900 7 25
78900 9 66
78900 22 64
79200 11 23
79500 8 26
79500 9 62
79500 21 84
79800 21 59
80100 17 34
80100 28 70
80400 24 48
80400 26 31
80700 35 52
80700 44 77
80700 56 84
81000 29 53
81000 69 70
81300 15 33
81300 60 81
81300 76 88
81600 23 69
81600 23 30
81600 29 53
81600 30 63
81600 30 53
81900 53 69
81900 61 69
82200 24 58
82200 28 84
82200 28 62
82500 3 58
82500 29 63
82500 37 58
82500 50 75
82800 0 51
82800 17 18
82800 26 65
82800 29 53
82800 45 72
83100 4 52
83100 9 73
83100 9 69
83100 9 62
83100 29 53
83100 52 55
83100 55 79
83100 67 76
83400 5 47
83400 9 28
83400 9 63
83400 9 69
83400 9 73
83400 9 62
83400 24 48
83400 28 73
83700 7 25
83700 16 25
83700 30 66
83700 50 86
84000 14 24
84000 28 84
84000 39 51
84300 49 74
84600 1 16
84600 2 15
84600 31 71
84600 33 40
84900 9 62
84900 77 82
85200 7 58
85200 7 25
85200 21 69
85200 25 58
85200 27 76
85200 28 66
85200 75 79
85200 76 78
85500 23 30
85500 45 72
85500 45 65
85500 49 74
85500 50 86
85500 52 84
85500 65 72
85800 62 73
86100 6 12
86100 6 26
86100 9 62
86100 9 26
86100 12 46
86100 14 24
86400 5 37
86400 24 48
86400 24 31
86400 31 48
86700 29 53
86700 52 86
87000 5 80
87000 5 18
87000 18 80
87300 21 69
87300 21 61
87300 24 45
87300 30 66
87300 69 73
87600 21 61
87600 22 64
87600 57 88
87900 0 48
87900 9 63
87900 32 71
88200 0 48
88200 9 77
88200 9 62
88200 28 73
88200 44 51
88500 27 73
88500 29 53
88500 37 84
88500 49 86
88500 49 50
88800 9 62
88800 9 66
88800 14 48
88800 24 32
88800 50 75
88800 59 76
89100 40 56
89400 8 26
89400 9 62
89400 9 28
89400 28 73
89400 28 62
89400 50 52
89400 50 86
89700 0 45
89700 4 86
89700 29 91
89700 29 53
89700 53 63
90000 9 62
90000 9 73
90000 17 18
90000 50 74
90000 53 69
90000 55 79
90300 8 26
90300 53 63
90600 6 40
90600 24 45
90600 49 86
90600 57 60
90900 5 39
90900 8 84
90900 9 31
90900 24 48
90900 29 53
90900 46 84
91200 18 37
91200 23 30
91200 38 91
91500 14 58
91500 22 38
91800 3 72
91800 22 38
91800 22 32
92100 5 75
92400 24 48
92400 57 76
92700 4 49
92700 29 53
92700 57 88
93000 3 14
93000 4 86
93000 7 12
93000 9 28
93300 1 16
93300 1 59
93300 15 16
93300 16 59
93300 49 55
93300 55 79
93600 8 37
93600 37 82
93600 37 58
93600 58 82
93900 9 73
93900 35 50
93900 50 86
93900 50 84
94200 8 26
94200 49 74
94500 28 69
94500 30 66
94500 52 75
94800 53 62
94800 76 78
95100 12 59
95100 20 84
95100 37 58
95100 59 76
95400 1 2
95400 2 10
95400 5 39
95400 6 10
95400 21 56
95400 45 58
95700 7 76
96000 19 73
96000 29 63
96000 56 84
96300 6 40
96300 9 62
96300 35 49
96300 55 74
96600 9 73
96600 9 62
96900 22 64
96900 42 52
97200 11 48
97200 12 49
97200 49 67
97200 58 65
97200 60 89
97500 9 69
97500 9 63
97500 24 48
97500 28 70
97500 53 70
97500 61 62
97800 14 58
97800 21 61
98100 11 26
98100 35 75
98400 7 16
98400 7 58
98700 50 86
99000 9 62
99000 18 90
99000 23 30
99000 50 60
99000 50 57
99000 57 88
99300 5 18
99300 5 11
99300 62 73
99600 7 76
99600 12 16
99600 14 37
99600 27 81
99600 35 75
99900 17 18
99900 18 68
99900 24 48
99900 32 58
100200 14 72
100200 30 73
100200 30 69
100200 53 69
100500 11 58
100500 27 64
100500 28 53
100500 53 70
100500 85 90
100800 3 68
100800 9 62
100800 28 69
100800 37 77
100800 52 75
100800 62 73
101100 1 16
101100 8 26
101400 17 18
101400 32 38
101700 1 12
101700 9 73
101700 9 62
101700 51 71
102000 58 65
102300 0 24
102300 32 91
102300 57 60
102600 21 46
102600 21 26
102600 24 48
102600 26 31
102600 49 79
102600 75 79
102900 17 18
102900 35 75
102900 39 90
103200 25 86
103200 29 53
103200 50 86
103500 69 70
103800 29 53
104100 21 84
104100 23 29
104100 51 65
104400 1 76
104400 19 76
104400 22 64
104400 35 79
104400 77 82
104700 18 22
104700 22 85
104700 28 66
104700 80 85
105000 2 15
105000 7 16
105000 7 12
105000 12 16
105300 7 12
105300 22 91
105300 24 32
105300 33 84
105300 79 88
105300 85 91
105600 17 68
105600 22 85
105600 26 37
105600 28 70
105600 37 72
105600 55 86
105900 5 14
106200 1 16
106200 35 84
106200 35 52
106500 24 48
106500 24 45
106500 29 63
106500 29 70
106500 39 45
106500 42 50
106500 42 65
106500 45 72
106500 45 48
106800 6 40
106800 12 44
106800 18 68
106800 28 30
106800 64 77
107100 29 53
107400 7 78
107400 9 69
107400 9 29
107400 29 63
107700 24 48
107700 46 84
107700 79 86
108000 3 22
108000 11 24
108000 42 79
108000 52 79
108000 55 79
108300 35 75
108300 39 58
108300 65 84
108300 79 88
108600 9 30
108600 9 28
108600 9 53
108600 17 18
108600 28 30
108600 28 73
108600 29 53
108600 44 51
108600 50 75
108900 11 24
108900 49 55
109200 11 44
109500 7 12
109500 23 29
109800 4 50
109800 9 62
109800 23 30
109800 30 44
109800 35 52
109800 46 49
109800 49 86
109800 53 70
110100 44 86
110100 58 65
110400 15 33
110400 23 61
110700 11 57
110700 22 64
110700 29 30
110700 30 63
110700 47 58
110700 56 57
111000 9 69
111000 9 66
111000 9 62
111000 12 57
111000 27 75
111000 50 74
111000 62 69
111000 80 85
111300 29 53
111300 37 58
111300 44 51
111300 67 76
111600 8 26
111600 22 91
111600 24 48
111600 29 91
111600 39 58
111600 42 43
111900 14 37
111900 17 68
112200 9 62
112200 22 85
112200 29 53
112200 29 30
112200 50 86
112500 52 79
112800 7 56
112800 9 62
113100 9 62
113100 15 33
113100 35 75
113100 52 55
113100 60 81
113400 5 51
113400 5 35
113400 14 39
113400 17 51
113400 27 65
113400 27 72
113400 27 35
113400 27 75
113400 35 37
113400 35 45
113400 35 75
113400 45 58
113400 45 72
113400 51 68
113400 58 72
113700 14 22
114000 23 53
114000 28 69
114000 35 52
114000 46 50
114000 50 86
114000 53 70
114300 4 79
114300 37 58
114300 75 79
114600 7 88
114600 9 62
114600 52 75
114900 1 88
114900 5 51
114900 7 81
114900 7 88
114900 29 53
114900 39 51
114900 49 67
114900 55 86
115200 29 53
115200 37 58
115500 22 64
115500 24 48
115500 77 82
115800 2 10
115800 10 16
115800 10 33
115800 11 84
115800 12 44
115800 24 31
115800 39 51
115800 51 58
115800 58 65
116100 17 80
116100 21 84
116100 24 48
116100 35 75
116100 46 84
116400 9 62
116400 29 69
116400 50 74
116400 53 69
116400 55 79
116700 42 43
116700 42 72
116700 42 58
116700 58 72
117000 7 12
117000 33 84
117000 72 85
117000 79 88
117300 9 62
117300 9 19
117300 22 64
117300 24 48
117300 38 44
117600 9 62
117600 29 53
117900 2 28
117900 2 39
117900 11 34
117900 28 38
117900 61 86
117900 77 86
118200 53 63
118500 0 24
118500 21 42
118500 22 38
118500 24 45
118500 25 28
118500 27 57
118500 67 76
118800 4 48
118800 8 34
118800 8 90
118800 8 58
118800 11 24
118800 27 76
118800 27 81
118800 45 58
119100 9 62
119100 53 63
119400 21 69
119400 21 61
119400 61 69
119700 14 24
119700 76 78
120000 7 58
120000 19 76
120000 21 69
120000 28 73
120000 59 76
120300 1 40
120300 2 12
120300 7 40
120300 12 72
120300 58 72
120600 0 24
120600 4 86
120600 9 63
120600 9 69
120600 24 48
120600 61 62
120900 58 59
120900 59 76
120900 59 78
120900 60 81
120900 76 88
121200 8 26
121200 44 51
121500 17 18
121500 21 56
121500 21 59
121500 24 48
121500 32 58
121800 29 63
122100 23 69
122400 29 53
122400 52 87
122700 0 48
122700 9 73
122700 15 67
122700 52 75
123000 5 18
123000 7 88
123000 16 88
123000 28 73
123000 29 53
123000 39 51
123000 49 86
123000 49 55
123000 55 86
123300 0 14
123600 29 53
123900 28 69
123900 30 53
123900 53 70
124200 2 15
124200 23 30
124500 35 55
124500 50 74
124800 1 65
124800 8 39
124800 8 85
124800 9 62
124800 14 45
124800 29 63
124800 38 45
124800 41 86
124800 50 75
124800 53 70
124800 75 79
125100 29 63
125100 50 86
125400 18 37
125400 53 70
125700 9 62
125700 9 17
125700 24 48
125700 76 88
126000 35 75
126000 35 52
126000 52 75
126300 7 84
126300 44 65
126300 58 65
126600 9 62
126600 29 53
126900 29 53
126900 50 86
127200 22 32
127500 29 53
127500 37 58
127800 14 72
127800 14 34
127800 14 85
127800 24 48
127800 27 75
127800 27 35
127800 35 75
128100 3 14
128100 21 84
128100 28 73
128100 29 70
128100 45 65
128400 1 6
128400 1 33
128400 1 40
128400 1 10
128400 1 16
128400 2 10
128400 5 39
128400 6 40
128400 6 10
128400 10 40
128400 10 38
128400 10 16
128400 12 44
128400 12 77
128400 16 33
128400 24 48
128400 33 40
128400 38 45
128400 38 85
128400 45 85
128700 2 39
128700 5 48
128700 12 48
128700 12 14
128700 12 20
128700 14 20
128700 14 58
128700 14 78
128700 20 58
128700 20 78
128700 24 87
128700 29 39
128700 31 58
128700 58 78
129000 7 16
129000 7 25
129000 16 25
129300 9 62
129300 35 75
129600 14 58
129600 21 40
129600 47 58
129900 4 86
129900 52 86
130200 7 27
130200 27 57
130200 57 60
130500 53 66
130800 9 62
130800 16 84
130800 24 48
131100 30 53
131100 58 72
131400 45 65
131400 50 86
131400 55 74
131700 29 53
132000 9 63
132300 5 18
132300 7 88
132300 8 26
132300 53 63
132600 5 72
132600 5 37
132600 22 26
132600 22 37
132600 22 72
132600 26 37
132600 26 72
132600 29 53
132600 37 72
132600 53 63
132900 2 6
132900 5 51
132900 5 39
132900 6 10
132900 7 16
132900 9 62
132900 14 82
133200 25 87
133500 8 30
133500 8 90
133500 9 73
133500 15 67
133500 52 75
133500 53 73
133800 11 23
133800 21 30
133800 23 69
133800 37 58
133800 74 86
134100 8 26
134100 29 53
134100 36 79
134100 36 55
134100 55 79
134400 5 22
134400 5 72
134400 5 37
134400 22 37
134400 22 72
134400 22 26
134400 26 37
134400 29 53
134400 37 72
134400 37 90
134700 22 64
134700 40 88
134700 44 51
134700 67 78
135000 50 74
135300 0 14
135300 16 59
135300 53 69
135600 3 44
135600 22 64
135600 44 51
135600 45 58
135900 4 79
135900 16 84
136200 15 67
136200 30 66
136200 37 58
136200 37 77
136200 52 75
136200 62 73
136200 64 82
136200 65 82
136500 9 73
136800 7 78
136800 8 26
136800 14 24
136800 14 64
136800 17 68
136800 29 53
137100 1 76
137100 37 58
137400 29 69
137400 66 69
137700 15 33
137700 25 86
138000 0 14
138000 3 14
138000 8 90
138000 9 69
138000 16 84
138000 30 53
138000 65 82
138300 7 50
138600 9 73
138600 49 73
138600 50 86
138600 57 60
138900 49 55
139200 35 75
139200 76 84
139500 1 12
139500 5 45
139500 9 73
139500 9 62
139800 7 58
139800 21 69
139800 36 50
140100 12 88
140100 22 85
140100 55 74
140400 13 88
140400 21 88
140400 29 53
140400 29 69
140400 45 83
140400 50 74
140400 55 79
140700 11 38
140700 23 30
140700 29 53
140700 62 73
140700 84 88
141000 23 30
141000 42 76
141000 49 55
141300 17 68
141300 28 69
141300 29 53
141300 37 82
141300 44 51
141600 1 88
141600 9 73
141600 23 30
141600 29 63
141600 37 77
141600 62 73
141900 3 8
141900 14 85
141900 19 79
141900 24 48
141900 45 65
142200 20 35
142200 39 45
142200 42 79
142500 9 62
142500 29 73
142500 29 63
142800 0 24
142800 42 79
142800 42 44
142800 56 84
143100 7 76
143400 28 53
143400 44 51
143700 0 48
143700 4 50
143700 9 73
143700 9 62
143700 15 67
143700 52 75
143700 53 66
144000 11 77
144000 12 27
144000 17 34
144000 22 48
144000 27 81
144000 27 48
144000 27 77
144000 48 64
144000 64 77
144300 12 44
144300 58 65
144600 7 25
144600 19 79
144600 21 79
144600 21 61
144600 24 48
144600 24 45
144600 28 69
144600 61 66
144600 79 87
144900 21 84
145200 49 55
145200 50 86
145500 50 86
145800 8 26
145800 42 59
145800 53 63
146100 26 52
146100 29 53
146400 11 23
146400 23 69
146400 45 58
146700 28 29
146700 29 70
147000 29 63
147000 50 84
147000 58 65
147000 59 76
147000 76 81
147300 8 26
147300 22 71
147300 38 85
147300 38 90
147300 39 65
147300 58 85
147300 72 90
147600 28 53
147900 3 14
147900 3 44
147900 9 73
147900 9 19
147900 9 62
147900 11 44
147900 19 73
147900 29 63
147900 62 73
147900 62 66
148200 17 18
148200 45 65
148200 49 52
148200 52 86
148500 14 58
148500 53 66
148800 50 84
149100 9 73
149100 50 86
149400 28 84
149400 35 75
149400 39 51
149400 55 75
149700 28 69
150000 50 86
150000 52 84
150000 52 75
150000 59 76
150000 75 84
150300 37 58
150300 50 86
150600 49 84
150900 7 46
150900 17 34
150900 17 18
150900 17 46
150900 32 85
150900 32 38
150900 35 75
150900 64 77
151200 29 53
151200 35 49
151200 37 84
151200 58 84
151500 29 53
151500 37 58
151500 62 69
151800 29 53
151800 51 65
152100 37 58
152100 44 52
152400 3 58
152700 4 74
152700 24 48
152700 35 75
153000 35 75
153000 45 65
153000 56 86
153000 56 84
153000 84 86
153300 21 69
153300 29 63
153600 22 38
153900 62 73
153900 71 83
154200 35 75
154200 45 58
154500 19 62
154500 21 56
154500 22 64
154500 77 82
154800 15 33
155100 9 62
155100 12 16
155100 35 75
155100 57 60
155100 57 88
155100 58 90
155400 11 24
155400 19 59
155400 19 76
155400 37 72
155400 59 76
155400 70 73
155700 6 40
156000 16 46
156000 35 84
156000 44 51
156000 57 88
156300 1 84
156300 5 18
156300 15 88
156300 15 40
156300 15 84
156300 18 32
156300 22 32
156300 23 69
156300 28 30
156300 29 53
156300 59 88
156300 59 84
156300 62 75
156300 81 84
156300 84 88
156600 5 14
156600 6 88
156600 14 24
156600 28 30
156900 9 23
156900 9 73
156900 14 24
157200 22 85
157200 29 53
157200 32 38
157500 11 44
157500 63 70
157800 14 37
157800 37 58
157800 44 51
158100 1 33
158100 1 7
158100 5 72
158100 24 45
158100 37 58
158100 58 65
158400 14 24
158400 14 58
158400 24 58
158700 9 62
158700 15 33
158700 44 52
158700 62 73
159000 37 84
159000 49 86
159000 50 74
159000 58 84
159300 1 33
159300 1 2
159300 1 6
159300 2 6
159300 6 84
159300 6 33
159300 10 84
159300 12 44
159300 33 44
159300 39 51
159300 51 58
159300 51 65
159300 56 84
159300 58 65
159300 67 84
159600 24 58
159900 7 58
159900 29 53
159900 35 48
159900 55 79
160200 5 72
160200 29 69
160200 29 53
160200 50 74
160200 53 69
160200 55 79
160500 5 39
160500 14 58
160500 40 88
160500 49 55
160800 3 24
160800 15 33
160800 28 29
160800 44 51
160800 53 63
161100 5 18
161400 17 18
161400 29 61
161400 44 51
161700 3 37
161700 9 30
161700 32 88
162000 4 86
162000 7 12
162000 9 28
162000 9 63
162000 37 58
162000 52 87
162300 28 70
162600 39 72
162900 7 25
162900 9 72
162900 22 64
162900 35 52
163200 11 69
163200 11 23
163200 23 69
163200 53 63
163500 7 58
163500 21 84
163500 24 45
163500 56 60
163800 17 18
163800 22 58
163800 22 32
163800 32 58
164100 0 14
164100 0 3
164100 3 14
164100 7 78
164400 8 58
164400 14 58
164400 19 27
164400 27 50
164400 27 84
164400 27 35
164400 27 52
164400 27 75
164400 35 75
164400 35 38
164400 45 58
164400 58 72
164700 29 53
165000 5 85
165000 76 78
165300 14 71
165300 44 51
165300 50 86
165600 5 39
165600 35 87
165600 35 86
165600 35 52
165900 17 68
166200 5 14
166200 37 58
166500 0 48
166500 4 86
166500 9 63
166500 21 84
166500 52 87
166800 28 69
166800 29 53
166800 37 82
166800 44 51
167100 3 14
167100 14 37
167100 16 84
167100 50 75
167400 9 62
167400 18 34
167400 21 66
167400 29 69
167400 45 83
167400 50 74
167400 55 79
167400 57 60
167700 3 68
167700 29 63
168000 4 52
168000 8 26
168000 28 29
168000 29 70
168000 37 77
168000 38 39
168300 12 58
168300 39 58
168300 79 88
168600 0 14
168600 9 62
168600 29 53
168600 37 58
168900 26 32
168900 57 60
169200 42 51
169200 46 60
169200 53 70
169500 9 73
169500 9 62
169500 50 74
169800 7 84
169800 35 86
169800 35 50
169800 37 80
169800 37 50
169800 38 86
169800 50 75
169800 50 80
170100 12 88
170100 17 18
170100 55 74
170400 1 7
170400 1 27
170400 7 27
170400 14 37
170400 29 53
170700 22 64
170700 28 57
170700 37 58
171000 3 72
171000 22 32
171000 52 79
171000 62 73
171000 79 86
171300 14 18
171300 25 58
171300 29 53
171300 35 75
171300 50 75
171300 53 63
171300 56 60
171600 12 44
171600 17 56
171900 40 88
171900 55 74
172200 25 86
172200 30 53
172200 53 77
172500 29 53
172500 35 75
172500 42 50
172800 14 47
172800 45 72
173100 29 53
173100 29 63
173100 45 65
173100 45 85
173100 58 65
173400 12 43
173700 9 63
173700 28 70
173700 35 75
174000 9 62
174300 8 85
174300 8 37
174300 9 62
174300 21 61
174300 59 76
174600 7 16
174600 29 53
174600 49 52
174900 12 60
174900 19 75
174900 35 75
174900 35 50
174900 50 75
174900 50 52
174900 52 75
175200 3 19
175200 3 14
175200 9 14
175200 19 42
175200 29 63
175500 9 73
175500 29 69
175500 29 53
175500 37 58
175500 50 74
175500 53 69
175800 11 44
175800 25 75
176100 7 25
176100 35 84
176100 52 84
176400 24 48
176400 37 58
176700 2 10
176700 6 10
176700 6 12
176700 11 58
176700 16 53
176700 16 70
176700 39 65
176700 44 51
176700 51 58
176700 51 65
176700 53 70
176700 58 65
176700 67 84
176700 79 84
176700 84 86
177000 7 84
177000 24 84
177000 27 84
177000 33 84
177000 51 58
177300 17 18
177300 42 43
177300 45 58
177600 0 14
177600 53 70
177600 60 79
177900 29 53
177900 37 58
177900 50 86
177900 51 65
178200 9 62
178200 9 53
178200 12 58
178200 12 44
178200 12 77
178200 39 65
178200 39 58
178200 44 65
178200 53 70
178200 58 65
178500 0 14
178500 5 22
178500 5 37
178500 16 45
178500 22 37
178500 22 26
178500 22 34
178500 26 37
178500 26 72
178500 34 37
178500 37 72
178500 40 84
178500 40 78
178500 60 81
178500 60 88
178500 81 88
178800 15 33
179100 7 78
179100 28 69
179100 28 66
179100 42 51
179100 46 60
179400 29 53
179400 30 62
179400 49 52
179700 9 62
179700 11 44
180000 0 14
180000 14 37
180000 17 18
180000 37 82
180300 3 5
180300 29 73
180300 50 86
180600 36 50
180900 7 76
180900 8 26
180900 15 33
180900 23 29
180900 29 53
180900 53 63
181200 0 14
181200 12 88
181200 31 51
181200 51 71
181500 19 59
181500 19 76
181500 21 61
181500 24 45
181500 25 47
181500 27 57
181500 28 69
181500 44 51
181500 53 66
181800 21 84
181800 24 48
181800 35 75
181800 55 79
182100 15 33
182100 49 50
182400 22 64
182400 45 85
182400 45 65
182400 65 85
182700 15 33
182700 50 86
182700 60 81
182700 76 88
183000 2 15
183000 17 18
183000 35 75
183000 79 87
183300 8 16
183300 28 69
183600 44 51
183600 88 89
183900 28 29
183900 49 86
184200 15 33
184200 22 85
184200 28 66
184200 44 51
184200 53 63
184500 64 77
184800 17 18
185100 4 50
185100 4 52
185100 14 24
185100 21 69
185100 29 53
185400 6 58
185400 6 7
185400 7 58
185400 8 14
185400 9 62
185400 14 37
185400 35 75
185700 45 83
185700 55 79
185700 58 72
185700 58 85
185700 80 85
186000 39 58
186000 79 84
186000 79 88
186300 5 11
186300 8 85
186300 9 62
186300 12 29
186300 22 51
186300 29 53
186300 38 45
186300 40 41
186300 50 75
186300 61 90
186600 5 11
186600 14 48
186600 28 73
186600 29 53
186600 39 51
186600 61 71
186600 70 73
186900 34 86
187200 24 32
187500 7 58
187500 12 15
187500 15 33
187800 24 48
187800 28 69
188100 9 46
188100 55 84
188400 5 18
188400 35 50
188400 42 50
188400 50 86
188700 23 30
188700 49 74
188700 49 55
188700 55 74
188700 69 73
189000 8 26
189000 29 53
189000 50 74
189000 53 69
189300 7 88
189600 14 32
189900 8 26
190200 44 51
190200 55 79
190500 24 28
190500 29 53
190500 55 74
190500 76 81
190800 9 62
190800 27 88
190800 28 69
190800 29 53
191100 0 24
191100 17 68
191400 29 53
191700 29 53
191700 59 76
192000 9 63
192000 9 73
192000 9 28
192000 9 69
192000 24 48
192000 28 70
192000 37 65
192000 53 70
192000 61 62
192300 2 15
192300 9 73
192300 20 40
192300 40 75
192300 44 70
192600 28 69
192600 29 70
192600 44 51
192900 9 29
192900 11 48
192900 27 81
192900 57 88
193200 9 60
193200 15 33
193200 35 75
193500 9 62
193500 29 53
193500 50 74
193500 58 72
193800 25 49
193800 55 79
194100 7 81
194100 14 45
194100 57 60
194400 9 62
194400 39 51
194700 29 53
195000 37 58
195300 4 50
195300 15 67
195300 28 69
195300 30 66
195300 44 51
195300 52 75
195300 55 86
195600 0 14
195600 7 16
195600 8 60
195600 8 90
195600 9 62
195600 53 66
195900 22 64
195900 24 48
195900 44 51
195900 52 87
195900 77 82
196200 22 72
196200 28 69
196500 9 23
196500 9 62
196800 9 66
196800 9 62
196800 30 66
196800 50 74
196800 58 72
197100 24 48
197100 26 71
197100 29 53
197100 35 75
197400 3 37
197400 8 26
197400 22 37
197400 23 30
197400 29 63
197400 37 90
197700 2 15
197700 9 73
197700 17 18
197700 35 75
198000 1 7
198000 7 40
198000 33 59
198300 9 73
198300 29 63
198600 17 68
198600 36 50
198900 21 56
198900 24 48
199200 28 69
199200 46 60
199200 49 86
199200 49 55
199200 55 86
199500 29 53
199800 28 70
200100 4 50
200100 5 24
200100 7 57
200100 8 26
200100 9 62
200100 13 50
200100 14 90
200100 14 37
200100 32 80
200100 37 90
200400 22 80
200400 28 69
200400 53 70
200700 1 59
200700 1 88
200700 1 84
200700 11 24
200700 12 88
200700 15 88
200700 23 69
200700 24 55
201000 21 56
201000 36 50
201300 11 44
201300 24 48
201600 22 64
201900 9 62
202200 15 33
202200 46 76
202200 60 81
202500 24 48
202500 29 30
202500 30 63
202500 47 58
202800 5 34
202800 29 63
203100 17 18
203100 22 32
203100 79 87
203400 28 62
203400 29 53
203400 45 85
203400 45 65
203700 15 60
203700 21 60
203700 85 90
204000 28 84
204300 12 59
204300 50 86
204300 75 84
204600 12 58
204600 43 58
204600 44 45
204600 79 88
204900 3 85
204900 22 85
205200 24 48
205200 29 53
205200 35 75
205500 24 48
205800 15 33
205800 23 30
205800 53 63
206100 27 60
206100 29 63
206400 3 18
206400 7 58
206400 15 33
206700 8 50
206700 9 62
206700 38 58
206700 38 45
206700 50 75
207000 1 59
207000 6 88
207000 32 38
207300 29 53
207300 57 88
207600 23 30
207600 24 48
207900 9 53
207900 29 53
207900 37 58
207900 50 86
207900 53 73
208200 24 45
208200 25 47
208200 27 57
208200 53 70
208500 17 18
208500 45 65
208800 1 59
208800 29 53
208800 75 79
209100 0 45
209100 29 53
209100 37 58
209100 37 47
209400 11 26
209400 35 75
209700 0 24
209700 5 34
209700 23 29
209700 29 30
210000 14 44
210000 14 22
210300 22 64
210300 35 79
210300 77 82
210600 0 14
210600 8 54
210600 8 32
210600 8 26
210600 22 91
210600 25 39
210600 39 51
210900 5 11
210900 5 72
210900 9 62
211200 44 51
211200 57 62
211500 8 26
211500 28 70
211800 12 78
211800 58 65
211800 84 89
212100 17 18
212100 29 53
212100 36 79
212400 3 5
212400 9 62
212400 9 29
212400 11 24
212400 11 48
212400 18 37
212400 24 48
212700 14 37
212700 35 87
212700 35 52
212700 44 51
213000 30 66
213000 32 91
213000 34 72
213000 53 63
213300 9 62
213600 28 30
213900 0 65
213900 14 65
213900 39 45
214200 53 70
214500 19 50
214500 19 75
214500 27 60
214500 35 50
214500 35 75
214500 50 75
214800 23 29
214800 55 74
215100 52 79
215400 37 58
215400 53 66
215400 53 61
215400 53 70
215400 62 73
215700 21 46
215700 24 48
215700 26 31
215700 75 79
216000 29 70
216300 39 58
216300 44 58
216300 49 58
216300 49 79
216300 49 88
216300 79 88
216300 79 84
216600 42 84
216600 52 84
216600 53 63
216900 29 53
216900 53 70
216900 59 76
217200 20 35
217200 29 61
217200 39 45
217200 42 79
217200 52 84
217200 56 84
217200 84 87
217500 0 24
217500 50 86
217500 56 84
217800 9 73
217800 9 19
217800 33 88
217800 50 75
218100 45 58
218100 45 72
218100 63 70
218400 1 78
218400 3 5
218400 29 63
218700 9 73
218700 28 84
218700 28 76
218700 76 84
219000 53 70
219300 29 53
219300 46 89
219300 69 70
219600 0 24
219600 45 58
219600 50 86
219600 55 74
219900 37 84
220200 22 38
220200 29 53
220200 29 30
220200 29 66
220200 30 53
220500 14 65
220500 14 45
220500 22 64
220500 29 53
220500 39 58
220500 39 85
220500 46 89
220500 58 85
220500 58 65
220800 9 28
220800 9 69
220800 9 63
220800 17 68
220800 28 73
220800 28 70
220800 28 30
220800 28 69
220800 30 62
220800 35 75
220800 53 62
220800 53 70
220800 61 62
221100 45 65
221400 11 24
221700 0 14
221700 7 78
221700 9 62
221700 21 84
221700 21 56
221700 29 53
221700 52 87
222000 9 62
222000 23 53
222000 23 73
222000 28 53
222000 28 73
222000 29 53
222000 39 51
222300 3 5
222300 9 29
222300 11 48
222300 11 24
222300 24 48
222300 57 88
222300 74 86
222600 7 78
222600 7 59
222600 20 52
222600 20 35
222600 25 35
222600 28 40
222600 28 73
222600 35 52
222600 35 84
222600 35 87
222600 40 84
222600 42 79
222600 52 84
222600 56 87
222600 56 84
222900 14 48
222900 23 30
222900 24 48
222900 39 58
222900 45 58
222900 45 72
222900 58 72
223200 1 88
223200 9 62
223200 9 69
223200 9 66
223200 27 88
223200 28 69
223200 29 30
223200 30 66
223500 5 24
223500 5 65
223500 9 66
223500 9 13
223500 24 32
223500 57 60
223800 21 69
223800 24 45
224100 1 78
224100 29 70
224100 45 65
224400 9 66
224400 16 59
224400 50 59
224400 59 76
224700 6 88
224700 18 37
224700 22 85
224700 23 69
224700 28 62
225000 24 48
225000 52 75
225000 69 70
225300 21 69
225300 29 63
225600 21 28
225600 29 53
225600 67 78
225900 9 28
225900 12 84
225900 55 87
226200 9 62
226200 24 31
226200 24 48
226200 31 48
226500 24 31
226500 31 48
226500 81 88
226800 9 62
226800 22 32
226800 76 78
227100 9 66
227100 14 24
227100 24 58
227100 28 84
227400 20 31
227400 24 31
227400 24 48
227400 31 48
227400 71 83
227700 29 53
227700 37 58
228000 14 50
228000 22 64
228000 30 66
228000 44 86
228300 21 76
228300 21 69
228300 22 85
228600 7 78
228600 16 25
228600 27 60
228900 32 38
229200 11 23
229200 17 18
229200 23 69
229200 35 74
229200 62 73
229500 55 79
229800 0 24
229800 17 18
229800 79 87
229800 84 87
230100 25 88
230100 29 53
230100 38 51
230100 45 58
230100 51 72
230400 24 45
230400 29 53
230400 37 58
230400 44 51
230700 0 48
230700 0 14
230700 9 62
230700 18 68
230700 28 29
231000 16 76
231000 32 38
231300 32 80
231300 50 74
231600 28 69
231900 44 51
231900 77 82
232200 17 68
232200 17 34
232200 34 68
232200 35 75
232200 36 75
232200 75 86
232500 2 71
232500 14 58
232500 14 39
232500 14 24
232500 37 82
232500 39 58
232500 53 70
232500 58 82
232800 9 62
232800 17 18
232800 50 86
232800 79 87
233100 2 15
233100 5 11
233100 14 19
233100 17 18
233100 19 79
233100 42 79
233400 16 61
233400 23 53
233400 28 69
233400 30 53
233700 29 53
234000 11 16
234000 35 51
234000 35 84
234000 40 57
234000 44 51
234000 44 45
234000 45 51
234000 53 70
234000 56 88
234000 57 88
234300 16 84
234300 28 73
234300 44 51
234600 3 80
234900 3 24
234900 14 45
234900 24 29
234900 24 53
234900 24 28
234900 29 53
234900 44 51
235200 9 30
235200 12 76
235200 21 56
235200 22 64
235200 38 45
235200 56 76
235500 9 73
235500 29 53
235500 53 73
235800 11 86
235800 12 86
235800 76 78
236100 7 84
236100 8 26
236100 21 84
236100 31 71
236400 7 12
236400 29 53
236400 45 83
236400 50 74
236700 15 27
236700 23 30
236700 29 71
236700 37 58
237000 28 70
237000 39 72
237000 72 90
237300 9 62
237300 29 53
237300 37 58
237300 50 74
237300 57 88
237600 18 90
237600 23 30
237600 35 75
237600 46 84
237600 50 86
237600 50 60
237600 57 88
237600 62 73
237900 23 29
238200 3 83
238200 50 74
238500 24 48
238500 52 84
238500 53 63
238800 8 26
238800 9 62
238800 52 84
239100 14 24
239100 29 63
239100 35 75
239100 59 76
239400 8 26
239400 9 28
239400 9 62
239400 22 64
239400 28 73
239700 5 14
239700 9 62
239700 37 58
239700 44 45
240000 29 53
240300 0 24
240300 0 48
240300 9 62
240300 15 67
240300 23 30
240600 5 37
240600 5 18
240600 14 77
240600 18 37
240600 64 77
240900 17 18
241200 0 14
241500 29 63
241800 22 32
241800 53 70
242100 11 44
242400 9 73
242400 29 63
242700 7 12
242700 22 32
243000 1 16
243000 2 6
243000 2 10
243000 6 40
243000 6 27
243000 6 10
243000 10 16
243000 10 40
243000 12 77
243000 12 44
243000 16 33
243000 17 18
243000 24 48
243000 27 40
243000 27 46
243000 27 65
243000 27 57
243000 39 65
243000 46 56
243000 46 57
243300 8 26
243300 14 44
243600 29 63
243900 15 33
244200 7 33
244200 58 72
244200 64 77
244500 7 12
244500 38 69
244800 5 74
244800 5 37
244800 9 62
244800 9 73
244800 24 48
244800 24 77
244800 24 74
245100 12 44
245100 12 58
245100 12 77
245100 24 48
245100 58 65
245400 3 5
245400 29 63
245400 29 73
245400 50 88
245700 2 15
245700 2 3
245700 2 48
245700 15 48
245700 24 48
245700 24 49
245700 35 75
245700 48 49
246000 25 84
246000 64 77
246000 75 79
246300 5 37
246300 35 75
246300 35 49
246300 46 57
246600 28 84
246600 39 51
246900 8 90
246900 8 58
246900 45 58
246900 70 73
247200 0 45
247200 3 5
247200 9 29
247200 9 30
247200 9 70
247200 9 28
247500 8 26
247500 50 74
247800 22 85
248100 9 62
248100 38 58
248100 38 45
248100 59 78
248100 76 78
248400 9 19
248400 9 62
248400 9 73
248400 19 73
248400 45 65
248400 62 73
248700 3 5
248700 29 63
249000 31 71
249300 24 48
249300 66 69
249600 7 25
249600 28 69
249900 12 58
249900 58 72
249900 59 78
249900 65 72
250200 0 48
250200 8 90
250200 16 84
250200 29 53
250500 9 62
250500 38 58
250500 38 45
250500 45 58
250800 22 64
250800 24 48
251100 3 65
251100 9 73
251100 17 51
251100 51 68
251400 14 58
251400 25 79
251700 3 5
251700 3 22
251700 5 18
251700 11 24
251700 18 22
251700 22 64
251700 55 79
252000 16 25
252000 52 87
252300 28 70
252600 21 69
252600 29 53
252600 75 79
252900 4 79
252900 9 29
252900 27 81
253200 29 53
253500 12 42
253800 22 64
253800 24 48
253800 77 82
254100 29 63
254400 2 10
254400 2 6
254400 3 14
254400 6 10
254400 11 14
254400 14 34
254400 27 46
254400 44 51
254700 1 16
254700 7 88
254700 9 62
254700 35 79
254700 35 52
254700 35 36
254700 36 79
254700 76 88
255000 4 41
255000 27 57
255000 28 69
255300 17 84
255300 24 28
255300 29 53
255600 3 14
255600 9 62
255600 9 28
255600 9 44
255600 34 44
255600 44 45
255900 29 53
256200 9 63
256200 9 28
256500 7 27
256500 8 17
256500 8 51
256500 8 39
256500 8 14
256500 14 51
256500 14 90
256500 19 51
256500 39 51
256500 51 90
256800 5 24
256800 7 16
256800 8 26
256800 14 90
256800 18 37
257100 23 30
257100 29 53
257100 52 86
257100 57 60
257100 74 86
257400 28 69
257400 37 82
257700 17 68
257700 29 53
257700 35 49
257700 57 60
258000 35 52
258300 51 54
258300 63 89
258600 28 53
258600 44 51
258900 22 64
258900 35 79
258900 77 82
259200 24 48
259200 31 32
259500 34 84
259500 35 75
259500 55 74
259500 67 84
259800 9 51
259800 9 39
259800 39 51
260100 7 58
260100 15 33
260100 44 52
260400 17 68
260400 42 50
260700 5 44
260700 11 44
260700 28 69
260700 29 70
260700 44 51
261000 17 68
261000 28 45
261000 44 45
261300 24 58
261300 32 80
261300 67 76
261600 19 62
261600 22 64
261600 77 82
261900 3 43
261900 29 53
262200 9 73
262200 24 28
262200 29 53
262500 7 58
262800 8 26
262800 14 44
262800 52 79
263100 8 83
263100 29 53
263100 44 51
263400 9 73
263700 22 64
263700 24 48
263700 44 51
263700 77 82
264000 29 70
264000 44 72
264000 53 70
264300 8 39
264300 8 85
264300 9 62
264300 38 45
264600 1 7
264600 17 18
264600 55 79
264600 75 79
264900 5 21
264900 21 84
265200 0 24
265200 9 66
265200 23 29
265500 20 40
265500 29 53
265800 9 73
265800 14 24
265800 59 76
266100 22 77
266100 22 64
266400 5 34
266400 5 37
266400 7 27
266400 23 30
266400 30 34
266700 29 70
266700 29 69
266700 29 53
266700 53 63
266700 59 78
266700 85 91
267000 5 18
267000 29 90
267000 44 51
267000 45 64
267000 81 88
267300 3 5
267300 29 63
267600 35 75
267900 3 14
267900 7 88
267900 9 63
267900 9 28
268200 22 50
268500 0 48
268500 8 90
268500 8 16
268500 29 53
268500 29 30
268500 62 73
268800 29 53
269100 6 40
269100 9 30
269100 9 29
269100 28 29
269100 28 53
269100 29 53
269400 3 22
269400 28 66
269400 28 69
269700 0 24
269700 20 84
269700 35 52
269700 35 84
269700 55 79
269700 56 87
269700 56 84
270000 22 85
270000 61 69
270300 24 48
270600 29 53
270900 32 85
270900 50 86
271200 34 84
271200 58 72
271200 80 85
271500 8 26
271500 53 63
271800 19 78
271800 21 63
271800 29 53
272100 0 14
272100 7 16
272100 8 90
272100 8 60
272100 9 69
272100 17 68
272100 17 18
272400 4 86
272400 23 29
272400 29 53
272700 0 24
272700 19 42
272700 19 50
272700 20 35
272700 22 32
272700 55 79
272700 84 87
273000 4 36
273000 14 24
273000 27 56
273000 27 60
273000 28 53
273000 29 70
273000 29 53
273000 45 65
273000 65 72
273300 9 28
273300 9 63
273300 28 69
273300 37 77
273600 22 85
273600 46 89
273900 7 25
273900 22 64
273900 49 84
273900 50 84
273900 50 52
273900 52 84
274200 23 29
274200 29 63
274200 31 71
274200 52 79
274500 3 14
274500 19 24
274500 24 48
274500 53 70
274800 12 44
275100 52 79
275400 0 48
275400 8 90
275400 9 80
275400 9 30
275400 15 67
275400 24 48
275400 30 53
275400 53 73
275400 53 62
275700 21 84
275700 30 66
275700 55 86
276000 12 78
276300 2 84
276300 3 68
276300 9 62
276300 9 30
276300 24 48
276300 52 75
276300 62 73
276600 9 62
276600 14 24
276600 19 58
276600 21 69
276600 25 79
276600 39 51
276600 51 65
276600 58 72
276600 65 72
276600 66 70
276900 2 15
276900 9 73
276900 9 30
276900 29 63
276900 61 63
277200 35 75
277200 55 86
277500 63 70
277800 7 78
277800 29 53
278100 9 29
278100 29 62
278100 29 63
278100 62 73
278100 63 66
278400 8 79
278400 14 24
278400 21 69
278400 29 53
278400 45 58
