0 7 16
0 7 84
0 7 25
0 16 84
0 16 25
0 25 84
0 50 84
300 12 44
300 17 56
600 20 40
600 29 53
900 4 52
900 9 73
900 9 69
900 9 62
900 29 53
900 52 55
900 55 79
900 67 76
1200 22 64
1200 24 48
1200 44 51
1200 77 82
1500 24 48
1500 46 84
1500 74 79
1800 28 69
2100 21 56
2100 36 50
2400 4 86
2400 9 73
2400 9 62
2400 24 48
2700 3 5
2700 9 29
2700 11 48
2700 11 24
2700 24 48
2700 57 88
2700 74 86
3000 14 18
3000 25 58
3000 29 53
3000 35 75
3000 50 75
3000 53 63
3000 56 60
3300 0 24
3300 0 14
3300 14 24
3300 14 48
3300 22 77
3300 24 48
3300 45 48
3600 9 73
3600 9 62
3600 17 18
3600 50 74
3600 53 69
3900 5 11
3900 5 72
3900 9 62
4200 8 39
4200 8 85
4200 9 62
4200 38 45
4500 5 75
4800 8 26
4800 23 30
4800 23 53
4800 29 53
4800 30 53
4800 39 58
5100 9 66
5100 14 24
5100 24 58
5100 28 84
5400 7 84
5400 16 84
5400 25 84
5400 64 77
5700 21 28
5700 29 53
5700 67 78
6000 23 49
6000 25 49
6000 28 69
6000 37 77
6000 52 75
6000 53 61
6300 35 75
6300 44 51
6600 8 26
6600 29 53
6600 36 79
6600 36 55
6600 55 79
6900 1 84
6900 1 59
6900 6 84
6900 9 73
6900 20 84
6900 28 69
6900 67 84
6900 84 88
7200 31 71
7200 44 51
7200 53 63
7500 22 38
7500 25 28
7500 25 53
7500 28 53
7500 53 69
7800 28 84
8100 49 84
8400 37 58
8400 50 86
8700 2 15
8700 2 3
8700 2 48
8700 15 48
8700 24 48
8700 24 49
8700 35 75
8700 48 49
9000 58 65
9000 76 78
9000 76 81
9000 78 81
9300 2 84
9300 3 68
9300 9 62
9300 9 30
9300 24 48
9300 52 75
9300 62 73
9600 14 71
9600 44 51
9600 50 86
9900 11 44
9900 11 30
9900 24 48
10200 5 34
10200 29 63
10500 22 64
10500 42 52
10800 24 48
10800 52 75
10800 69 70
11100 28 53
11100 44 51
11400 50 86
11400 52 84
11400 52 75
11400 59 76
11400 75 84
11700 40 56
12000 1 78
12000 29 70
12000 45 65
12300 3 14
12300 4 86
12300 7 12
12300 9 28
12600 24 48
12600 28 69
12900 44 51
12900 55 79
13200 29 53
13500 1 12
13500 9 73
13500 9 62
13500 51 71
13800 24 45
13800 29 53
13800 44 51
14100 50 74
14400 58 65
14400 76 84
14700 16 25
14700 52 87
15000 8 26
15000 14 44
15000 52 79
15300 17 18
15300 29 63
15600 11 44
15600 19 28
15600 25 86
15600 35 75
15600 35 52
15600 45 65
15600 52 75
15900 1 40
15900 2 12
15900 7 40
15900 12 72
15900 58 72
16200 24 48
16200 66 69
16500 17 68
16500 42 50
16800 14 48
16800 23 30
16800 24 48
16800 39 58
16800 45 58
16800 45 72
16800 58 72
17100 15 33
17100 50 86
17100 60 81
17100 76 88
17400 9 73
17400 14 24
17400 59 76
17700 9 28
17700 9 63
17700 9 69
17700 28 69
17700 28 70
18000 3 14
18000 9 62
18000 9 28
18000 9 44
18000 34 44
18000 44 45
18300 7 25
18300 9 66
18300 22 64
18600 7 12
18600 23 29
18900 7 27
18900 27 57
18900 57 60
19200 28 69
19500 0 51
19500 17 18
19500 26 65
19500 29 53
19500 45 72
19800 17 18
19800 45 65
19800 49 52
19800 52 86
20100 3 18
20100 9 62
20100 18 65
20100 29 53
20400 9 30
20400 12 76
20400 21 56
20400 22 64
20400 38 45
20400 56 76
20700 6 88
20700 18 37
20700 22 85
20700 23 69
20700 28 62
21000 22 38
21300 5 14
21600 7 58
21600 19 76
21600 21 69
21600 28 73
21600 59 76
21900 22 85
21900 29 53
21900 32 38
22200 3 68
22200 9 62
22200 28 69
22200 37 77
22200 52 75
22200 62 73
22500 7 25
22500 16 25
22500 30 66
22800 15 33
22800 23 30
22800 53 63
23100 58 65
23400 6 40
23400 9 73
23400 9 61
23400 50 86
23700 12 56
23700 56 58
24000 1 88
24000 9 73
24000 23 30
24000 29 63
24000 37 77
24000 62 73
24300 29 53
24600 5 39
24600 8 84
24600 9 31
24600 24 48
24600 29 53
24600 46 84
24900 11 23
24900 21 30
24900 23 69
24900 37 58
24900 74 86
25200 2 6
25200 5 51
25200 5 39
25200 6 10
25200 7 16
25200 9 62
25200 14 82
25500 2 15
25500 5 11
25500 14 19
25500 17 18
25500 19 79
25500 42 79
25800 9 62
25800 14 24
25800 19 58
25800 21 69
25800 25 79
25800 39 51
25800 51 65
25800 58 72
25800 65 72
25800 66 70
26100 29 53
26100 37 58
26400 2 15
26400 9 73
26400 9 30
26400 29 63
26400 61 63
26700 9 62
26700 9 73
26700 17 18
26700 50 74
26700 53 69
26700 55 79
27000 4 79
27000 9 29
27000 27 81
27300 7 84
27300 44 65
27300 58 65
27600 67 84
27900 28 70
27900 39 72
27900 72 90
28200 9 51
28200 9 39
28200 39 51
28500 29 53
28500 53 70
28500 59 76
28800 36 50
29100 9 62
29100 29 53
29100 50 74
29100 58 72
29400 9 62
29400 12 16
29400 35 75
29400 57 60
29400 57 88
29400 58 90
29700 0 48
29700 4 86
29700 9 63
29700 21 84
29700 52 87
30000 9 66
30000 9 62
30000 30 66
30000 50 74
30000 58 72
30300 3 19
30300 3 14
30300 9 14
30300 19 42
30300 29 63
30600 8 26
30600 42 43
30600 53 63
30900 3 83
30900 50 74
31200 15 33
31500 9 62
31500 38 58
31500 38 45
31500 59 78
31500 76 78
31800 5 72
31800 9 62
31800 49 86
32100 29 70
32400 9 63
32700 50 74
32700 53 69
33000 7 12
33000 22 91
33000 24 32
33000 33 84
33000 79 88
33000 85 91
33300 22 85
33300 76 78
33600 29 63
33600 50 84
33600 58 65
33600 59 76
33600 76 81
33900 1 33
33900 1 7
33900 5 72
33900 24 45
33900 37 58
33900 58 65
34200 24 32
34500 11 23
34500 23 69
34500 45 58
34800 11 48
34800 49 84
34800 50 74
34800 75 88
34800 79 88
35100 8 26
35100 9 62
35100 21 84
35400 9 62
35400 9 53
35400 12 58
35400 12 44
35400 12 77
35400 39 65
35400 39 58
35400 44 65
35400 53 70
35400 58 65
35700 39 58
35700 44 58
35700 49 58
35700 49 79
35700 49 88
35700 79 88
35700 79 84
36000 5 14
36000 9 62
36000 37 58
36000 44 45
36300 14 47
36300 45 72
36600 17 34
36900 30 53
36900 58 72
37200 0 48
37200 9 73
37200 15 67
37200 52 75
37500 5 85
37500 5 80
37500 21 84
37500 28 69
37800 44 51
37800 58 65
38100 12 64
38100 12 45
38100 12 58
38100 17 18
38100 18 68
38100 34 58
38100 64 77
38400 9 28
38400 15 60
38400 16 76
38400 28 62
38400 35 50
38400 38 90
38400 39 65
38400 50 75
38400 85 90
38700 21 27
38700 21 59
38700 34 45
38700 54 71
39000 1 7
39000 7 40
39000 33 59
39300 28 69
39300 29 53
39300 37 82
39300 44 51
39600 14 39
39600 14 58
39900 2 15
39900 17 18
39900 35 75
39900 79 87
40200 1 27
40200 1 7
40200 6 27
40200 6 7
40200 27 33
40200 29 63
40200 37 58
40200 44 65
40500 2 88
40500 7 58
40800 55 79
41100 8 26
41100 9 62
41100 9 28
41100 28 73
41100 28 62
41100 50 52
41100 50 86
41400 5 85
41400 76 78
41700 7 46
41700 17 18
41700 17 68
41700 45 58
42000 28 84
42000 35 75
42000 39 51
42000 55 75
42300 29 53
42300 37 58
42300 50 86
42300 51 65
42600 9 73
42600 29 69
42600 29 53
42600 37 58
42600 50 74
42600 53 69
42900 28 62
42900 29 53
42900 45 85
42900 45 65
43200 12 44
43200 58 65
43500 8 26
43500 29 53
43500 50 74
43500 53 69
43800 12 78
44100 9 23
44100 9 73
44100 14 24
44400 30 66
44400 32 91
44400 34 72
44400 53 63
44700 24 48
44700 24 45
44700 29 63
44700 29 70
44700 39 45
44700 42 50
44700 42 65
44700 45 72
44700 45 48
45000 12 59
45000 50 86
45000 75 84
45300 11 16
45300 35 51
45300 35 84
45300 40 57
45300 44 51
45300 44 45
45300 45 51
45300 53 70
45300 56 88
45300 57 88
45600 53 69
45600 61 69
45900 7 16
45900 7 25
45900 16 25
45900 17 18
45900 30 66
46200 29 53
46200 52 86
46500 29 53
46800 9 62
46800 9 19
46800 22 64
46800 24 48
46800 38 44
47100 1 33
47100 1 2
47100 1 6
47100 2 6
47100 6 84
47100 6 33
47100 10 84
47100 12 44
47100 33 44
47100 39 51
47100 51 58
47100 51 65
47100 56 84
47100 58 65
47100 67 84
47400 21 84
47400 23 29
47400 51 65
47700 7 58
47700 24 48
47700 29 53
47700 49 52
48000 0 24
48000 32 91
48000 57 60
48300 4 48
48300 8 34
48300 8 90
48300 8 58
48300 11 24
48300 27 76
48300 27 81
48300 45 58
48600 37 58
48600 53 66
48600 53 61
48600 53 70
48600 62 73
48900 8 50
48900 9 62
48900 38 58
48900 38 45
48900 50 75
49200 9 62
49200 22 85
49200 29 53
49200 29 30
49200 50 86
49500 45 83
49500 55 79
49500 58 72
49500 58 85
49500 80 85
49800 3 18
49800 7 58
49800 15 33
50100 28 53
50100 44 51
50400 32 80
50400 50 74
50700 8 26
50700 9 62
50700 52 84
51000 2 10
51000 2 6
51000 6 10
51300 22 64
51300 35 79
51300 77 82
51600 2 15
51600 9 73
51600 20 40
51600 40 75
51600 44 70
51900 9 73
51900 45 70
51900 52 84
51900 53 70
52200 14 37
52200 17 68
52500 28 66
52800 14 24
52800 76 78
53100 4 50
53100 9 62
53100 23 30
53100 30 44
53100 35 52
53100 46 49
53100 49 86
53100 53 70
53400 23 30
53400 29 53
53400 29 30
53400 35 52
53400 37 84
53400 43 45
53400 44 51
53700 28 69
53700 37 82
54000 29 53
54300 2 15
54300 23 30
54600 3 44
54600 5 72
54600 7 58
54600 9 23
54900 29 53
55200 9 63
55200 28 70
55200 28 53
55200 37 65
55200 53 70
55200 61 62
55500 11 44
55500 24 48
55800 7 58
55800 21 84
55800 24 45
55800 56 60
56100 29 53
56100 50 74
56100 52 86
56400 1 59
56400 6 88
56400 32 38
56700 14 85
56700 23 69
56700 23 31
56700 27 75
56700 31 69
57000 9 62
57000 9 45
57000 12 57
57000 13 50
57000 14 85
57000 14 24
57000 27 75
57000 45 61
57000 45 83
57000 50 74
57300 0 24
57300 17 18
57300 79 87
57300 84 87
57600 7 76
57900 5 72
57900 49 55
57900 49 86
57900 55 86
58200 3 72
58200 3 83
58200 14 44
58200 44 51
58500 29 53
58500 29 63
58500 45 65
58500 45 85
58500 58 65
58800 7 58
58800 29 53
58800 35 48
58800 55 79
59100 4 86
59100 7 12
59100 9 28
59100 9 63
59100 37 58
59100 52 87
59400 11 23
59400 23 69
59400 53 63
59700 29 53
60000 35 75
60000 76 84
60300 27 60
60300 29 63
60600 17 68
60600 28 69
60600 29 53
60600 37 82
60600 44 51
60900 6 40
60900 15 33
60900 38 45
60900 44 52
61200 21 69
61200 29 63
61500 0 24
61500 4 86
61500 9 63
61500 9 69
61500 24 48
61500 61 62
61800 5 18
61800 11 24
61800 79 84
62100 9 73
62400 22 32
62700 7 25
62700 35 84
62700 52 84
63000 22 85
63000 46 89
63300 7 78
63300 20 35
63300 29 73
63300 35 52
63300 56 87
63300 56 84
63300 63 70
63300 84 87
63600 12 77
63600 12 84
63600 26 32
63600 77 84
63900 29 63
64200 63 70
64500 21 84
64800 9 23
64800 9 62
65100 11 84
65100 14 71
65100 37 58
65100 50 86
65400 9 62
65400 18 90
65400 23 30
65400 50 60
65400 50 57
65400 57 88
65700 23 30
65700 29 53
65700 52 86
65700 57 60
65700 74 86
66000 14 72
66000 30 73
66000 30 69
66000 53 69
66300 6 40
66300 12 44
66300 18 68
66300 28 30
66300 64 77
66600 37 84
66600 49 86
66600 50 74
66600 58 84
66900 7 56
66900 9 62
67200 5 37
67200 5 13
67200 5 74
67200 9 62
67200 74 81
67500 19 59
67500 19 76
67500 21 61
67500 24 45
67500 25 47
67500 27 57
67500 28 69
67500 44 51
67500 53 66
67800 5 74
67800 5 37
67800 9 62
67800 9 73
67800 24 48
67800 24 77
67800 24 74
68100 9 73
68100 50 86
68400 9 62
68700 9 62
68700 36 55
68700 36 79
68700 55 79
69000 16 78
69000 28 73
69000 53 63
69000 70 73
69000 75 79
69300 24 48
69600 44 51
69600 77 82
69900 22 85
69900 61 69
70200 0 24
70200 17 68
70500 40 88
70500 55 74
70800 4 36
70800 14 24
70800 27 56
70800 27 60
70800 28 53
70800 29 70
70800 29 53
70800 45 65
70800 65 72
71100 53 70
71400 12 58
71400 58 72
71400 59 78
71400 65 72
71700 5 11
71700 8 85
71700 9 62
71700 12 29
71700 22 51
71700 29 53
71700 38 45
71700 40 41
71700 50 75
71700 61 90
72000 3 51
72000 3 23
72000 23 49
72000 28 69
72000 42 51
72000 52 75
72000 80 90
72300 7 88
72300 9 62
72300 52 75
72600 8 26
72600 28 70
72900 4 52
72900 8 26
72900 28 29
72900 29 70
72900 37 77
72900 38 39
73200 7 76
73200 8 26
73200 15 33
73200 23 29
73200 29 53
73200 53 63
73500 14 44
73500 14 22
73800 15 27
73800 23 30
73800 29 71
73800 37 58
74100 7 25
74100 22 64
74100 49 84
74100 50 84
74100 50 52
74100 52 84
74400 9 30
74400 9 28
74400 9 53
74400 17 18
74400 28 30
74400 28 73
74400 29 53
74400 44 51
74400 50 75
74700 8 26
74700 9 62
74700 9 73
74700 69 73
75000 22 64
75000 28 73
75300 35 52
75300 44 77
75300 56 84
75600 7 16
75600 7 25
75600 16 25
75900 8 26
75900 14 44
76200 4 74
76200 24 48
76200 35 75
76500 1 16
76500 1 59
76500 15 16
76500 16 59
76500 49 55
76500 55 79
76800 2 15
76800 2 33
76800 9 73
76800 9 62
76800 15 72
76800 29 63
76800 50 75
76800 58 86
76800 58 78
76800 58 59
76800 59 78
76800 72 86
76800 72 78
76800 72 75
76800 75 86
77100 17 18
77100 29 53
77100 36 79
77400 29 53
77400 37 58
77700 17 68
78000 15 33
78300 21 69
78300 24 45
78600 17 68
78600 36 50
78900 29 63
78900 50 86
79200 7 78
79200 28 69
79200 28 66
79200 42 51
79200 46 60
79500 9 62
79500 18 34
79500 21 66
79500 29 69
79500 45 83
79500 50 74
79500 55 79
79500 57 60
79800 3 80
80100 9 62
80100 29 53
80400 0 14
80400 41 79
80400 53 69
80400 77 82
80700 29 63
81000 16 61
81000 23 53
81000 28 69
81000 30 53
81300 0 24
81300 5 24
81300 39 58
81300 79 88
81600 8 26
81900 24 48
81900 42 43
81900 44 45
81900 48 49
81900 53 70
81900 79 88
82200 4 86
82200 52 86
82500 0 48
82500 8 90
82500 9 80
82500 9 30
82500 15 67
82500 24 48
82500 30 53
82500 53 73
82500 53 62
82800 22 64
82800 24 48
83100 14 24
83100 50 55
83400 22 85
83700 8 82
83700 9 19
83700 9 62
83700 22 39
83700 22 64
83700 37 58
83700 38 44
84000 5 47
84000 9 28
84000 9 63
84000 9 69
84000 9 73
84000 9 62
84000 24 48
84000 28 73
84300 35 75
84300 45 65
84300 56 86
84300 56 84
84300 84 86
84600 9 63
84600 9 73
84600 9 28
84600 9 69
84600 24 48
84600 28 70
84600 37 65
84600 53 70
84600 61 62
84900 7 76
84900 12 16
84900 14 37
84900 27 81
84900 35 75
85200 9 62
85500 9 62
85500 15 33
85500 44 52
85500 62 73
85800 5 18
85800 12 77
85800 12 44
85800 12 64
85800 24 48
85800 39 65
85800 44 65
86100 22 32
86100 53 70
86400 9 62
86700 35 52
87000 8 58
87000 14 58
87000 19 27
87000 27 50
87000 27 84
87000 27 35
87000 27 52
87000 27 75
87000 35 75
87000 35 38
87000 45 58
87000 58 72
87300 0 24
87300 4 84
87300 35 52
87300 55 79
87600 28 70
87900 25 84
87900 64 77
87900 75 79
88200 1 84
88200 5 18
88200 6 84
88200 7 84
88200 20 84
88200 28 30
88200 29 53
88200 32 38
88200 33 84
88200 67 84
88200 81 84
88200 84 88
88500 7 84
88500 24 84
88500 27 84
88500 33 84
88500 51 58
88800 7 58
88800 24 35
88800 29 53
88800 49 52
88800 55 79
89100 29 53
89100 37 58
89100 62 69
89400 17 18
89400 29 61
89400 44 51
89700 28 69
89700 65 91
90000 9 66
90000 16 59
90000 50 59
90000 59 76
90300 21 76
90300 21 69
90300 22 85
90600 11 26
90600 35 75
90900 11 23
90900 17 18
90900 23 69
90900 35 74
90900 62 73
91200 14 24
91500 4 50
91500 4 52
91500 14 24
91500 21 69
91500 29 53
91800 3 22
91800 11 24
91800 42 79
91800 52 79
91800 55 79
92100 52 79
92400 50 86
92700 7 12
92700 29 53
92700 45 83
92700 50 74
93000 9 73
93000 9 62
93000 50 74
93300 5 54
93300 7 59
93300 9 62
93300 62 69
93600 11 69
93600 11 23
93600 23 69
93600 53 63
93900 24 48
94200 28 53
94500 26 52
94500 29 53
94800 12 42
95100 9 62
95100 29 53
95400 0 48
95400 9 77
95400 9 62
95400 28 73
95400 44 51
95700 21 84
95700 30 66
95700 55 86
96000 9 62
96000 9 66
96000 14 48
96000 24 32
96000 50 75
96000 59 76
96300 24 48
96300 29 53
96300 35 75
96600 9 28
96600 9 63
96600 28 69
96600 37 77
96900 17 68
96900 50 86
97200 9 62
97200 17 68
97200 18 68
97500 17 18
97500 18 68
97500 24 48
97500 32 58
97800 14 47
97800 32 38
98100 1 6
98100 1 59
98100 1 88
98100 7 81
98100 29 53
98400 14 37
98400 35 87
98400 35 52
98400 44 51
98700 4 79
98700 37 58
98700 75 79
99000 5 84
99000 22 77
99000 24 48
99300 0 45
99300 4 86
99300 29 91
99300 29 53
99300 53 63
99600 0 14
99600 7 78
99600 9 62
99600 21 84
99600 21 56
99600 29 53
99600 52 87
99900 39 58
99900 79 84
99900 79 88
100200 32 38
100500 28 30
100800 7 12
100800 33 84
100800 72 85
100800 79 88
101100 50 84
101400 14 58
101400 25 79
101700 8 26
101700 42 59
101700 53 63
102000 3 14
102000 3 44
102000 9 73
102000 9 19
102000 9 62
102000 11 44
102000 19 73
102000 29 63
102000 62 73
102000 62 66
102300 9 69
102300 9 66
102300 9 62
102300 12 57
102300 27 75
102300 50 74
102300 62 69
102300 80 85
102600 4 41
102600 27 57
102600 28 69
102900 28 84
103200 5 37
103200 5 18
103200 14 77
103200 18 37
103200 64 77
103500 7 16
103500 29 53
103500 45 58
103800 8 26
103800 22 71
103800 38 85
103800 38 90
103800 39 65
103800 58 85
103800 72 90
104100 26 32
104100 57 60
104400 45 58
104400 45 72
104400 63 70
104700 24 58
104700 32 80
104700 67 76
105000 0 45
105000 7 78
105000 7 21
105000 14 24
105300 5 24
105300 7 16
105300 8 26
105300 14 90
105300 18 37
105600 1 76
105600 37 58
105900 15 33
106200 3 58
106500 9 73
106500 11 23
106500 17 18
106500 22 85
106800 4 49
106800 29 53
106800 57 88
107100 14 24
107100 18 47
107400 53 70
107700 28 43
107700 39 51
108000 29 53
108000 30 62
108000 49 52
108300 9 62
108300 50 86
108600 29 53
108600 37 58
108900 9 62
108900 29 73
108900 29 63
109200 11 24
109500 29 53
109500 37 77
109800 3 85
109800 22 85
110100 53 63
110400 28 69
110400 29 70
110400 44 51
110700 0 24
110700 42 79
110700 42 44
110700 56 84
111000 22 64
111000 24 48
111000 44 51
111000 52 87
111000 77 82
111300 21 84
111300 22 85
111600 5 18
111600 7 88
111600 16 88
111600 28 73
111600 29 53
111600 39 51
111600 49 86
111600 49 55
111600 55 86
111900 11 57
111900 22 64
111900 29 30
111900 30 63
111900 47 58
111900 56 57
112200 18 37
112200 29 53
112200 35 55
112200 39 72
112200 80 85
112500 14 24
112500 28 84
112500 39 51
112800 21 69
112800 29 63
113100 15 33
113100 25 55
113100 56 60
113400 24 48
113400 35 52
113400 39 45
113400 57 62
113700 12 88
113700 17 18
113700 55 74
114000 3 44
114000 22 64
114000 44 51
114000 45 58
114300 4 86
114300 23 29
114300 29 53
114600 3 53
114600 7 33
114600 11 56
114600 22 32
114600 22 45
114600 28 70
114600 44 51
114600 53 70
114600 53 61
114900 6 40
114900 24 45
114900 49 86
114900 57 60
115200 11 23
115500 8 30
115500 8 90
115500 9 73
115500 15 67
115500 52 75
115500 53 73
115800 0 24
115800 50 86
115800 56 84
116100 3 8
116100 14 85
116100 19 79
116100 24 48
116100 45 65
116400 19 62
116400 21 56
116400 22 64
116400 77 82
116700 1 16
116700 8 26
117000 8 26
117000 44 51
117300 0 45
117300 3 5
117300 9 29
117300 9 30
117300 9 70
117300 9 28
117600 9 73
117600 9 62
117900 16 84
117900 28 73
117900 44 51
118200 7 88
118200 17 51
118200 29 53
118200 29 63
118200 39 51
118500 5 18
118800 79 86
119100 0 45
119100 29 53
119100 37 58
119100 37 47
119400 14 24
119400 29 63
119400 35 75
119400 59 76
119700 29 53
120000 64 77
120300 25 88
120300 29 53
120300 38 51
120300 45 58
120300 51 72
120600 29 53
120600 51 65
120900 7 58
120900 21 69
120900 36 50
121200 9 63
121200 9 28
121200 61 62
121500 1 40
121500 1 6
121500 6 60
121500 27 84
121500 44 65
121500 58 65
121800 37 58
121800 44 52
122100 24 48
122100 57 76
122400 1 78
122400 7 78
122400 21 76
122400 24 48
122400 77 82
122700 18 47
122700 18 37
122700 58 65
123000 1 7
123000 1 27
123000 7 27
123000 14 37
123000 29 53
123300 21 84
123300 24 48
123300 35 75
123300 55 79
123600 42 43
123600 42 72
123600 42 58
123600 58 72
123900 6 40
123900 7 16
124200 7 25
124200 7 16
124200 30 66
124200 61 69
124500 37 84
124800 52 79
125100 12 44
125400 23 53
125400 28 69
125400 35 52
125400 46 50
125400 50 86
125400 53 70
125700 67 84
126000 13 88
126000 21 88
126000 29 53
126000 29 69
126000 45 83
126000 50 74
126000 55 79
126300 7 50
126600 29 53
126600 37 58
126600 44 51
126600 67 76
126900 11 86
126900 12 86
126900 76 78
127200 9 29
127200 29 62
127200 29 63
127200 62 73
127200 63 66
127500 28 70
127800 1 88
127800 9 62
127800 9 69
127800 9 66
127800 27 88
127800 28 69
127800 29 30
127800 30 66
128100 8 90
128100 8 58
128100 45 58
128100 70 73
128400 24 44
128400 29 63
128700 22 64
128700 24 48
128700 77 82
129000 14 22
129300 24 58
129300 28 84
129300 28 62
129600 9 73
129600 35 50
129600 50 86
129600 50 84
129900 14 50
129900 22 64
129900 30 66
129900 44 86
130200 0 14
130200 14 37
130200 17 18
130200 37 82
130500 7 59
130500 8 90
130500 24 48
130500 79 86
130800 6 40
131100 3 14
131100 21 84
131100 28 73
131100 29 70
131100 45 65
131400 8 26
131400 53 63
131700 23 69
131700 23 30
131700 29 53
131700 30 63
131700 30 53
132000 0 65
132000 0 14
132000 22 64
132000 24 48
132000 44 51
132300 2 71
132300 14 58
132300 14 39
132300 14 24
132300 37 82
132300 39 58
132300 53 70
132300 58 82
132600 24 45
132600 29 53
132600 37 58
132600 44 51
132900 2 10
132900 2 6
132900 3 14
132900 6 10
132900 11 14
132900 14 34
132900 27 46
132900 44 51
133200 29 63
133500 14 58
133500 21 61
133800 7 16
133800 7 58
134100 22 64
134100 24 48
134100 77 82
134400 11 44
134400 63 70
134700 9 73
134700 16 88
134700 21 69
134700 22 64
134700 53 70
135000 29 53
135300 19 62
135300 22 64
135300 77 82
135600 5 14
135600 37 58
135900 3 58
135900 29 63
135900 37 58
135900 50 75
136200 16 84
136200 28 69
136200 32 38
136200 35 50
136200 37 82
136200 37 77
136200 45 65
136500 49 55
136500 50 86
136800 7 16
136800 9 29
136800 22 32
136800 52 55
136800 55 74
137100 9 62
137400 17 68
137400 22 85
137400 26 37
137400 28 70
137400 37 72
137400 55 86
137700 8 37
137700 37 82
137700 37 58
137700 58 82
138000 1 7
138000 9 73
138000 9 62
138000 14 51
138000 23 29
138000 28 29
138000 29 53
138000 49 55
138300 21 69
138300 58 85
138600 9 62
138600 17 18
138600 50 86
138600 79 87
138900 14 24
138900 22 77
139200 1 33
139200 11 72
139200 14 37
139200 64 77
139500 9 63
139500 9 28
139800 3 80
139800 28 53
139800 49 55
140100 51 54
140100 63 89
140400 9 62
140400 23 53
140400 23 73
140400 28 53
140400 28 73
140400 29 53
140400 39 51
140700 17 18
140700 22 58
140700 22 32
140700 32 58
141000 17 68
141000 18 34
141000 35 75
141000 35 36
141000 36 75
141300 14 24
141300 21 69
141300 29 53
141300 85 91
141600 21 69
141600 29 53
141600 75 79
141900 0 14
141900 12 88
141900 31 51
141900 51 71
142200 35 75
142200 35 52
142200 52 75
142500 7 88
142500 22 64
142500 59 67
142500 61 66
142800 14 72
142800 28 53
143100 49 74
143400 3 24
143400 15 33
143400 28 29
143400 44 51
143400 53 63
143700 35 75
143700 50 86
144000 23 30
144000 49 74
144000 49 55
144000 55 74
144000 69 73
144300 7 27
144300 27 60
144300 27 57
144300 28 61
144300 29 53
144300 49 74
144300 57 60
144600 25 49
144600 55 79
144900 52 79
145200 29 53
145200 59 76
145500 17 18
145800 11 44
146100 28 69
146100 30 66
146100 52 75
146400 17 68
146400 28 45
146400 44 45
146700 5 39
146700 35 87
146700 35 86
146700 35 52
147000 5 22
147000 23 61
147300 9 29
147300 11 48
147300 27 81
147300 57 88
147600 15 60
147900 9 73
147900 28 53
147900 50 74
148200 29 53
148500 28 29
148500 29 70
148800 9 62
148800 39 51
149100 53 66
149400 9 30
149400 29 53
149400 30 62
149400 37 77
149400 49 52
149400 52 84
149700 23 29
149700 55 74
150000 3 85
150000 50 86
150300 9 62
150300 29 69
150300 50 74
150300 53 69
150300 55 79
150600 29 63
150900 0 14
150900 3 14
150900 8 90
150900 9 69
150900 16 84
150900 30 53
150900 65 82
151200 56 84
151500 23 30
151500 24 48
151800 0 14
151800 9 62
151800 29 53
151800 37 58
152100 29 53
152100 35 75
152100 42 50
152400 0 48
152400 9 62
152400 15 67
152400 16 59
152400 24 48
152400 28 30
152400 28 69
152400 44 51
152400 52 75
152400 62 73
152700 3 37
152700 9 30
152700 32 88
153000 17 18
153300 9 62
153300 53 63
153600 1 15
153600 29 63
153600 55 79
153600 56 87
153600 75 79
153900 7 25
153900 16 25
153900 30 66
153900 50 86
154200 3 11
154200 28 76
154200 57 76
154500 24 48
154500 26 31
154800 7 88
155100 0 24
155400 21 46
155400 24 48
155400 26 31
155400 75 79
155700 17 68
155700 17 34
155700 34 68
155700 35 75
155700 36 75
155700 75 86
156000 29 53
156300 3 5
156300 29 73
156300 50 86
156600 3 5
156600 29 63
156900 14 65
156900 14 45
156900 22 64
156900 29 53
156900 39 58
156900 39 85
156900 46 89
156900 58 85
156900 58 65
157200 15 60
157200 21 60
157200 85 90
157500 9 63
157500 28 70
157500 35 75
157800 62 73
157800 71 83
158100 0 48
158100 9 63
158100 32 71
158400 11 84
158400 12 84
158400 16 33
158400 29 53
158400 42 43
158400 49 84
158400 49 58
158400 49 64
158400 58 84
158400 64 77
158400 79 88
158700 19 73
158700 52 75
159000 21 76
159300 9 62
159300 16 84
159300 24 48
159600 28 69
159600 30 53
159600 53 70
159900 7 25
159900 28 69
160200 9 62
160200 16 76
160200 17 68
160200 21 61
160200 24 37
160200 35 75
160200 42 75
160200 45 90
160200 55 79
160200 59 76
160500 7 58
160500 12 15
160500 15 33
160800 11 48
160800 12 49
160800 49 67
160800 58 65
160800 60 89
161100 42 86
161100 55 86
161400 11 24
161400 23 30
161400 50 86
161400 84 88
161700 1 88
161700 1 59
161700 22 32
162000 9 73
162300 29 53
162300 50 86
162600 19 73
162600 29 63
162600 56 84
162900 12 58
162900 43 58
162900 44 45
162900 79 88
163200 7 81
163200 14 45
163200 57 60
163500 0 14
163500 53 70
163500 60 79
163800 6 58
163800 6 7
163800 7 58
163800 8 14
163800 9 62
163800 14 37
163800 35 75
164100 28 62
164100 28 29
164100 29 53
164400 2 10
164400 2 40
164400 6 10
164400 21 88
164400 44 51
164400 57 88
164700 0 14
165000 4 50
165000 5 24
165000 7 57
165000 8 26
165000 9 62
165000 13 50
165000 14 90
165000 14 37
165000 32 80
165000 37 90
165300 37 58
165600 6 40
165600 9 30
165600 9 29
165600 28 29
165600 28 53
165600 29 53
165900 0 24
166200 0 14
166200 7 16
166200 8 60
166200 15 67
166500 12 59
166500 20 84
166500 37 58
166500 59 76
166800 14 24
167100 34 84
167100 58 72
167100 80 85
167400 18 37
167400 23 30
167400 38 91
167700 35 75
167700 45 58
168000 5 37
168000 5 34
168000 7 27
168000 7 88
168000 27 88
168000 34 37
168300 3 5
168300 29 63
168300 29 73
168300 50 88
168600 23 29
168900 1 2
168900 2 10
168900 5 39
168900 6 10
168900 21 56
168900 45 58
169200 2 28
169200 5 22
169200 22 85
169500 2 39
169500 5 48
169500 12 48
169500 12 14
169500 12 20
169500 14 20
169500 14 58
169500 14 78
169500 20 58
169500 20 78
169500 24 87
169500 29 39
169500 31 58
169500 58 78
169800 17 18
169800 35 75
169800 39 90
170100 7 78
170100 8 26
170100 14 24
170100 14 64
170100 17 68
170100 29 53
170400 3 45
170700 25 86
170700 30 53
170700 53 77
171000 0 48
171000 9 69
171000 9 43
171000 9 73
171000 15 67
171000 23 69
171000 30 66
171000 44 51
171000 52 75
171000 62 73
171000 69 73
171300 0 24
171300 20 84
171300 35 52
171300 35 84
171300 55 79
171300 56 87
171300 56 84
171600 17 68
171600 29 53
171600 35 49
171600 57 60
171900 32 85
171900 50 86
172200 0 65
172200 14 65
172200 39 45
172500 8 16
172500 28 69
172800 15 33
172800 46 76
172800 60 81
173100 52 79
173400 8 26
173400 26 32
173400 38 90
173400 38 85
173400 58 90
173400 58 85
173400 85 90
173700 28 69
173700 46 89
174000 0 14
174300 0 48
174300 8 90
174300 8 16
174300 29 53
174300 29 30
174300 62 73
174600 5 72
174600 5 37
174600 22 26
174600 22 37
174600 22 72
174600 26 37
174600 26 72
174600 29 53
174600 37 72
174600 53 63
174900 17 68
174900 45 58
174900 63 70
174900 64 77
175200 12 58
175200 39 58
175200 79 88
175500 12 44
175500 12 58
175500 12 77
175500 24 48
175500 58 65
175800 24 48
175800 37 58
176100 9 73
176100 29 63
176400 3 24
176400 14 45
176400 24 29
176400 24 53
176400 24 28
176400 29 53
176400 44 51
176700 5 37
176700 35 75
176700 35 49
176700 46 57
177000 4 55
177300 9 62
177300 11 44
177600 5 72
177600 5 37
177600 5 22
177600 18 72
177600 22 37
177600 22 72
177600 22 26
177600 26 72
177600 26 37
177600 26 71
177600 28 73
177600 37 72
177900 2 88
177900 7 88
177900 40 88
177900 40 84
177900 84 88
178200 1 78
178200 3 5
178200 29 63
178500 9 62
178500 77 82
178800 23 30
178800 42 76
178800 49 55
179100 11 24
179100 11 51
179100 17 68
179100 22 64
179100 27 51
179100 27 68
179400 9 29
179400 14 48
179400 53 66
179700 17 34
179700 28 70
180000 5 18
180000 5 11
180000 62 73
180300 9 66
180300 9 62
180300 9 73
180300 11 84
180300 62 73
180600 9 28
180600 9 69
180600 9 63
180600 17 68
180600 28 73
180600 28 70
180600 28 30
180600 28 69
180600 30 62
180600 35 75
180600 53 62
180600 53 70
180600 61 62
180900 29 53
180900 39 51
180900 53 63
180900 53 69
180900 66 69
181200 5 37
181200 24 48
181200 24 31
181200 31 48
181500 9 62
181500 38 58
181500 38 45
181500 45 58
181800 23 29
181800 29 63
181800 31 71
181800 52 79
182100 8 26
182100 49 74
182400 35 75
182400 62 73
182700 7 88
182700 9 62
182700 29 53
183000 37 58
183000 44 51
183300 9 62
183300 27 88
183300 28 69
183300 29 53
183600 5 14
183600 29 70
183600 44 51
183900 16 46
183900 35 84
183900 44 51
183900 57 88
184200 24 58
184500 19 78
184500 21 63
184500 29 53
184800 6 40
184800 9 62
184800 35 49
184800 55 74
185100 7 21
185100 7 78
185100 17 68
185100 21 78
185100 29 53
185100 36 50
185400 24 48
185400 52 84
185400 53 63
185700 12 16
185700 27 81
185700 39 57
185700 50 86
186000 24 28
186000 29 53
186000 55 74
186000 76 81
186300 7 33
186300 58 72
186300 64 77
186600 0 14
186600 8 54
186600 8 32
186600 8 26
186600 22 91
186600 25 39
186600 39 51
186900 22 80
186900 28 69
186900 53 70
187200 2 33
187200 24 87
187200 58 62
187500 7 84
187500 35 86
187500 35 50
187500 37 80
187500 37 50
187500 38 86
187500 50 75
187500 50 80
187800 21 56
187800 24 48
188100 23 30
188100 45 72
188100 45 65
188100 49 74
188100 50 86
188100 52 84
188100 65 72
188400 29 53
188400 57 88
188700 15 33
188700 25 86
189000 24 48
189300 15 33
189600 0 14
189600 18 45
189600 35 52
189900 9 60
189900 15 33
189900 35 75
190200 22 64
190200 27 57
190200 44 51
190200 77 82
190500 21 59
190800 17 84
190800 24 28
190800 29 53
191100 30 57
191100 51 90
191100 52 75
191100 56 59
191100 58 65
191100 59 78
191400 11 77
191400 12 27
191400 17 34
191400 22 48
191400 27 81
191400 27 48
191400 27 77
191400 48 64
191400 64 77
191700 28 70
192000 52 79
192300 59 76
192600 5 22
192600 5 72
192600 5 37
192600 22 37
192600 22 72
192600 22 26
192600 26 37
192600 29 53
192600 37 72
192600 37 90
192900 5 85
192900 5 72
192900 55 86
192900 72 80
192900 80 85
193200 8 26
193200 44 51
193500 14 72
193500 14 34
193500 14 85
193500 24 48
193500 27 75
193500 27 35
193500 35 75
193800 24 48
193800 26 31
193800 35 75
193800 37 91
194100 8 26
194100 9 28
194100 9 62
194100 22 64
194100 28 73
194400 9 73
194400 63 70
194700 35 75
194700 35 52
195000 28 84
195000 39 51
195300 34 84
195300 35 75
195300 55 74
195300 67 84
195600 11 24
195600 49 55
195900 3 5
195900 3 22
195900 5 18
195900 11 24
195900 18 22
195900 22 64
195900 55 79
196200 45 72
196500 0 24
196500 9 66
196500 23 29
196800 22 72
196800 28 69
197100 20 35
197100 39 45
197100 42 79
197400 17 18
197700 14 58
197700 21 40
197700 47 58
198000 7 76
198300 17 18
198300 42 43
198300 45 58
198600 34 84
198600 35 75
198600 35 50
198600 37 84
198600 50 86
198600 75 86
198900 9 73
198900 29 53
198900 53 73
199200 1 88
199200 5 51
199200 7 81
199200 7 88
199200 29 53
199200 39 51
199200 49 67
199200 55 86
199500 3 14
199500 14 37
199500 16 84
199500 50 75
199800 0 24
199800 5 34
199800 23 29
199800 29 30
200100 7 25
200100 9 72
200100 22 64
200100 35 52
200400 7 78
200400 16 25
200400 27 60
200700 42 84
200700 52 84
200700 53 63
201000 9 69
201000 9 63
201000 24 48
201000 28 70
201000 53 70
201000 61 62
201300 29 53
201300 69 70
201600 2 15
201600 3 14
201600 7 50
201600 9 62
201600 9 73
201900 11 58
201900 27 64
201900 28 53
201900 53 70
201900 85 90
202200 8 83
202200 29 53
202200 44 51
202500 3 68
202500 29 63
202800 20 35
202800 29 61
202800 39 45
202800 42 79
202800 52 84
202800 56 84
202800 84 87
203100 6 12
203100 6 26
203100 9 62
203100 9 26
203100 12 46
203100 14 24
203400 29 53
203700 29 63
204000 7 27
204300 0 24
204300 19 42
204300 19 50
204300 20 35
204300 22 32
204300 55 79
204300 84 87
204600 12 44
204600 12 72
204600 12 58
204600 17 34
204600 35 50
204600 43 58
204600 44 58
204600 44 56
204600 50 75
204600 53 70
204600 56 58
204600 56 65
204900 17 18
204900 21 56
204900 21 59
204900 24 48
204900 32 58
205200 28 29
205200 29 53
205200 35 52
205500 8 26
205500 53 63
205800 9 73
205800 9 19
205800 33 88
205800 50 75
206100 29 70
206400 9 73
206700 12 88
206700 22 85
206700 55 74
207000 24 28
207000 29 53
207300 0 48
207300 8 90
207300 29 53
207600 9 63
207600 37 77
207900 9 28
207900 12 84
207900 55 87
208200 28 69
208500 55 79
208500 75 79
208800 3 72
208800 22 32
208800 52 79
208800 62 73
208800 79 86
209100 25 87
209400 29 69
209400 66 69
209700 31 71
210000 7 78
210000 9 69
210000 9 29
210000 29 63
210300 39 72
210600 24 48
210600 29 30
210600 30 63
210600 47 58
210900 5 39
210900 14 58
210900 40 88
210900 49 55
211200 3 43
211200 29 53
211500 24 48
211500 26 71
211500 29 53
211500 35 75
211800 25 36
211800 53 63
212100 29 53
212400 35 75
212400 39 58
212400 65 84
212400 79 88
212700 3 37
212700 8 26
212700 22 37
212700 23 30
212700 29 63
212700 37 90
213000 0 48
213000 0 14
213000 9 62
213000 18 68
213000 28 29
213300 5 80
213300 5 18
213300 18 80
213600 17 80
213600 21 84
213600 24 48
213600 35 75
213600 46 84
213900 12 43
214200 8 85
214200 8 37
214200 9 62
214200 21 61
214200 59 76
214500 69 70
214800 1 12
214800 5 45
214800 9 73
214800 9 62
215100 7 46
215100 17 34
215100 17 18
215100 17 46
215100 32 85
215100 32 38
215100 35 75
215100 64 77
215400 27 60
215400 29 63
215400 37 58
215400 50 75
215700 11 44
216000 1 59
216000 29 53
216000 75 79
216300 14 58
216300 21 61
216600 21 56
216600 24 48
216900 14 58
216900 22 38
217200 14 32
217500 5 11
217500 14 48
217500 28 73
217500 29 53
217500 39 51
217500 61 71
217500 70 73
217800 15 33
217800 22 85
217800 28 66
217800 44 51
217800 53 63
218100 15 67
218100 30 66
218100 37 58
218100 37 77
218100 52 75
218100 62 73
218100 64 82
218100 65 82
218400 15 33
218400 23 61
218700 0 14
218700 7 16
218700 8 60
218700 8 90
218700 9 62
218700 53 66
219000 35 55
219000 50 74
219300 8 26
219300 21 61
219300 22 64
219600 29 53
219900 7 78
219900 7 59
219900 20 52
219900 20 35
219900 25 35
219900 28 40
219900 28 73
219900 35 52
219900 35 84
219900 35 87
219900 40 84
219900 42 79
219900 52 84
219900 56 87
219900 56 84
220200 28 73
220200 62 73
220200 67 84
220200 67 76
220500 18 22
220500 22 85
220500 28 66
220500 80 85
220800 17 18
220800 22 32
220800 79 87
221100 12 60
221100 19 75
221100 35 75
221100 35 50
221100 50 75
221100 50 52
221100 52 75
221400 11 44
221400 25 75
221700 9 19
221700 9 62
221700 9 73
221700 19 73
221700 45 65
221700 62 73
222000 58 59
222000 59 76
222000 59 78
222000 60 81
222000 76 88
222300 11 26
222300 35 75
222600 22 64
222600 45 85
222600 45 65
222600 65 85
222900 1 7
222900 17 18
222900 55 79
222900 75 79
223200 7 58
223500 7 76
223500 9 63
223800 7 27
223800 8 17
223800 8 51
223800 8 39
223800 8 14
223800 14 51
223800 14 90
223800 19 51
223800 39 51
223800 51 90
224100 9 73
224100 29 63
224400 29 63
224700 2 28
224700 5 22
224700 23 61
225000 2 15
225000 7 16
225000 7 12
225000 12 16
225300 7 84
225300 8 26
225300 21 84
225300 31 71
225600 29 53
225900 4 87
225900 9 62
225900 22 85
225900 29 53
225900 36 50
225900 84 89
226200 44 51
226200 57 62
226500 3 22
226500 28 66
226500 28 69
226800 5 18
226800 29 90
226800 44 51
226800 45 64
226800 81 88
227100 4 50
227100 15 67
227100 28 69
227100 30 66
227100 44 51
227100 52 75
227100 55 86
227400 28 69
227400 29 53
227400 44 51
227700 11 24
227700 24 48
228000 0 24
228000 0 48
228000 9 62
228000 15 67
228000 23 30
228300 0 48
228300 4 50
228300 9 62
228300 9 73
228300 15 67
228300 52 75
228600 28 69
228600 46 60
228600 49 86
228600 49 55
228600 55 86
228900 4 79
228900 16 84
229200 25 86
229200 29 53
229200 50 86
229500 7 58
229500 9 73
229500 24 35
229500 29 53
229500 35 48
229500 42 55
229500 49 52
229800 38 58
229800 59 78
229800 76 78
230100 0 24
230100 45 58
230100 50 86
230100 55 74
230400 9 63
230400 9 73
230700 1 78
230700 9 19
230700 19 42
230700 19 50
230700 33 88
230700 58 72
230700 62 73
231000 29 53
231000 46 89
231000 69 70
231300 19 86
231600 15 33
231600 49 50
231900 12 78
231900 58 65
231900 84 89
232200 14 22
232200 14 39
232200 21 84
232200 30 90
232200 59 78
232500 0 14
232500 7 16
232500 8 90
232500 8 60
232500 9 69
232500 17 68
232500 17 18
232800 21 69
232800 21 61
232800 24 45
232800 30 66
232800 69 73
233100 28 84
233100 39 51
233400 9 28
233400 9 63
233700 0 14
233700 0 3
233700 3 14
233700 7 78
234000 21 61
234000 22 64
234000 57 88
234300 9 46
234300 55 84
234600 29 53
234900 21 69
234900 21 61
234900 61 69
235200 14 58
235200 53 66
235500 7 86
235800 5 34
235800 5 37
235800 7 27
235800 23 30
235800 30 34
236100 9 62
236100 35 75
236400 0 14
236400 14 37
236400 17 18
236400 28 30
236400 64 77
236700 22 77
236700 22 64
237000 29 70
237000 29 69
237000 29 53
237000 53 63
237000 59 78
237000 85 91
237300 9 62
237300 24 31
237300 24 48
237300 31 48
237600 1 76
237600 27 76
237600 35 79
237600 44 51
237600 77 82
237900 25 87
238200 24 69
238200 28 69
238500 11 24
238500 19 59
238500 19 76
238500 37 72
238500 59 76
238500 70 73
238800 45 65
239100 3 65
239100 9 73
239100 17 51
239100 51 68
239400 5 18
239400 35 50
239400 42 50
239400 50 86
239700 24 45
239700 25 47
239700 27 57
239700 53 70
240000 0 24
240000 21 42
240000 22 38
240000 24 45
240000 25 28
240000 27 57
240000 67 76
240300 9 62
240300 16 88
240300 23 53
240300 28 73
240300 29 73
240300 35 52
240300 53 73
240600 1 65
240600 8 39
240600 8 85
240600 9 62
240600 14 45
240600 29 63
240600 38 45
240600 41 86
240600 50 75
240600 53 70
240600 75 79
240900 2 15
240900 9 73
240900 17 18
240900 35 75
241200 8 26
241200 50 74
241500 28 29
241500 49 86
241800 22 64
241800 35 52
241800 44 51
241800 46 89
242100 5 18
242100 12 77
242100 12 64
242100 24 48
242100 64 77
242400 11 44
242400 24 63
242400 37 82
242400 86 91
242700 2 60
242700 28 53
242700 39 58
242700 58 65
243000 14 58
243000 21 61
243300 1 6
243300 1 33
243300 1 40
243300 1 10
243300 1 16
243300 2 10
243300 5 39
243300 6 40
243300 6 10
243300 10 40
243300 10 38
243300 10 16
243300 12 44
243300 12 77
243300 16 33
243300 24 48
243300 33 40
243300 38 45
243300 38 85
243300 45 85
243600 9 62
243600 9 19
243600 12 58
243600 14 37
243600 19 44
243600 21 61
243600 22 64
243600 29 53
243600 44 45
243600 44 58
243600 44 60
243600 53 63
243900 5 11
243900 18 37
243900 29 53
244200 14 48
244200 14 24
244200 24 48
244200 53 63
244500 29 63
244500 37 77
244500 55 86
244800 22 38
244800 29 53
244800 29 30
244800 29 66
244800 30 53
245100 22 64
245100 28 57
245100 37 58
245400 15 33
245400 22 85
245400 22 32
245400 28 66
245400 53 63
245400 58 72
245700 7 16
245700 29 53
245700 49 52
246000 16 76
246000 32 38
246300 7 25
246300 19 79
246300 21 79
246300 21 61
246300 24 48
246300 24 45
246300 28 69
246300 61 66
246300 79 87
246600 55 79
246900 22 64
247200 17 18
247500 49 55
247800 2 10
247800 6 10
247800 6 12
247800 11 58
247800 16 53
247800 16 70
247800 39 65
247800 44 51
247800 51 58
247800 51 65
247800 53 70
247800 58 65
247800 67 84
247800 79 84
247800 84 86
248100 24 48
248100 46 84
248100 79 86
248400 35 75
248400 55 86
248700 1 84
248700 5 18
248700 15 88
248700 15 40
248700 15 84
248700 18 32
248700 22 32
248700 23 69
248700 28 30
248700 29 53
248700 59 88
248700 59 84
248700 62 75
248700 81 84
248700 84 88
249000 3 5
249000 29 63
249300 29 53
249300 29 63
249600 29 53
249600 35 49
249600 37 84
249600 58 84
249900 14 37
249900 37 58
249900 44 51
250200 17 18
250200 22 32
250200 79 87
250200 84 87
250500 5 21
250500 21 84
250800 7 12
250800 38 69
251100 19 50
251100 19 75
251100 27 60
251100 35 50
251100 35 75
251100 50 75
251400 7 58
251400 15 33
251400 44 52
251700 9 62
251700 15 33
251700 35 75
251700 52 55
251700 60 81
252000 28 70
252300 7 58
252300 7 25
252300 21 69
252300 25 58
252300 27 76
252300 28 66
252300 75 79
252300 76 78
252600 50 86
252900 0 14
252900 16 59
252900 53 69
253200 1 76
253200 19 76
253200 22 64
253200 35 79
253200 77 82
253500 2 28
253500 2 39
253500 11 34
253500 28 38
253500 61 86
253500 77 86
253800 26 32
254100 11 23
254400 0 48
254400 4 50
254400 9 73
254400 9 62
254400 15 67
254400 52 75
254400 53 66
254700 7 12
254700 22 32
255000 9 62
255000 22 32
255000 76 78
255300 34 86
255600 5 14
255600 6 88
255600 14 24
255600 28 30
255900 23 69
256200 1 16
256200 7 88
256200 9 62
256200 35 79
256200 35 52
256200 35 36
256200 36 79
256200 76 88
256500 1 16
256500 2 6
256500 2 10
256500 6 40
256500 6 27
256500 6 10
256500 10 16
256500 10 40
256500 12 77
256500 12 44
256500 16 33
256500 17 18
256500 24 48
256500 27 40
256500 27 46
256500 27 65
256500 27 57
256500 39 65
256500 46 56
256500 46 57
256800 52 86
256800 63 70
257100 8 26
257100 22 91
257100 24 48
257100 29 91
257100 39 58
257100 42 43
257400 27 73
257400 29 53
257400 37 84
257400 49 86
257400 49 50
257700 9 62
257700 9 17
257700 24 48
257700 76 88
258000 1 16
258000 35 84
258000 35 52
258300 28 70
258300 38 39
258600 18 90
258600 23 30
258600 35 75
258600 46 84
258600 50 86
258600 50 60
258600 57 88
258600 62 73
258900 42 51
258900 46 60
258900 53 70
259200 5 18
259200 7 88
259200 8 26
259200 53 63
259500 1 59
259500 1 88
259500 1 84
259500 11 24
259500 12 88
259500 15 88
259500 23 69
259500 24 55
259800 24 48
259800 31 32
260100 9 53
260100 29 53
260100 37 58
260100 50 86
260100 53 73
260400 29 63
260700 9 62
261000 35 75
261300 29 70
261300 44 72
261300 53 70
261600 22 64
261600 40 88
261600 44 51
261600 67 78
261900 7 27
261900 7 57
261900 27 77
261900 27 58
261900 58 77
262200 9 62
262200 29 53
262200 57 88
262500 22 50
262800 24 45
262800 55 79
262800 69 73
263100 11 38
263100 23 30
263100 29 53
263100 62 73
263100 84 88
263400 9 73
263400 28 84
263400 28 76
263400 76 84
263700 21 46
263700 21 26
263700 24 48
263700 26 31
263700 49 79
263700 75 79
264000 29 53
264000 52 87
264300 5 24
264300 5 65
264300 9 66
264300 9 13
264300 24 32
264300 57 60
264600 9 73
264600 24 28
264600 29 53
264900 29 53
265200 29 63
265200 50 86
265500 15 33
265500 60 81
265500 76 88
265800 62 73
266100 14 58
266100 21 76
266400 11 44
266400 44 53
266400 53 70
266700 3 14
266700 7 88
266700 9 63
266700 9 28
267000 5 51
267000 5 35
267000 14 39
267000 17 51
267000 27 65
267000 27 72
267000 27 35
267000 27 75
267000 35 37
267000 35 45
267000 35 75
267000 45 58
267000 45 72
267000 51 68
267000 58 72
267300 44 86
267300 58 65
267600 49 55
267600 49 86
267600 50 86
267600 52 55
267900 5 72
267900 29 69
267900 29 53
267900 50 74
267900 53 69
267900 55 79
268200 22 64
268500 0 14
268500 5 22
268500 5 37
268500 16 45
268500 22 37
268500 22 26
268500 22 34
268500 26 37
268500 26 72
268500 34 37
268500 37 72
268500 40 84
268500 40 78
268500 60 81
268500 60 88
268500 81 88
268800 0 48
268800 8 90
268800 16 84
268800 29 53
269100 44 51
269100 88 89
269400 29 53
269700 0 14
269700 9 62
269700 12 32
269700 17 51
269700 21 56
269700 24 45
269700 28 62
269700 56 60
270000 8 26
270000 26 80
270000 31 58
270000 39 85
270000 80 91
270300 2 10
270300 10 16
270300 10 33
270300 11 84
270300 12 44
270300 24 31
270300 39 51
270300 51 58
270300 58 65
270600 24 59
270600 29 53
270600 45 90
270600 53 63
270900 9 73
270900 49 73
270900 50 86
270900 57 60
271200 45 65
271200 50 86
271200 55 74
271500 7 78
271500 29 53
271800 3 72
271800 22 38
271800 22 32
272100 11 48
272100 22 32
272100 58 65
272400 5 44
272400 11 44
272400 28 69
272400 29 70
272400 44 51
272700 17 18
272700 32 38
273000 18 37
273000 53 70
273300 3 5
273300 9 62
273300 9 29
273300 11 24
273300 11 48
273300 18 37
273300 24 48
273600 1 16
273600 2 15
273600 31 71
273600 33 40
273900 9 62
273900 29 53
273900 37 58
273900 50 74
273900 57 88
274200 24 31
274200 31 48
274200 81 88
274500 3 14
274500 19 24
274500 24 48
274500 53 70
274800 8 79
274800 14 24
274800 21 69
274800 29 53
274800 45 58
275100 14 58
275100 14 37
275100 22 91
275100 23 30
275100 38 80
275100 85 91
275400 24 48
275400 31 91
275400 66 69
275700 53 62
275700 76 78
276000 20 31
276000 24 31
276000 24 48
276000 31 48
276000 71 83
276300 14 24
276300 14 58
276300 24 58
276600 17 18
276600 45 65
276900 21 56
276900 22 64
276900 24 48
276900 35 79
276900 77 82
277200 35 52
277500 29 53
277800 15 33
278100 7 12
278100 29 53
278400 22 64
278400 35 79
278400 77 82
