0 24 48
0 26 31
0 35 75
0 37 91
300 23 69
300 23 30
300 29 53
300 30 63
300 30 53
600 2 15
600 7 16
600 7 12
600 12 16
900 9 73
900 45 70
900 52 84
900 53 70
1200 1 84
1200 5 18
1200 6 84
1200 7 84
1200 20 84
1200 28 30
1200 29 53
1200 32 38
1200 33 84
1200 67 84
1200 81 84
1200 84 88
1500 8 26
1500 42 43
1500 53 63
1800 56 84
2100 29 53
2100 51 65
2400 28 69
2400 46 60
2400 49 86
2400 49 55
2400 55 86
2700 7 16
2700 7 58
3000 3 53
3000 7 33
3000 11 56
3000 22 32
3000 22 45
3000 28 70
3000 44 51
3000 53 70
3000 53 61
3300 14 24
3300 21 69
3300 29 53
3300 85 91
3600 17 68
3600 36 50
3900 58 65
3900 76 78
3900 76 81
3900 78 81
4200 2 60
4200 28 53
4200 39 58
4200 58 65
4500 5 34
4500 5 37
4500 7 27
4500 23 30
4500 30 34
4800 24 48
4800 31 91
4800 66 69
5100 22 64
5100 40 88
5100 44 51
5100 67 78
5400 53 62
5400 76 78
5700 22 64
5700 35 79
5700 77 82
6000 2 15
6000 9 73
6000 20 40
6000 40 75
6000 44 70
6300 53 63
6600 9 73
6600 24 28
6600 29 53
6900 8 26
6900 9 62
6900 9 28
6900 28 73
6900 28 62
6900 50 52
6900 50 86
7200 1 84
7200 5 18
7200 15 88
7200 15 40
7200 15 84
7200 18 32
7200 22 32
7200 23 69
7200 28 30
7200 29 53
7200 59 88
7200 59 84
7200 62 75
7200 81 84
7200 84 88
7500 23 30
7500 29 53
7500 52 86
7500 57 60
7500 74 86
7800 29 53
7800 50 74
7800 52 86
8100 9 62
8100 23 53
8100 23 73
8100 28 53
8100 28 73
8100 29 53
8100 39 51
8400 2 10
8400 2 40
8400 6 10
8400 21 88
8400 44 51
8400 57 88
8700 53 69
8700 61 69
9000 16 61
9000 23 53
9000 28 69
9000 30 53
9300 5 37
9300 5 18
9300 14 77
9300 18 37
9300 64 77
9600 0 14
9600 14 37
9600 17 18
9600 28 30
9600 64 77
9900 3 58
9900 29 63
9900 37 58
9900 50 75
10200 0 24
10200 0 48
10200 9 62
10200 15 67
10200 23 30
10500 1 76
10500 37 58
10800 28 84
10800 39 51
11100 3 37
11100 9 30
11100 32 88
11400 14 71
11400 44 51
11400 50 86
11700 28 69
11700 30 53
11700 53 70
12000 29 53
12300 15 33
12600 37 84
12600 49 86
12600 50 74
12600 58 84
12900 35 75
13200 23 30
13200 45 72
13200 45 65
13200 49 74
13200 50 86
13200 52 84
13200 65 72
13500 9 66
13500 9 62
13500 30 66
13500 50 74
13500 58 72
13800 22 64
14100 8 26
14100 9 62
14100 52 84
14400 52 79
14700 1 15
14700 29 63
14700 55 79
14700 56 87
14700 75 79
15000 28 84
15000 39 51
15300 5 18
15300 35 50
15300 42 50
15300 50 86
15600 50 74
15600 53 69
15900 1 78
15900 3 5
15900 29 63
16200 18 47
16200 18 37
16200 58 65
16500 8 82
16500 9 19
16500 9 62
16500 22 39
16500 22 64
16500 37 58
16500 38 44
16800 35 55
16800 50 74
17100 35 52
17100 44 77
17100 56 84
17400 24 48
17700 3 24
17700 14 45
17700 24 29
17700 24 53
17700 24 28
17700 29 53
17700 44 51
18000 28 73
18000 62 73
18000 67 84
18000 67 76
18300 17 18
18300 18 68
18300 24 48
18300 32 58
18600 12 44
18600 12 72
18600 12 58
18600 17 34
18600 35 50
18600 43 58
18600 44 58
18600 44 56
18600 50 75
18600 53 70
18600 56 58
18600 56 65
18900 11 48
18900 12 49
18900 49 67
18900 58 65
18900 60 89
19200 9 63
19200 37 77
19500 15 60
19800 9 73
19800 49 73
19800 50 86
19800 57 60
20100 6 40
20100 7 16
20400 28 70
20400 38 39
20700 29 53
20700 52 87
21000 62 73
21300 4 50
21300 5 24
21300 7 57
21300 8 26
21300 9 62
21300 13 50
21300 14 90
21300 14 37
21300 32 80
21300 37 90
21600 44 51
21600 58 65
21900 49 55
21900 50 86
22200 24 45
22200 29 53
22200 44 51
22500 12 64
22500 12 45
22500 12 58
22500 17 18
22500 18 68
22500 34 58
22500 64 77
22800 7 16
22800 29 53
22800 49 52
23100 9 63
23100 9 28
23400 0 24
23400 21 42
23400 22 38
23400 24 45
23400 25 28
23400 27 57
23400 67 76
23700 14 58
23700 14 37
23700 22 91
23700 23 30
23700 38 80
23700 85 91
24000 7 76
24000 12 16
24000 14 37
24000 27 81
24000 35 75
24300 14 37
24300 37 58
24300 44 51
24600 4 86
24600 9 73
24600 9 62
24600 24 48
24900 12 77
24900 12 84
24900 26 32
24900 77 84
25200 29 53
25500 22 50
25800 20 40
25800 29 53
26100 8 26
26100 9 28
26100 9 62
26100 22 64
26100 28 73
26400 5 18
26400 5 11
26400 62 73
26700 19 59
26700 19 76
26700 21 61
26700 24 45
26700 25 47
26700 27 57
26700 28 69
26700 44 51
26700 53 66
27000 8 26
27000 29 53
27000 50 74
27000 53 69
27300 3 5
27300 9 29
27300 11 48
27300 11 24
27300 24 48
27300 57 88
27300 74 86
27600 26 32
27900 0 45
27900 7 78
27900 7 21
27900 14 24
28200 23 30
28200 49 74
28200 49 55
28200 55 74
28200 69 73
28500 29 53
28500 37 58
28500 50 86
28500 51 65
28800 13 88
28800 21 88
28800 29 53
28800 29 69
28800 45 83
28800 50 74
28800 55 79
29100 62 73
29100 71 83
29400 5 72
29400 5 37
29400 22 26
29400 22 37
29400 22 72
29400 26 37
29400 26 72
29400 29 53
29400 37 72
29400 53 63
29700 7 56
29700 9 62
30000 1 84
30000 1 59
30000 6 84
30000 9 73
30000 20 84
30000 28 69
30000 67 84
30000 84 88
30300 3 14
30300 3 44
30300 9 73
30300 9 19
30300 9 62
30300 11 44
30300 19 73
30300 29 63
30300 62 73
30300 62 66
30600 7 81
30600 14 45
30600 57 60
30900 3 72
30900 22 38
30900 22 32
31200 8 26
31500 9 19
31500 9 62
31500 9 73
31500 19 73
31500 45 65
31500 62 73
31800 9 73
31800 9 62
32100 11 23
32100 23 69
32100 53 63
32400 17 68
32400 18 34
32400 35 75
32400 35 36
32400 36 75
32700 9 62
32700 29 53
32700 50 74
32700 58 72
33000 9 28
33000 9 69
33000 9 63
33000 17 68
33000 28 73
33000 28 70
33000 28 30
33000 28 69
33000 30 62
33000 35 75
33000 53 62
33000 53 70
33000 61 62
33300 67 84
33600 7 12
33600 38 69
33900 8 26
33900 22 71
33900 38 85
33900 38 90
33900 39 65
33900 58 85
33900 72 90
34200 22 38
34200 25 28
34200 25 53
34200 28 53
34200 53 69
34500 29 53
34500 69 70
34800 28 66
35100 22 32
35100 53 70
35400 4 79
35400 16 84
35700 5 24
35700 5 65
35700 9 66
35700 9 13
35700 24 32
35700 57 60
36000 23 69
36300 24 58
36300 28 84
36300 28 62
36600 11 23
36600 21 30
36600 23 69
36600 37 58
36600 74 86
36900 7 76
36900 9 63
37200 22 64
37200 28 73
37500 11 44
37500 24 48
37800 6 40
37800 9 73
37800 9 61
37800 50 86
38100 18 90
38100 23 30
38100 35 75
38100 46 84
38100 50 86
38100 50 60
38100 57 88
38100 62 73
38400 15 33
38700 5 85
38700 5 72
38700 55 86
38700 72 80
38700 80 85
39000 23 29
39000 55 74
39300 12 58
39300 58 72
39300 59 78
39300 65 72
39600 11 24
39600 24 48
39900 3 51
39900 3 23
39900 23 49
39900 28 69
39900 42 51
39900 52 75
39900 80 90
40200 17 80
40200 21 84
40200 24 48
40200 35 75
40200 46 84
40500 35 75
40500 55 86
40800 0 48
40800 8 90
40800 29 53
41100 3 11
41100 28 76
41100 57 76
41400 7 12
41400 29 53
41700 11 44
41700 11 30
41700 24 48
42000 3 5
42000 3 22
42000 5 18
42000 11 24
42000 18 22
42000 22 64
42000 55 79
42300 0 14
42300 9 62
42300 29 53
42300 37 58
42600 8 50
42600 9 62
42600 38 58
42600 38 45
42600 50 75
42900 35 75
42900 35 52
42900 52 75
43200 9 73
43200 16 88
43200 21 69
43200 22 64
43200 53 70
43500 17 18
43500 29 53
43500 36 79
43800 21 69
43800 29 53
43800 75 79
44100 32 38
44400 37 58
44700 24 48
44700 46 84
44700 79 86
45000 0 14
45000 8 54
45000 8 32
45000 8 26
45000 22 91
45000 25 39
45000 39 51
45300 22 38
45300 29 53
45300 29 30
45300 29 66
45300 30 53
45600 7 46
45600 17 18
45600 17 68
45600 45 58
45900 9 28
45900 9 63
45900 9 69
45900 28 69
45900 28 70
46200 21 69
46200 24 45
46500 50 84
46800 21 59
47100 3 5
47100 29 63
47100 29 73
47100 50 88
47400 8 30
47400 8 90
47400 9 73
47400 15 67
47400 52 75
47400 53 73
47700 9 73
47700 9 19
47700 33 88
47700 50 75
48000 17 34
48000 28 70
48300 45 58
48300 45 72
48300 63 70
48600 9 69
48600 9 66
48600 9 62
48600 12 57
48600 27 75
48600 50 74
48600 62 69
48600 80 85
48900 9 73
49200 9 62
49200 22 85
49200 29 53
49200 29 30
49200 50 86
49500 21 46
49500 24 48
49500 26 31
49500 75 79
49800 0 24
49800 45 58
49800 50 86
49800 55 74
50100 17 68
50100 45 58
50100 63 70
50100 64 77
50400 8 26
50400 44 51
50700 22 85
51000 28 62
51000 28 29
51000 29 53
51300 17 18
51600 4 36
51600 14 24
51600 27 56
51600 27 60
51600 28 53
51600 29 70
51600 29 53
51600 45 65
51600 65 72
51900 1 12
51900 5 45
51900 9 73
51900 9 62
52200 7 58
52200 15 33
52200 44 52
52500 0 24
52500 50 86
52500 56 84
52800 35 75
52800 39 58
52800 65 84
52800 79 88
53100 5 21
53100 21 84
53400 9 63
53400 9 73
53700 9 73
53700 50 86
54000 11 57
54000 22 64
54000 29 30
54000 30 63
54000 47 58
54000 56 57
54300 7 27
54600 2 28
54600 2 39
54600 11 34
54600 28 38
54600 61 86
54600 77 86
54900 7 58
54900 12 15
54900 15 33
55200 17 68
55200 29 53
55200 35 49
55200 57 60
55500 0 65
55500 0 14
55500 22 64
55500 24 48
55500 44 51
55800 5 14
55800 37 58
56100 1 16
56100 35 84
56100 35 52
56400 25 86
56400 29 53
56400 50 86
56700 9 28
56700 9 63
57000 12 88
57000 17 18
57000 55 74
57300 23 49
57300 25 49
57300 28 69
57300 37 77
57300 52 75
57300 53 61
57600 9 62
57600 53 63
57900 0 24
57900 5 34
57900 23 29
57900 29 30
58200 4 41
58200 27 57
58200 28 69
58500 22 64
58500 24 48
58500 77 82
58800 14 44
58800 14 22
59100 0 14
59400 8 58
59400 14 58
59400 19 27
59400 27 50
59400 27 84
59400 27 35
59400 27 52
59400 27 75
59400 35 75
59400 35 38
59400 45 58
59400 58 72
59700 7 84
59700 44 65
59700 58 65
60000 7 25
60000 16 25
60000 30 66
60300 4 50
60300 15 67
60300 28 69
60300 30 66
60300 44 51
60300 52 75
60300 55 86
60600 9 66
60600 14 24
60600 24 58
60600 28 84
60900 2 15
60900 9 73
60900 17 18
60900 35 75
61200 0 48
61200 9 77
61200 9 62
61200 28 73
61200 44 51
61500 5 14
61500 29 70
61500 44 51
61800 15 27
61800 23 30
61800 29 71
61800 37 58
62100 28 70
62400 11 23
62700 9 30
62700 29 53
62700 30 62
62700 37 77
62700 49 52
62700 52 84
63000 3 80
63300 3 5
63300 9 62
63300 9 29
63300 11 24
63300 11 48
63300 18 37
63300 24 48
63600 15 33
63600 25 86
63900 29 53
63900 57 88
64200 17 68
64200 28 69
64200 29 53
64200 37 82
64200 44 51
64500 7 12
64500 23 29
64800 1 12
64800 9 73
64800 9 62
64800 51 71
65100 24 48
65100 29 53
65100 35 75
65400 8 26
65400 28 70
65700 5 39
65700 35 87
65700 35 86
65700 35 52
66000 29 70
66000 29 69
66000 29 53
66000 53 63
66000 59 78
66000 85 91
66300 9 62
66300 16 88
66300 23 53
66300 28 73
66300 29 73
66300 35 52
66300 53 73
66600 29 63
66900 14 58
66900 21 61
67200 1 7
67200 7 40
67200 33 59
67500 29 53
67800 22 64
67800 24 48
68100 16 84
68100 28 73
68100 44 51
68400 14 24
68700 0 51
68700 17 18
68700 26 65
68700 29 53
68700 45 72
69000 17 18
69000 22 58
69000 22 32
69000 32 58
69300 5 80
69300 5 18
69300 18 80
69600 44 86
69600 58 65
69900 24 31
69900 31 48
69900 81 88
70200 14 22
70200 14 39
70200 21 84
70200 30 90
70200 59 78
70500 17 68
70500 42 50
70800 9 73
70800 29 63
71100 5 39
71100 14 58
71100 40 88
71100 49 55
71400 22 64
71400 24 48
71400 44 51
71400 52 87
71400 77 82
71700 40 56
72000 16 25
72000 52 87
72300 19 86
72600 4 87
72600 9 62
72600 22 85
72600 29 53
72600 36 50
72600 84 89
72900 21 84
72900 23 29
72900 51 65
73200 20 35
73200 29 61
73200 39 45
73200 42 79
73200 52 84
73200 56 84
73200 84 87
73500 5 34
73500 29 63
73800 28 53
73800 44 51
74100 5 22
74100 23 61
74400 14 24
74400 14 58
74400 24 58
74700 19 73
74700 52 75
75000 19 78
75000 21 63
75000 29 53
75300 32 80
75300 50 74
75600 14 58
75600 25 79
75900 25 87
76200 24 48
76200 57 76
76500 9 63
76500 28 70
76500 28 53
76500 37 65
76500 53 70
76500 61 62
76800 11 24
76800 49 55
77100 31 71
77400 8 26
77400 21 61
77400 22 64
77700 7 78
77700 20 35
77700 29 73
77700 35 52
77700 56 87
77700 56 84
77700 63 70
77700 84 87
78000 0 14
78000 41 79
78000 53 69
78000 77 82
78300 1 59
78300 29 53
78300 75 79
78600 37 58
78600 44 52
78900 5 72
78900 5 37
78900 5 22
78900 18 72
78900 22 37
78900 22 72
78900 22 26
78900 26 72
78900 26 37
78900 26 71
78900 28 73
78900 37 72
79200 8 26
79200 49 74
79500 11 48
79500 22 32
79500 58 65
79800 22 64
79800 24 48
79800 77 82
80100 7 16
80100 7 25
80100 16 25
80100 17 18
80100 30 66
80400 44 51
80400 77 82
80700 24 48
80700 24 45
80700 29 63
80700 29 70
80700 39 45
80700 42 50
80700 42 65
80700 45 72
80700 45 48
81000 27 73
81000 29 53
81000 37 84
81000 49 86
81000 49 50
81300 29 53
81600 29 53
81600 37 58
81900 14 48
81900 23 30
81900 24 48
81900 39 58
81900 45 58
81900 45 72
81900 58 72
82200 3 8
82200 14 85
82200 19 79
82200 24 48
82200 45 65
82500 5 54
82500 7 59
82500 9 62
82500 62 69
82800 15 33
82800 22 85
82800 22 32
82800 28 66
82800 53 63
82800 58 72
83100 24 48
83400 7 88
83700 8 26
83700 29 53
83700 36 79
83700 36 55
83700 55 79
84000 7 25
84000 9 72
84000 22 64
84000 35 52
84300 29 53
84600 50 86
84900 23 29
85200 39 58
85200 79 84
85200 79 88
85500 24 48
85500 35 52
85500 39 45
85500 57 62
85800 38 58
85800 59 78
85800 76 78
86100 0 48
86100 9 62
86100 15 67
86100 16 59
86100 24 48
86100 28 30
86100 28 69
86100 44 51
86100 52 75
86100 62 73
86400 7 58
86400 29 53
86400 35 48
86400 55 79
86700 12 60
86700 19 75
86700 35 75
86700 35 50
86700 50 75
86700 50 52
86700 52 75
87000 9 28
87000 9 63
87000 28 69
87000 37 77
87300 32 85
87300 50 86
87600 29 53
87600 39 51
87600 53 63
87600 53 69
87600 66 69
87900 55 79
87900 75 79
88200 4 50
88200 4 52
88200 14 24
88200 21 69
88200 29 53
88500 5 18
88500 7 88
88500 16 88
88500 28 73
88500 29 53
88500 39 51
88500 49 86
88500 49 55
88500 55 86
88800 0 24
88800 9 66
88800 23 29
89100 9 73
89100 9 62
89100 17 18
89100 50 74
89100 53 69
89400 9 62
89400 29 73
89400 29 63
89700 36 50
90000 14 22
90300 1 78
90300 9 19
90300 19 42
90300 19 50
90300 33 88
90300 58 72
90300 62 73
90600 29 63
90900 2 15
90900 3 14
90900 7 50
90900 9 62
90900 9 73
91200 21 56
91200 36 50
91500 23 30
91500 24 48
91800 29 63
92100 14 37
92100 35 87
92100 35 52
92100 44 51
92400 28 84
92400 35 75
92400 39 51
92400 55 75
92700 28 53
93000 14 32
93300 12 58
93300 43 58
93300 44 45
93300 79 88
93600 27 60
93600 29 63
93900 53 70
94200 1 7
94200 9 73
94200 9 62
94200 14 51
94200 23 29
94200 28 29
94200 29 53
94200 49 55
94500 1 7
94500 1 27
94500 7 27
94500 14 37
94500 29 53
94800 42 84
94800 52 84
94800 53 63
95100 4 74
95100 24 48
95100 35 75
95400 15 33
95400 60 81
95400 76 88
95700 9 73
95700 28 84
95700 28 76
95700 76 84
96000 24 48
96300 11 24
96600 0 24
96900 7 12
96900 29 53
96900 45 83
96900 50 74
97200 9 62
97200 9 45
97200 12 57
97200 13 50
97200 14 85
97200 14 24
97200 27 75
97200 45 61
97200 45 83
97200 50 74
97500 29 53
97800 21 84
98100 11 23
98100 23 69
98100 45 58
98400 18 22
98400 22 85
98400 28 66
98400 80 85
98700 11 48
98700 49 84
98700 50 74
98700 75 88
98700 79 88
99000 9 53
99000 29 53
99000 37 58
99000 50 86
99000 53 73
99300 21 84
99300 22 85
99600 9 62
99900 11 24
99900 11 51
99900 17 68
99900 22 64
99900 27 51
99900 27 68
100200 29 53
100200 37 58
100200 44 51
100200 67 76
100500 7 86
100800 5 18
101100 2 15
101100 23 30
101400 3 65
101400 9 73
101400 17 51
101400 51 68
101700 16 76
101700 32 38
102000 5 85
102000 76 78
102300 3 14
102300 4 86
102300 7 12
102300 9 28
102600 28 70
102600 39 72
102600 72 90
102900 17 18
102900 32 38
103200 12 16
103200 27 81
103200 39 57
103200 50 86
103500 59 76
103800 22 85
103800 46 89
104100 11 44
104400 24 45
104400 29 53
104400 37 58
104400 44 51
104700 4 50
104700 9 62
104700 23 30
104700 30 44
104700 35 52
104700 46 49
104700 49 86
104700 53 70
105000 50 74
105300 18 37
105300 29 53
105300 35 55
105300 39 72
105300 80 85
105600 11 26
105600 35 75
105900 12 56
105900 56 58
106200 5 14
106500 22 64
106500 35 79
106500 77 82
106800 17 18
106800 29 61
106800 44 51
107100 1 78
107100 7 78
107100 21 76
107100 24 48
107100 77 82
107400 0 24
107400 17 68
107700 14 18
107700 25 58
107700 29 53
107700 35 75
107700 50 75
107700 53 63
107700 56 60
108000 14 50
108000 22 64
108000 30 66
108000 44 86
108300 2 10
108300 10 16
108300 10 33
108300 11 84
108300 12 44
108300 24 31
108300 39 51
108300 51 58
108300 58 65
108600 0 14
108600 0 3
108600 3 14
108600 7 78
108900 0 14
108900 9 62
108900 12 32
108900 17 51
108900 21 56
108900 24 45
108900 28 62
108900 56 60
109200 3 43
109200 29 53
109500 9 63
109500 28 70
109500 35 75
109800 11 44
109800 19 28
109800 25 86
109800 35 75
109800 35 52
109800 45 65
109800 52 75
110100 24 58
110400 9 62
110400 9 19
110400 22 64
110400 24 48
110400 38 44
110700 17 68
110700 28 45
110700 44 45
111000 12 58
111000 39 58
111000 79 88
111300 14 24
111300 22 77
111600 29 63
111600 50 86
111900 21 56
111900 24 48
112200 9 62
112200 35 75
112500 28 70
112800 7 27
112800 27 60
112800 27 57
112800 28 61
112800 29 53
112800 49 74
112800 57 60
113100 44 51
113100 88 89
113400 17 18
113700 0 14
113700 7 16
113700 8 60
113700 15 67
114000 7 16
114000 9 29
114000 22 32
114000 52 55
114000 55 74
114300 0 24
114300 5 24
114300 39 58
114300 79 88
114600 8 83
114600 29 53
114600 44 51
114900 7 25
114900 35 84
114900 52 84
115200 29 53
115200 37 77
115500 18 37
115500 53 70
115800 7 25
115800 22 64
115800 49 84
115800 50 84
115800 50 52
115800 52 84
116100 5 47
116100 9 28
116100 9 63
116100 9 69
116100 9 73
116100 9 62
116100 24 48
116100 28 73
116400 29 53
116700 16 46
116700 35 84
116700 44 51
116700 57 88
117000 35 75
117000 50 86
117300 0 45
117300 29 53
117300 37 58
117300 37 47
117600 11 77
117600 12 27
117600 17 34
117600 22 48
117600 27 81
117600 27 48
117600 27 77
117600 48 64
117600 64 77
117900 29 53
118200 9 62
118200 24 31
118200 24 48
118200 31 48
118500 14 24
118500 29 63
118500 35 75
118500 59 76
118800 49 74
119100 9 23
119100 9 62
119400 69 70
119700 14 72
119700 28 53
120000 2 10
120000 6 10
120000 6 12
120000 11 58
120000 16 53
120000 16 70
120000 39 65
120000 44 51
120000 51 58
120000 51 65
120000 53 70
120000 58 65
120000 67 84
120000 79 84
120000 84 86
120300 7 27
120300 8 17
120300 8 51
120300 8 39
120300 8 14
120300 14 51
120300 14 90
120300 19 51
120300 39 51
120300 51 90
120600 29 53
120900 5 37
120900 5 13
120900 5 74
120900 9 62
120900 74 81
121200 29 70
121500 3 18
121500 9 62
121500 18 65
121500 29 53
121800 0 14
122100 9 62
122100 16 76
122100 17 68
122100 21 61
122100 24 37
122100 35 75
122100 42 75
122100 45 90
122100 55 79
122100 59 76
122400 8 79
122400 14 24
122400 21 69
122400 29 53
122400 45 58
122700 7 88
122700 17 51
122700 29 53
122700 29 63
122700 39 51
123000 14 24
123000 18 47
123300 3 14
123300 21 84
123300 28 73
123300 29 70
123300 45 65
123600 5 18
123600 7 88
123600 8 26
123600 53 63
123900 9 73
123900 63 70
124200 24 44
124200 29 63
124500 49 55
124800 22 72
124800 28 69
125100 14 58
125100 22 38
125400 4 86
125400 52 86
125700 9 62
125700 18 90
125700 23 30
125700 50 60
125700 50 57
125700 57 88
126000 18 37
126000 23 30
126000 38 91
126300 29 63
126300 50 84
126300 58 65
126300 59 76
126300 76 81
126600 37 58
126600 50 86
126900 3 19
126900 3 14
126900 9 14
126900 19 42
126900 29 63
127200 7 25
127200 28 69
127500 24 32
127800 12 42
128100 49 55
128100 49 86
128100 50 86
128100 52 55
128400 4 79
128400 9 29
128400 27 81
128700 0 48
128700 4 50
128700 9 73
128700 9 62
128700 15 67
128700 52 75
128700 53 66
129000 3 14
129000 9 62
129000 9 28
129000 9 44
129000 34 44
129000 44 45
129300 2 88
129300 7 58
129600 9 62
129600 11 44
129900 15 33
129900 25 55
129900 56 60
130200 1 33
130200 1 2
130200 1 6
130200 2 6
130200 6 84
130200 6 33
130200 10 84
130200 12 44
130200 33 44
130200 39 51
130200 51 58
130200 51 65
130200 56 84
130200 58 65
130200 67 84
130500 15 33
130500 46 76
130500 60 81
130800 3 14
130800 14 37
130800 16 84
130800 50 75
131100 1 6
131100 1 33
131100 1 40
131100 1 10
131100 1 16
131100 2 10
131100 5 39
131100 6 40
131100 6 10
131100 10 40
131100 10 38
131100 10 16
131100 12 44
131100 12 77
131100 16 33
131100 24 48
131100 33 40
131100 38 45
131100 38 85
131100 45 85
131400 20 35
131400 39 45
131400 42 79
131700 11 86
131700 12 86
131700 76 78
132000 1 88
132000 1 59
132000 22 32
132300 14 24
132300 50 55
132600 21 76
132600 21 69
132600 22 85
132900 29 53
132900 29 63
132900 45 65
132900 45 85
132900 58 65
133200 28 29
133200 29 70
133500 5 18
133500 29 90
133500 44 51
133500 45 64
133500 81 88
133800 29 53
134100 7 25
134100 19 79
134100 21 79
134100 21 61
134100 24 48
134100 24 45
134100 28 69
134100 61 66
134100 79 87
134400 2 15
134400 5 11
134400 14 19
134400 17 18
134400 19 79
134400 42 79
134700 22 38
135000 6 40
135000 24 45
135000 49 86
135000 57 60
135300 64 77
135600 4 55
135900 0 48
135900 8 90
135900 16 84
135900 29 53
136200 9 62
136200 29 53
136500 9 66
136500 9 62
136500 9 73
136500 11 84
136500 62 73
136800 0 45
136800 3 5
136800 9 29
136800 9 30
136800 9 70
136800 9 28
137100 34 84
137100 58 72
137100 80 85
137400 24 59
137400 29 53
137400 45 90
137400 53 63
137700 3 5
137700 29 63
138000 9 60
138000 15 33
138000 35 75
138300 7 16
138300 7 84
138300 7 25
138300 16 84
138300 16 25
138300 25 84
138300 50 84
138600 28 69
138600 29 70
138600 44 51
138900 2 10
138900 2 6
138900 3 14
138900 6 10
138900 11 14
138900 14 34
138900 27 46
138900 44 51
139200 52 79
139500 28 62
139500 29 53
139500 45 85
139500 45 65
139800 34 86
140100 4 52
140100 9 73
140100 9 69
140100 9 62
140100 29 53
140100 52 55
140100 55 79
140100 67 76
140400 2 10
140400 2 6
140400 6 10
140700 2 28
140700 5 22
140700 23 61
141000 3 5
141000 29 73
141000 50 86
141300 3 58
141600 3 44
141600 5 72
141600 7 58
141600 9 23
141900 9 73
141900 29 53
141900 53 73
142200 28 70
142500 17 18
142500 35 75
142500 39 90
142800 24 58
142800 32 80
142800 67 76
143100 9 62
143100 29 69
143100 50 74
143100 53 69
143100 55 79
143400 11 16
143400 35 51
143400 35 84
143400 40 57
143400 44 51
143400 44 45
143400 45 51
143400 53 70
143400 56 88
143400 57 88
143700 23 29
143700 29 63
143700 31 71
143700 52 79
144000 24 48
144000 52 84
144000 53 63
144300 7 76
144600 9 62
144600 12 16
144600 35 75
144600 57 60
144600 57 88
144600 58 90
144900 29 53
144900 35 75
144900 42 50
145200 1 76
145200 27 76
145200 35 79
145200 44 51
145200 77 82
145500 28 84
145800 58 65
145800 76 84
146100 17 18
146100 42 43
146100 45 58
146400 8 85
146400 8 37
146400 9 62
146400 21 61
146400 59 76
146700 7 58
146700 24 48
146700 29 53
146700 49 52
147000 19 73
147000 29 63
147000 56 84
147300 9 69
147300 9 63
147300 24 48
147300 28 70
147300 53 70
147300 61 62
147600 15 33
147600 49 50
147900 0 14
147900 12 88
147900 31 51
147900 51 71
148200 28 69
148200 29 53
148200 44 51
148500 22 64
148500 35 52
148500 44 51
148500 46 89
148800 50 86
148800 52 84
148800 52 75
148800 59 76
148800 75 84
149100 9 29
149100 14 48
149100 53 66
149400 3 22
149400 11 24
149400 42 79
149400 52 79
149400 55 79
149700 21 56
149700 24 48
150000 58 59
150000 59 76
150000 59 78
150000 60 81
150000 76 88
150300 7 25
150300 9 66
150300 22 64
150600 5 44
150600 11 44
150600 28 69
150600 29 70
150600 44 51
150900 28 69
151200 1 78
151200 29 70
151200 45 65
151500 7 27
151500 27 57
151500 57 60
151800 25 88
151800 29 53
151800 38 51
151800 45 58
151800 51 72
152100 12 43
152400 17 68
152400 50 86
152700 12 88
152700 22 85
152700 55 74
153000 0 14
153000 16 59
153000 53 69
153300 22 64
153600 0 24
153600 42 79
153600 42 44
153600 56 84
153900 3 85
153900 22 85
154200 1 33
154200 11 72
154200 14 37
154200 64 77
154500 3 72
154500 22 32
154500 52 79
154500 62 73
154500 79 86
154800 26 32
154800 57 60
155100 28 30
155400 29 53
155700 28 69
155700 30 66
155700 52 75
156000 29 63
156000 37 77
156000 55 86
156300 24 48
156300 52 75
156300 69 70
156600 0 48
156600 9 69
156600 9 43
156600 9 73
156600 15 67
156600 23 69
156600 30 66
156600 44 51
156600 52 75
156600 62 73
156600 69 73
156900 19 62
156900 21 56
156900 22 64
156900 77 82
157200 23 30
157200 42 76
157200 49 55
157500 24 48
157500 26 71
157500 29 53
157500 35 75
157800 24 48
157800 37 58
158100 29 53
158400 0 48
158400 0 14
158400 9 62
158400 18 68
158400 28 29
158700 51 54
158700 63 89
159000 9 62
159000 38 58
159000 38 45
159000 45 58
159300 24 48
159300 31 32
159600 11 69
159600 11 23
159600 23 69
159600 53 63
159900 40 88
159900 55 74
160200 23 30
160200 29 53
160200 29 30
160200 35 52
160200 37 84
160200 43 45
160200 44 51
160500 5 22
160500 5 72
160500 5 37
160500 22 37
160500 22 72
160500 22 26
160500 26 37
160500 29 53
160500 37 72
160500 37 90
160800 58 65
161100 30 53
161100 58 72
161400 5 84
161400 22 77
161400 24 48
161700 5 11
161700 18 37
161700 29 53
162000 0 48
162000 9 73
162000 15 67
162000 52 75
162300 34 84
162300 35 75
162300 55 74
162300 67 84
162600 9 62
162600 22 32
162600 76 78
162900 11 24
162900 19 59
162900 19 76
162900 37 72
162900 59 76
162900 70 73
163200 49 84
163500 39 72
163800 7 12
163800 22 91
163800 24 32
163800 33 84
163800 79 88
163800 85 91
164100 17 18
164100 22 32
164100 79 87
164400 29 69
164400 66 69
164700 42 51
164700 46 60
164700 53 70
165000 3 83
165000 50 74
165300 44 51
165300 57 62
165600 1 65
165600 8 39
165600 8 85
165600 9 62
165600 14 45
165600 29 63
165600 38 45
165600 41 86
165600 50 75
165600 53 70
165600 75 79
165900 7 78
165900 9 69
165900 9 29
165900 29 63
166200 0 24
166200 0 14
166200 14 24
166200 14 48
166200 22 77
166200 24 48
166200 45 48
166500 24 69
166500 28 69
166800 29 53
166800 59 76
167100 9 73
167100 14 24
167100 59 76
167400 45 72
167700 30 66
167700 32 91
167700 34 72
167700 53 63
168000 9 62
168000 9 66
168000 14 48
168000 24 32
168000 50 75
168000 59 76
168300 9 62
168300 17 18
168300 50 86
168300 79 87
168600 9 73
168600 11 23
168600 17 18
168600 22 85
168900 4 52
168900 8 26
168900 28 29
168900 29 70
168900 37 77
168900 38 39
169200 1 16
169200 2 15
169200 31 71
169200 33 40
169500 35 75
169500 76 84
169800 8 26
169800 53 63
170100 7 12
170100 22 32
170400 1 6
170400 1 59
170400 1 88
170400 7 81
170400 29 53
170700 14 58
170700 21 61
171000 3 14
171000 7 88
171000 9 63
171000 9 28
171300 3 22
171300 28 66
171300 28 69
171600 7 78
171600 8 26
171600 14 24
171600 14 64
171600 17 68
171600 29 53
171900 35 52
172200 14 72
172200 14 34
172200 14 85
172200 24 48
172200 27 75
172200 27 35
172200 35 75
172500 9 62
172500 9 73
172500 17 18
172500 50 74
172500 53 69
172500 55 79
172800 39 58
172800 44 58
172800 49 58
172800 49 79
172800 49 88
172800 79 88
172800 79 84
173100 50 86
173400 6 12
173400 6 26
173400 9 62
173400 9 26
173400 12 46
173400 14 24
173700 12 59
173700 20 84
173700 37 58
173700 59 76
174000 5 85
174000 5 80
174000 21 84
174000 28 69
174300 55 79
174600 12 44
174900 14 48
174900 14 24
174900 24 48
174900 53 63
175200 8 26
175200 14 44
175500 21 69
175500 29 63
175800 7 21
175800 7 78
175800 17 68
175800 21 78
175800 29 53
175800 36 50
176100 7 33
176100 58 72
176100 64 77
176400 7 25
176400 16 25
176400 30 66
176400 50 86
176700 11 44
176700 25 75
177000 24 48
177000 66 69
177300 14 24
177300 28 84
177300 39 51
177600 0 14
177600 53 70
177600 60 79
177900 67 84
178200 9 62
178200 29 53
178500 63 70
178800 12 78
179100 7 88
179100 22 64
179100 59 67
179100 61 66
179400 9 62
179400 17 68
179400 18 68
179700 19 50
179700 19 75
179700 27 60
179700 35 50
179700 35 75
179700 50 75
180000 21 69
180000 21 61
180000 61 69
180300 9 30
180300 9 28
180300 9 53
180300 17 18
180300 28 30
180300 28 73
180300 29 53
180300 44 51
180300 50 75
180600 7 16
180600 7 25
180600 16 25
180900 15 33
181200 11 44
181200 63 70
181500 28 69
181500 65 91
181800 8 26
181800 44 51
182100 7 25
182100 7 16
182100 30 66
182100 61 69
182400 52 79
182700 17 18
183000 9 73
183000 28 53
183000 50 74
183300 3 14
183300 19 24
183300 24 48
183300 53 70
183600 16 84
183600 28 69
183600 32 38
183600 35 50
183600 37 82
183600 37 77
183600 45 65
183900 28 84
184200 9 73
184500 9 29
184500 29 62
184500 29 63
184500 62 73
184500 63 66
184800 11 44
184800 24 63
184800 37 82
184800 86 91
185100 17 18
185400 9 62
185400 16 84
185400 24 48
185700 7 12
185700 33 84
185700 72 85
185700 79 88
186000 3 18
186000 7 58
186000 15 33
186300 29 53
186600 3 68
186600 29 63
186900 17 18
186900 45 65
186900 49 52
186900 52 86
187200 44 51
187200 55 79
187500 4 86
187500 7 12
187500 9 28
187500 9 63
187500 37 58
187500 52 87
187800 9 23
187800 9 73
187800 14 24
188100 0 14
188100 18 45
188100 35 52
188400 52 86
188400 63 70
188700 24 48
188700 28 69
189000 14 58
189000 21 76
189300 7 59
189300 8 90
189300 24 48
189300 79 86
189600 9 30
189600 12 76
189600 21 56
189600 22 64
189600 38 45
189600 56 76
189900 7 58
189900 9 73
189900 24 35
189900 29 53
189900 35 48
189900 42 55
189900 49 52
190200 0 24
190200 20 84
190200 35 52
190200 35 84
190200 55 79
190200 56 87
190200 56 84
190500 42 86
190500 55 86
190800 11 44
190800 44 53
190800 53 70
191100 35 75
191100 45 65
191100 56 86
191100 56 84
191100 84 86
191400 29 63
191700 11 24
191700 23 30
191700 50 86
191700 84 88
192000 6 40
192000 12 44
192000 18 68
192000 28 30
192000 64 77
192300 0 24
192300 4 86
192300 9 63
192300 9 69
192300 24 48
192300 61 62
192600 15 67
192600 30 66
192600 37 58
192600 37 77
192600 52 75
192600 62 73
192600 64 82
192600 65 82
192900 5 72
192900 49 55
192900 49 86
192900 55 86
193200 8 90
193200 8 58
193200 45 58
193200 70 73
193500 15 33
193500 23 61
193800 8 39
193800 8 85
193800 9 62
193800 38 45
194100 6 88
194100 18 37
194100 22 85
194100 23 69
194100 28 62
194400 1 88
194400 9 73
194400 23 30
194400 29 63
194400 37 77
194400 62 73
194700 11 58
194700 27 64
194700 28 53
194700 53 70
194700 85 90
195000 9 62
195300 14 24
195600 22 64
195600 45 85
195600 45 65
195600 65 85
195900 2 15
195900 17 18
195900 35 75
195900 79 87
196200 7 88
196200 9 62
196200 52 75
196500 0 24
196500 32 91
196500 57 60
196800 29 63
197100 24 45
197100 55 79
197100 69 73
197400 7 78
197400 28 69
197400 28 66
197400 42 51
197400 46 60
197700 8 26
197700 23 30
197700 23 53
197700 29 53
197700 30 53
197700 39 58
198000 9 62
198000 9 17
198000 24 48
198000 76 88
198300 7 58
198300 24 35
198300 29 53
198300 49 52
198300 55 79
198600 9 28
198600 15 60
198600 16 76
198600 28 62
198600 35 50
198600 38 90
198600 39 65
198600 50 75
198600 85 90
198900 37 58
198900 44 51
199200 2 33
199200 24 87
199200 58 62
199500 26 52
199500 29 53
199800 3 85
199800 50 86
200100 8 26
200100 22 91
200100 24 48
200100 29 91
200100 39 58
200100 42 43
200400 79 86
200700 14 65
200700 14 45
200700 22 64
200700 29 53
200700 39 58
200700 39 85
200700 46 89
200700 58 85
200700 58 65
201000 9 62
201000 39 51
201300 2 15
201300 2 33
201300 9 73
201300 9 62
201300 15 72
201300 29 63
201300 50 75
201300 58 86
201300 58 78
201300 58 59
201300 59 78
201300 72 86
201300 72 78
201300 72 75
201300 75 86
201600 21 56
201600 22 64
201600 24 48
201600 35 79
201600 77 82
201900 8 26
201900 26 32
201900 38 90
201900 38 85
201900 58 90
201900 58 85
201900 85 90
202200 5 37
202200 5 34
202200 7 27
202200 7 88
202200 27 88
202200 34 37
202500 7 84
202500 8 26
202500 21 84
202500 31 71
202800 28 69
203100 9 62
203100 29 53
203100 57 88
203400 0 14
203400 14 37
203400 17 18
203400 37 82
203700 0 14
203700 5 22
203700 5 37
203700 16 45
203700 22 37
203700 22 26
203700 22 34
203700 26 37
203700 26 72
203700 34 37
203700 37 72
203700 40 84
203700 40 78
203700 60 81
203700 60 88
203700 81 88
204000 3 45
204300 29 53
204300 37 58
204600 1 40
204600 1 6
204600 6 60
204600 27 84
204600 44 65
204600 58 65
204900 9 62
205200 9 62
205200 77 82
205500 9 63
205500 9 73
205500 9 28
205500 9 69
205500 24 48
205500 28 70
205500 37 65
205500 53 70
205500 61 62
205800 9 73
206100 22 77
206100 22 64
206400 5 18
206400 12 77
206400 12 64
206400 24 48
206400 64 77
206700 1 88
206700 5 51
206700 7 81
206700 7 88
206700 29 53
206700 39 51
206700 49 67
206700 55 86
207000 7 58
207000 7 25
207000 21 69
207000 25 58
207000 27 76
207000 28 66
207000 75 79
207000 76 78
207300 1 59
207300 6 88
207300 32 38
207600 12 44
207600 17 56
207900 3 68
207900 9 62
207900 28 69
207900 37 77
207900 52 75
207900 62 73
208200 1 76
208200 19 76
208200 22 64
208200 35 79
208200 77 82
208500 2 71
208500 14 58
208500 14 39
208500 14 24
208500 37 82
208500 39 58
208500 53 70
208500 58 82
208800 11 38
208800 23 30
208800 29 53
208800 62 73
208800 84 88
209100 28 29
209100 29 53
209100 35 52
209400 16 78
209400 28 73
209400 53 63
209400 70 73
209400 75 79
209700 21 76
210000 23 53
210000 28 69
210000 35 52
210000 46 50
210000 50 86
210000 53 70
210300 11 84
210300 14 71
210300 37 58
210300 50 86
210600 7 46
210600 17 34
210600 17 18
210600 17 46
210600 32 85
210600 32 38
210600 35 75
210600 64 77
210900 9 62
210900 27 88
210900 28 69
210900 29 53
211200 9 28
211200 12 84
211200 55 87
211500 37 84
211800 9 73
211800 9 62
211800 50 74
212100 4 48
212100 8 34
212100 8 90
212100 8 58
212100 11 24
212100 27 76
212100 27 81
212100 45 58
212400 3 72
212400 3 83
212400 14 44
212400 44 51
212700 29 53
212700 37 58
212700 62 69
213000 45 65
213000 50 86
213000 55 74
213300 29 53
213600 29 53
213900 21 27
213900 21 59
213900 34 45
213900 54 71
214200 1 16
214200 1 59
214200 15 16
214200 16 59
214200 49 55
214200 55 79
214500 9 62
214500 9 19
214500 12 58
214500 14 37
214500 19 44
214500 21 61
214500 22 64
214500 29 53
214500 44 45
214500 44 58
214500 44 60
214500 53 63
214800 0 24
214800 17 18
214800 79 87
214800 84 87
215100 35 75
215100 35 52
215400 31 71
215400 44 51
215400 53 63
215700 5 37
215700 24 48
215700 24 31
215700 31 48
216000 0 24
216300 53 66
216600 7 76
216600 8 26
216600 15 33
216600 23 29
216600 29 53
216600 53 63
216900 0 24
216900 19 42
216900 19 50
216900 20 35
216900 22 32
216900 55 79
216900 84 87
217200 5 14
217200 9 62
217200 37 58
217200 44 45
217500 17 68
217800 0 14
217800 3 14
217800 8 90
217800 9 69
217800 16 84
217800 30 53
217800 65 82
218100 20 31
218100 24 31
218100 24 48
218100 31 48
218100 71 83
218400 17 34
218700 4 79
218700 37 58
218700 75 79
219000 35 75
219000 45 58
219300 14 72
219300 30 73
219300 30 69
219300 53 69
219600 11 84
219600 12 84
219600 16 33
219600 29 53
219600 42 43
219600 49 84
219600 49 58
219600 49 64
219600 58 84
219600 64 77
219600 79 88
219900 35 52
220200 7 58
220200 21 84
220200 24 45
220200 56 60
220500 15 33
220500 50 86
220500 60 81
220500 76 88
220800 29 53
220800 30 62
220800 49 52
221100 22 64
221100 42 52
221400 5 11
221400 5 72
221400 9 62
221700 1 16
221700 7 88
221700 9 62
221700 35 79
221700 35 52
221700 35 36
221700 36 79
221700 76 88
222000 21 84
222000 24 48
222000 35 75
222000 55 79
222300 7 16
222300 29 53
222300 45 58
222600 22 64
222600 24 48
222600 44 51
222600 77 82
222900 7 88
222900 9 62
222900 29 53
223200 1 16
223200 2 6
223200 2 10
223200 6 40
223200 6 27
223200 6 10
223200 10 16
223200 10 40
223200 12 77
223200 12 44
223200 16 33
223200 17 18
223200 24 48
223200 27 40
223200 27 46
223200 27 65
223200 27 57
223200 39 65
223200 46 56
223200 46 57
223500 0 14
223500 7 16
223500 8 60
223500 8 90
223500 9 62
223500 53 66
223800 0 48
223800 4 86
223800 9 63
223800 21 84
223800 52 87
224100 6 40
224100 9 62
224100 35 49
224100 55 74
224400 3 37
224400 8 26
224400 22 37
224400 23 30
224400 29 63
224400 37 90
224700 21 69
224700 21 61
224700 24 45
224700 30 66
224700 69 73
225000 29 53
225300 22 32
225600 6 40
225600 15 33
225600 38 45
225600 44 52
225900 9 29
225900 11 48
225900 27 81
225900 57 88
226200 12 59
226200 50 86
226200 75 84
226500 34 84
226500 35 75
226500 35 50
226500 37 84
226500 50 86
226500 75 86
226800 35 75
226800 44 51
227100 42 43
227100 42 72
227100 42 58
227100 58 72
227400 8 26
227400 9 62
227400 21 84
227700 28 53
227700 44 51
228000 9 73
228000 29 69
228000 29 53
228000 37 58
228000 50 74
228000 53 69
228300 5 24
228300 7 16
228300 8 26
228300 14 90
228300 18 37
228600 2 88
228600 7 88
228600 40 88
228600 40 84
228600 84 88
228900 9 62
229200 37 58
229200 53 66
229200 53 61
229200 53 70
229200 62 73
229500 52 79
229800 52 79
230100 3 5
230100 29 63
230400 7 84
230400 16 84
230400 25 84
230400 64 77
230700 28 69
230700 37 82
231000 5 51
231000 5 35
231000 14 39
231000 17 51
231000 27 65
231000 27 72
231000 27 35
231000 27 75
231000 35 37
231000 35 45
231000 35 75
231000 45 58
231000 45 72
231000 51 68
231000 58 72
231300 7 58
231300 21 69
231300 36 50
231600 12 78
231600 58 65
231600 84 89
231900 5 14
231900 6 88
231900 14 24
231900 28 30
232200 8 37
232200 37 82
232200 37 58
232200 58 82
232500 0 45
232500 4 86
232500 29 91
232500 29 53
232500 53 63
232800 6 40
232800 9 30
232800 9 29
232800 28 29
232800 28 53
232800 29 53
233100 25 36
233100 53 63
233400 12 44
233400 58 65
233700 28 43
233700 39 51
234000 24 48
234000 26 31
234300 29 63
234600 15 33
234900 29 70
234900 44 72
234900 53 70
235200 21 69
235200 58 85
235500 7 78
235500 29 53
235800 15 33
236100 28 69
236400 21 69
236400 29 63
236700 28 70
237000 17 18
237000 29 63
237300 21 84
237300 30 66
237300 55 86
237600 0 48
237600 4 50
237600 9 62
237600 9 73
237600 15 67
237600 52 75
237900 9 62
237900 14 24
237900 19 58
237900 21 69
237900 25 79
237900 39 51
237900 51 65
237900 58 72
237900 65 72
237900 66 70
238200 9 62
238200 15 33
238200 44 52
238200 62 73
238500 9 73
238500 35 50
238500 50 86
238500 50 84
238800 24 45
238800 25 47
238800 27 57
238800 53 70
239100 45 65
239400 45 83
239400 55 79
239400 58 72
239400 58 85
239400 80 85
239700 5 74
239700 5 37
239700 9 62
239700 9 73
239700 24 48
239700 24 77
239700 24 74
240000 8 26
240000 26 80
240000 31 58
240000 39 85
240000 80 91
240300 21 61
240300 22 64
240300 57 88
240600 7 58
240600 19 76
240600 21 69
240600 28 73
240600 59 76
240900 11 23
241200 8 26
241200 50 74
241500 4 86
241500 23 29
241500 29 53
241800 29 53
241800 35 49
241800 37 84
241800 58 84
242100 0 48
242100 9 63
242100 32 71
242400 11 23
242400 17 18
242400 23 69
242400 35 74
242400 62 73
242700 9 63
243000 29 53
243000 29 63
243300 14 39
243300 14 58
243600 24 48
243600 42 43
243600 44 45
243600 48 49
243600 53 70
243600 79 88
243900 3 80
243900 28 53
243900 49 55
244200 15 60
244200 21 60
244200 85 90
244500 25 86
244500 30 53
244500 53 77
244800 1 27
244800 1 7
244800 6 27
244800 6 7
244800 27 33
244800 29 63
244800 37 58
244800 44 65
245100 12 44
245100 12 58
245100 12 77
245100 24 48
245100 58 65
245400 15 33
245400 23 30
245400 53 63
245700 8 26
245700 9 62
245700 9 73
245700 69 73
246000 55 79
246300 5 11
246300 8 85
246300 9 62
246300 12 29
246300 22 51
246300 29 53
246300 38 45
246300 40 41
246300 50 75
246300 61 90
246600 1 33
246600 1 7
246600 5 72
246600 24 45
246600 37 58
246600 58 65
246900 22 85
246900 76 78
247200 21 28
247200 29 53
247200 67 78
247500 11 44
247800 27 60
247800 29 63
247800 37 58
247800 50 75
248100 2 84
248100 3 68
248100 9 62
248100 9 30
248100 24 48
248100 52 75
248100 62 73
248400 9 62
248700 25 49
248700 55 79
249000 24 48
249000 29 30
249000 30 63
249000 47 58
249300 14 47
249300 32 38
249600 0 24
249600 4 84
249600 35 52
249600 55 79
249900 8 26
249900 14 44
249900 52 79
250200 3 24
250200 15 33
250200 28 29
250200 44 51
250200 53 63
250500 21 46
250500 21 26
250500 24 48
250500 26 31
250500 49 79
250500 75 79
250800 29 53
250800 37 58
251100 9 62
251100 15 33
251100 35 75
251100 52 55
251100 60 81
251400 19 62
251400 22 64
251400 77 82
251700 29 53
251700 52 86
252000 24 28
252000 29 53
252000 55 74
252000 76 81
252300 6 40
252600 6 58
252600 6 7
252600 7 58
252600 8 14
252600 9 62
252600 14 37
252600 35 75
252900 7 58
253200 8 26
253200 42 59
253200 53 63
253500 2 15
253500 9 73
253500 9 30
253500 29 63
253500 61 63
253800 9 62
253800 29 53
253800 37 58
253800 50 74
253800 57 88
254100 29 53
254400 14 47
254400 45 72
254700 22 64
254700 28 57
254700 37 58
255000 0 14
255000 7 16
255000 8 90
255000 8 60
255000 9 69
255000 17 68
255000 17 18
255300 0 14
255300 7 78
255300 9 62
255300 21 84
255300 21 56
255300 29 53
255300 52 87
255600 24 28
255600 29 53
255900 9 62
255900 38 58
255900 38 45
255900 59 78
255900 76 78
256200 0 65
256200 14 65
256200 39 45
256500 5 72
256500 29 69
256500 29 53
256500 50 74
256500 53 69
256500 55 79
256800 1 88
256800 9 62
256800 9 69
256800 9 66
256800 27 88
256800 28 69
256800 29 30
256800 30 66
257100 14 58
257100 53 66
257400 7 50
257700 28 29
257700 49 86
258000 28 69
258000 46 89
258300 7 84
258300 35 86
258300 35 50
258300 37 80
258300 37 50
258300 38 86
258300 50 75
258300 50 80
258600 0 48
258600 8 90
258600 8 16
258600 29 53
258600 29 30
258600 62 73
258900 53 70
259200 7 76
259500 5 75
259800 11 26
259800 35 75
260100 9 66
260100 16 59
260100 50 59
260100 59 76
260400 9 73
260400 29 63
260700 9 62
260700 18 34
260700 21 66
260700 29 69
260700 45 83
260700 50 74
260700 55 79
260700 57 60
261000 29 70
261300 29 53
261300 50 86
261600 22 80
261600 28 69
261600 53 70
261900 25 84
261900 64 77
261900 75 79
262200 29 63
262500 15 33
262500 22 85
262500 28 66
262500 44 51
262500 53 63
262800 2 39
262800 5 48
262800 12 48
262800 12 14
262800 12 20
262800 14 20
262800 14 58
262800 14 78
262800 20 58
262800 20 78
262800 24 87
262800 29 39
262800 31 58
262800 58 78
263100 8 26
263100 53 63
263400 5 18
263400 11 24
263400 79 84
263700 17 68
263700 22 85
263700 26 37
263700 28 70
263700 37 72
263700 55 86
264000 7 84
264000 24 84
264000 27 84
264000 33 84
264000 51 58
264300 7 27
264300 7 57
264300 27 77
264300 27 58
264300 58 77
264600 14 58
264600 21 61
264900 24 48
264900 46 84
264900 74 79
265200 35 75
265200 62 73
265500 2 6
265500 5 51
265500 5 39
265500 6 10
265500 7 16
265500 9 62
265500 14 82
265800 0 48
265800 8 90
265800 9 80
265800 9 30
265800 15 67
265800 24 48
265800 30 53
265800 53 73
265800 53 62
266100 28 69
266100 29 53
266100 37 82
266100 44 51
266400 1 16
266400 8 26
266700 8 16
266700 28 69
267000 2 15
267000 2 3
267000 2 48
267000 15 48
267000 24 48
267000 24 49
267000 35 75
267000 48 49
267300 1 59
267300 1 88
267300 1 84
267300 11 24
267300 12 88
267300 15 88
267300 23 69
267300 24 55
267600 9 62
267600 36 55
267600 36 79
267600 55 79
267900 17 84
267900 24 28
267900 29 53
268200 14 85
268200 23 69
268200 23 31
268200 27 75
268200 31 69
268500 1 7
268500 17 18
268500 55 79
268500 75 79
268800 22 85
268800 61 69
269100 7 78
269100 16 25
269100 27 60
269400 9 62
269400 50 86
269700 29 53
270000 22 85
270000 29 53
270000 32 38
270300 14 37
270300 17 68
270600 5 39
270600 8 84
270600 9 31
270600 24 48
270600 29 53
270600 46 84
270900 9 62
270900 9 53
270900 12 58
270900 12 44
270900 12 77
270900 39 65
270900 39 58
270900 44 65
270900 53 70
270900 58 65
271200 29 63
271200 50 86
271500 29 53
271500 46 89
271500 69 70
271800 5 72
271800 9 62
271800 49 86
272100 7 78
272100 7 59
272100 20 52
272100 20 35
272100 25 35
272100 28 40
272100 28 73
272100 35 52
272100 35 84
272100 35 87
272100 40 84
272100 42 79
272100 52 84
272100 56 87
272100 56 84
272400 25 87
272700 14 24
272700 76 78
273000 17 18
273000 22 32
273000 79 87
273000 84 87
273300 17 18
273300 21 56
273300 21 59
273300 24 48
273300 32 58
273600 5 18
273600 12 77
273600 12 44
273600 12 64
273600 24 48
273600 39 65
273600 44 65
273900 5 11
273900 14 48
273900 28 73
273900 29 53
273900 39 51
273900 61 71
273900 70 73
274200 22 64
274200 27 57
274200 44 51
274200 77 82
274500 4 49
274500 29 53
274500 57 88
274800 9 46
274800 55 84
275100 17 18
275100 45 65
275400 1 40
275400 2 12
275400 7 40
275400 12 72
275400 58 72
275700 9 51
275700 9 39
275700 39 51
276000 3 44
276000 22 64
276000 44 51
276000 45 58
276300 2 28
276300 5 22
276300 22 85
276600 30 57
276600 51 90
276600 52 75
276600 56 59
276600 58 65
276600 59 78
276900 29 53
276900 53 70
276900 59 76
277200 9 63
277200 9 28
277200 61 62
277500 14 58
277500 21 40
277500 47 58
277800 17 68
277800 17 34
277800 34 68
277800 35 75
277800 36 75
277800 75 86
278100 1 2
278100 2 10
278100 5 39
278100 6 10
278100 21 56
278100 45 58
278400 5 37
278400 35 75
278400 35 49
278400 46 57
0 19 59
0 19 76
0 21 61
0 24 45
0 25 47
0 27 57
0 28 69
0 44 51
0 53 66
300 4 50
300 9 62
300 23 30
300 30 44
300 35 52
300 46 49
300 49 86
300 53 70
600 29 63
900 53 63
1200 5 37
1200 35 75
1200 35 49
1200 46 57
1500 8 83
1500 29 53
1500 44 51
1800 69 70
2100 8 82
2100 9 19
2100 9 62
2100 22 39
2100 22 64
2100 37 58
2100 38 44
2400 5 47
2400 9 28
2400 9 63
2400 9 69
2400 9 73
2400 9 62
2400 24 48
2400 28 73
2700 24 45
2700 55 79
2700 69 73
3000 0 14
3000 7 16
3000 8 60
3000 15 67
3300 5 44
3300 11 44
3300 28 69
3300 29 70
3300 44 51
3600 16 84
3600 28 73
3600 44 51
3900 24 48
4200 21 56
4200 24 48
4500 5 14
4500 37 58
4800 39 58
4800 44 58
4800 49 58
4800 49 79
4800 49 88
4800 79 88
4800 79 84
5100 1 88
5100 9 62
5100 9 69
5100 9 66
5100 27 88
5100 28 69
5100 29 30
5100 30 66
5400 28 53
5400 44 51
5700 25 86
5700 30 53
5700 53 77
6000 4 48
6000 8 34
6000 8 90
6000 8 58
6000 11 24
6000 27 76
6000 27 81
6000 45 58
6300 40 56
6600 9 62
6600 29 53
6600 57 88
6900 11 84
6900 14 71
6900 37 58
6900 50 86
7200 17 18
7200 18 68
7200 24 48
7200 32 58
7500 37 58
7500 53 66
7500 53 61
7500 53 70
7500 62 73
7800 24 45
7800 29 53
7800 44 51
8100 31 71
8100 44 51
8100 53 63
8400 7 78
8400 20 35
8400 29 73
8400 35 52
8400 56 87
8400 56 84
8400 63 70
8400 84 87
8700 17 84
8700 24 28
8700 29 53
9000 7 33
9000 58 72
9000 64 77
9300 1 16
9300 8 26
9600 52 79
9900 28 70
10200 17 68
10200 22 85
10200 26 37
10200 28 70
10200 37 72
10200 55 86
10500 22 85
10500 76 78
10800 4 52
10800 9 73
10800 9 69
10800 9 62
10800 29 53
10800 52 55
10800 55 79
10800 67 76
11100 29 63
11100 37 77
11100 55 86
11400 17 68
11400 45 58
11400 63 70
11400 64 77
11700 7 27
11700 27 60
11700 27 57
11700 28 61
11700 29 53
11700 49 74
11700 57 60
12000 3 5
12000 9 62
12000 9 29
12000 11 24
12000 11 48
12000 18 37
12000 24 48
12300 22 64
12300 24 48
12300 44 51
12300 52 87
12300 77 82
12600 62 73
12600 71 83
12900 18 37
12900 23 30
12900 38 91
13200 7 84
13200 16 84
13200 25 84
13200 64 77
13500 7 84
13500 24 84
13500 27 84
13500 33 84
13500 51 58
13800 7 12
13800 38 69
14100 7 27
14100 27 57
14100 57 60
14400 9 62
14700 11 44
14700 19 28
14700 25 86
14700 35 75
14700 35 52
14700 45 65
14700 52 75
15000 29 53
15300 28 84
15600 2 84
15600 3 68
15600 9 62
15600 9 30
15600 24 48
15600 52 75
15600 62 73
15900 3 72
15900 3 83
15900 14 44
15900 44 51
16200 45 65
16200 50 86
16200 55 74
16500 1 84
16500 5 18
16500 15 88
16500 15 40
16500 15 84
16500 18 32
16500 22 32
16500 23 69
16500 28 30
16500 29 53
16500 59 88
16500 59 84
16500 62 75
16500 81 84
16500 84 88
16800 7 12
16800 29 53
17100 0 24
17100 20 84
17100 35 52
17100 35 84
17100 55 79
17100 56 87
17100 56 84
17400 7 46
17400 17 18
17400 17 68
17400 45 58
17700 14 24
17700 76 78
18000 29 53
18300 11 48
18300 22 32
18300 58 65
18600 50 86
18900 8 79
18900 14 24
18900 21 69
18900 29 53
18900 45 58
19200 5 18
19200 5 11
19200 62 73
19500 5 75
19800 29 53
20100 8 50
20100 9 62
20100 38 58
20100 38 45
20100 50 75
20400 7 88
20400 17 51
20400 29 53
20400 29 63
20400 39 51
20700 25 88
20700 29 53
20700 38 51
20700 45 58
20700 51 72
21000 52 79
21300 3 37
21300 8 26
21300 22 37
21300 23 30
21300 29 63
21300 37 90
21600 9 62
21600 50 86
21900 7 12
21900 22 32
22200 17 68
22200 42 50
22500 15 33
22500 25 86
22800 11 84
22800 12 84
22800 16 33
22800 29 53
22800 42 43
22800 49 84
22800 49 58
22800 49 64
22800 58 84
22800 64 77
22800 79 88
23100 11 69
23100 11 23
23100 23 69
23100 53 63
23400 24 58
23400 28 84
23400 28 62
23700 9 62
24000 22 85
24000 29 53
24000 32 38
24300 5 37
24300 5 34
24300 7 27
24300 7 88
24300 27 88
24300 34 37
24600 19 73
24600 29 63
24600 56 84
24900 9 73
24900 9 62
24900 50 74
25200 53 69
25200 61 69
25500 9 62
25500 15 33
25500 35 75
25500 52 55
25500 60 81
25800 5 85
25800 76 78
26100 28 73
26100 62 73
26100 67 84
26100 67 76
26400 12 58
26400 39 58
26400 79 88
26700 17 18
26700 22 32
26700 79 87
27000 14 58
27000 21 40
27000 47 58
27300 58 65
27300 76 84
27600 32 85
27600 50 86
27900 35 75
27900 39 58
27900 65 84
27900 79 88
28200 0 24
28200 4 86
28200 9 63
28200 9 69
28200 24 48
28200 61 62
28500 12 88
28500 22 85
28500 55 74
28800 17 80
28800 21 84
28800 24 48
28800 35 75
28800 46 84
29100 3 44
29100 22 64
29100 44 51
29100 45 58
29400 7 12
29400 23 29
29700 6 40
29700 7 16
30000 3 5
30000 29 73
30000 50 86
30300 32 38
30600 22 64
30900 0 24
31200 24 48
31200 52 75
31200 69 70
31500 22 64
31500 28 57
31500 37 58
31800 23 30
31800 42 76
31800 49 55
32100 7 78
32100 7 59
32100 20 52
32100 20 35
32100 25 35
32100 28 40
32100 28 73
32100 35 52
32100 35 84
32100 35 87
32100 40 84
32100 42 79
32100 52 84
32100 56 87
32100 56 84
32400 8 26
32400 22 91
32400 24 48
32400 29 91
32400 39 58
32400 42 43
32700 23 30
32700 49 74
32700 49 55
32700 55 74
32700 69 73
33000 2 10
33000 2 6
33000 6 10
33300 8 26
33300 9 62
33300 21 84
33600 7 76
33900 9 28
33900 9 63
33900 9 69
33900 28 69
33900 28 70
34200 24 59
34200 29 53
34200 45 90
34200 53 63
34500 8 39
34500 8 85
34500 9 62
34500 38 45
34800 24 48
34800 42 43
34800 44 45
34800 48 49
34800 53 70
34800 79 88
35100 2 6
35100 5 51
35100 5 39
35100 6 10
35100 7 16
35100 9 62
35100 14 82
35400 7 81
35400 14 45
35400 57 60
35700 14 22
35700 14 39
35700 21 84
35700 30 90
35700 59 78
36000 22 64
36000 27 57
36000 44 51
36000 77 82
36300 1 84
36300 5 18
36300 6 84
36300 7 84
36300 20 84
36300 28 30
36300 29 53
36300 32 38
36300 33 84
36300 67 84
36300 81 84
36300 84 88
36600 29 70
36900 5 54
36900 7 59
36900 9 62
36900 62 69
37200 9 62
37200 17 68
37200 18 68
37500 11 58
37500 27 64
37500 28 53
37500 53 70
37500 85 90
37800 29 53
38100 9 62
38100 16 76
38100 17 68
38100 21 61
38100 24 37
38100 35 75
38100 42 75
38100 45 90
38100 55 79
38100 59 76
38400 12 44
38700 28 43
38700 39 51
39000 35 75
39000 35 52
39000 52 75
39300 17 68
39300 28 69
39300 29 53
39300 37 82
39300 44 51
39600 1 16
39600 1 59
39600 15 16
39600 16 59
39600 49 55
39600 55 79
39900 8 26
39900 53 63
40200 21 76
40200 21 69
40200 22 85
40500 28 30
40800 1 7
40800 7 40
40800 33 59
41100 3 43
41100 29 53
41400 0 14
41400 8 54
41400 8 32
41400 8 26
41400 22 91
41400 25 39
41400 39 51
41700 42 43
41700 42 72
41700 42 58
41700 58 72
42000 7 25
42000 9 66
42000 22 64
42300 9 62
42300 16 88
42300 23 53
42300 28 73
42300 29 73
42300 35 52
42300 53 73
42600 0 14
42600 0 3
42600 3 14
42600 7 78
42900 14 48
42900 23 30
42900 24 48
42900 39 58
42900 45 58
42900 45 72
42900 58 72
43200 22 64
43200 45 85
43200 45 65
43200 65 85
43500 3 68
43500 29 63
43800 14 32
44100 23 30
44100 29 53
44100 29 30
44100 35 52
44100 37 84
44100 43 45
44100 44 51
44400 28 29
44400 29 70
44700 14 24
44700 14 58
44700 24 58
45000 17 18
45000 22 32
45000 79 87
45000 84 87
45300 3 53
45300 7 33
45300 11 56
45300 22 32
45300 22 45
45300 28 70
45300 44 51
45300 53 70
45300 53 61
45600 7 58
45600 21 69
45600 36 50
45900 3 65
45900 9 73
45900 17 51
45900 51 68
46200 7 78
46200 28 69
46200 28 66
46200 42 51
46200 46 60
46500 14 65
46500 14 45
46500 22 64
46500 29 53
46500 39 58
46500 39 85
46500 46 89
46500 58 85
46500 58 65
46800 9 62
46800 29 53
46800 50 74
46800 58 72
47100 5 85
47100 5 72
47100 55 86
47100 72 80
47100 80 85
47400 17 18
47700 22 64
47700 35 79
47700 77 82
48000 50 74
48000 53 69
48300 28 84
48300 35 75
48300 39 51
48300 55 75
48600 3 22
48600 28 66
48600 28 69
48900 21 69
48900 21 61
48900 24 45
48900 30 66
48900 69 73
49200 22 72
49200 28 69
49500 5 14
49800 49 74
50100 9 69
50100 9 63
50100 24 48
50100 28 70
50100 53 70
50100 61 62
50400 2 15
50400 9 73
50400 9 30
50400 29 63
50400 61 63
50700 29 53
50700 37 58
50700 50 86
50700 51 65
51000 14 58
51000 21 61
51300 1 78
51300 3 5
51300 29 63
51600 21 84
51600 24 48
51600 35 75
51600 55 79
51900 0 48
51900 9 63
51900 32 71
52200 5 14
52200 6 88
52200 14 24
52200 28 30
52500 29 53
52500 37 58
52800 3 5
52800 29 63
53100 9 63
53100 9 28
53400 7 58
53400 24 48
53400 29 53
53400 49 52
53700 55 79
53700 75 79
54000 0 48
54000 4 50
54000 9 73
54000 9 62
54000 15 67
54000 52 75
54000 53 66
54300 7 12
54300 29 53
54300 45 83
54300 50 74
54600 8 26
54600 22 71
54600 38 85
54600 38 90
54600 39 65
54600 58 85
54600 72 90
54900 9 30
54900 29 53
54900 30 62
54900 37 77
54900 49 52
54900 52 84
55200 39 72
55500 11 86
55500 12 86
55500 76 78
55800 2 28
55800 5 22
55800 23 61
56100 9 62
56100 9 17
56100 24 48
56100 76 88
56400 0 14
56400 9 62
56400 29 53
56400 37 58
56700 35 75
56700 45 58
57000 0 48
57000 8 90
57000 9 80
57000 9 30
57000 15 67
57000 24 48
57000 30 53
57000 53 73
57000 53 62
57300 9 66
57300 14 24
57300 24 58
57300 28 84
57600 1 33
57600 1 7
57600 5 72
57600 24 45
57600 37 58
57600 58 65
57900 52 79
58200 1 12
58200 5 45
58200 9 73
58200 9 62
58500 9 23
58500 9 73
58500 14 24
58800 9 62
58800 23 53
58800 23 73
58800 28 53
58800 28 73
58800 29 53
58800 39 51
59100 11 24
59400 14 72
59400 14 34
59400 14 85
59400 24 48
59400 27 75
59400 27 35
59400 35 75
59700 9 62
59700 39 51
60000 9 63
60000 9 73
60300 5 18
60300 11 24
60300 79 84
60600 7 78
60600 29 53
60900 15 33
61200 0 14
61500 0 24
61800 5 14
61800 29 70
61800 44 51
62100 11 44
62100 24 63
62100 37 82
62100 86 91
62400 24 28
62400 29 53
62400 55 74
62400 76 81
62700 24 44
62700 29 63
63000 9 73
63000 24 28
63000 29 53
63300 55 79
63600 3 5
63600 3 22
63600 5 18
63600 11 24
63600 18 22
63600 22 64
63600 55 79
63900 28 69
64200 0 14
64200 7 16
64200 8 60
64200 8 90
64200 9 62
64200 53 66
64500 5 11
64500 14 48
64500 28 73
64500 29 53
64500 39 51
64500 61 71
64500 70 73
64800 5 72
64800 5 37
64800 22 26
64800 22 37
64800 22 72
64800 26 37
64800 26 72
64800 29 53
64800 37 72
64800 53 63
65100 29 53
65400 8 26
65400 53 63
65700 1 7
65700 17 18
65700 55 79
65700 75 79
66000 15 33
66000 23 61
66300 5 18
66300 7 88
66300 8 26
66300 53 63
66600 7 16
66600 7 84
66600 7 25
66600 16 84
66600 16 25
66600 25 84
66600 50 84
66900 5 51
66900 5 35
66900 14 39
66900 17 51
66900 27 65
66900 27 72
66900 27 35
66900 27 75
66900 35 37
66900 35 45
66900 35 75
66900 45 58
66900 45 72
66900 51 68
66900 58 72
67200 18 47
67200 18 37
67200 58 65
67500 7 58
67500 21 84
67500 24 45
67500 56 60
67800 2 15
67800 9 73
67800 20 40
67800 40 75
67800 44 70
68100 29 53
68400 29 53
68400 35 75
68400 42 50
68700 4 87
68700 9 62
68700 22 85
68700 29 53
68700 36 50
68700 84 89
69000 24 28
69000 29 53
69300 53 66
69600 28 29
69600 49 86
69900 9 28
69900 15 60
69900 16 76
69900 28 62
69900 35 50
69900 38 90
69900 39 65
69900 50 75
69900 85 90
70200 17 68
70200 50 86
70500 5 34
70500 29 63
70800 0 14
70800 14 37
70800 17 18
70800 37 82
71100 15 33
71100 22 85
71100 28 66
71100 44 51
71100 53 63
71400 17 18
71400 29 61
71400 44 51
71700 7 86
72000 9 30
72000 9 28
72000 9 53
72000 17 18
72000 28 30
72000 28 73
72000 29 53
72000 44 51
72000 50 75
72300 14 39
72300 14 58
72600 29 53
72600 37 58
72900 12 44
72900 12 72
72900 12 58
72900 17 34
72900 35 50
72900 43 58
72900 44 58
72900 44 56
72900 50 75
72900 53 70
72900 56 58
72900 56 65
73200 34 84
73200 35 75
73200 55 74
73200 67 84
73500 5 18
73500 7 88
73500 16 88
73500 28 73
73500 29 53
73500 39 51
73500 49 86
73500 49 55
73500 55 86
73800 7 58
73800 9 73
73800 24 35
73800 29 53
73800 35 48
73800 42 55
73800 49 52
74100 9 62
74100 16 84
74100 24 48
74400 55 79
74700 29 53
74700 37 77
75000 9 62
75000 24 31
75000 24 48
75000 31 48
75300 28 69
75300 29 70
75300 44 51
75600 6 40
75600 9 62
75600 35 49
75600 55 74
75900 17 18
76200 2 15
76200 7 16
76200 7 12
76200 12 16
76500 0 48
76500 4 86
76500 9 63
76500 21 84
76500 52 87
76800 2 10
76800 2 6
76800 3 14
76800 6 10
76800 11 14
76800 14 34
76800 27 46
76800 44 51
77100 5 21
77100 21 84
77400 5 72
77400 29 69
77400 29 53
77400 50 74
77400 53 69
77400 55 79
77700 8 26
77700 14 44
77700 52 79
78000 9 73
78000 9 62
78300 5 39
78300 8 84
78300 9 31
78300 24 48
78300 29 53
78300 46 84
78600 28 62
78600 29 53
78600 45 85
78600 45 65
78900 22 80
78900 28 69
78900 53 70
79200 24 45
79200 25 47
79200 27 57
79200 53 70
79500 0 24
79500 17 68
79800 5 72
79800 5 37
79800 5 22
79800 18 72
79800 22 37
79800 22 72
79800 22 26
79800 26 72
79800 26 37
79800 26 71
79800 28 73
79800 37 72
80100 42 84
80100 52 84
80100 53 63
80400 9 62
80400 22 32
80400 76 78
80700 24 48
80700 66 69
81000 28 70
81300 52 86
81300 63 70
81600 44 51
81600 57 62
81900 23 69
81900 23 30
81900 29 53
81900 30 63
81900 30 53
82200 0 24
82200 9 66
82200 23 29
82500 24 48
82500 28 69
82800 25 87
83100 18 90
83100 23 30
83100 35 75
83100 46 84
83100 50 86
83100 50 60
83100 57 88
83100 62 73
83400 2 15
83400 5 11
83400 14 19
83400 17 18
83400 19 79
83400 42 79
83700 21 69
83700 29 63
84000 34 84
84000 35 75
84000 35 50
84000 37 84
84000 50 86
84000 75 86
84300 0 24
84300 42 79
84300 42 44
84300 56 84
84600 21 59
84900 44 51
84900 88 89
85200 24 48
85200 26 31
85500 5 72
85500 49 55
85500 49 86
85500 55 86
85800 5 39
85800 35 87
85800 35 86
85800 35 52
86100 8 26
86100 42 43
86100 53 63
86400 28 69
86400 46 60
86400 49 86
86400 49 55
86400 55 86
86700 7 12
86700 22 91
86700 24 32
86700 33 84
86700 79 88
86700 85 91
87000 29 53
87300 29 53
87300 57 88
87600 4 36
87600 14 24
87600 27 56
87600 27 60
87600 28 53
87600 29 70
87600 29 53
87600 45 65
87600 65 72
87900 2 10
87900 10 16
87900 10 33
87900 11 84
87900 12 44
87900 24 31
87900 39 51
87900 51 58
87900 58 65
88200 49 84
88500 7 25
88500 19 79
88500 21 79
88500 21 61
88500 24 48
88500 24 45
88500 28 69
88500 61 66
88500 79 87
88800 22 38
88800 25 28
88800 25 53
88800 28 53
88800 53 69
89100 18 37
89100 29 53
89100 35 55
89100 39 72
89100 80 85
89400 45 72
89700 9 62
89700 9 53
89700 12 58
89700 12 44
89700 12 77
89700 39 65
89700 39 58
89700 44 65
89700 53 70
89700 58 65
90000 7 56
90000 9 62
90300 7 88
90300 9 62
90300 29 53
90600 3 8
90600 14 85
90600 19 79
90600 24 48
90600 45 65
90900 9 69
90900 9 66
90900 9 62
90900 12 57
90900 27 75
90900 50 74
90900 62 69
90900 80 85
91200 27 73
91200 29 53
91200 37 84
91200 49 86
91200 49 50
91500 4 41
91500 27 57
91500 28 69
91800 25 84
91800 64 77
91800 75 79
92100 28 69
92400 4 55
92700 53 70
93000 9 29
93000 11 48
93000 27 81
93000 57 88
93300 9 28
93300 9 69
93300 9 63
93300 17 68
93300 28 73
93300 28 70
93300 28 30
93300 28 69
93300 30 62
93300 35 75
93300 53 62
93300 53 70
93300 61 62
93600 3 14
93600 4 86
93600 7 12
93600 9 28
93900 6 40
93900 9 30
93900 9 29
93900 28 29
93900 28 53
93900 29 53
94200 0 48
94200 9 77
94200 9 62
94200 28 73
94200 44 51
94500 7 25
94500 28 69
94800 18 22
94800 22 85
94800 28 66
94800 80 85
95100 11 44
95100 25 75
95400 9 73
95400 9 19
95400 33 88
95400 50 75
95700 35 75
95700 45 65
95700 56 86
95700 56 84
95700 84 86
96000 15 33
96000 22 85
96000 22 32
96000 28 66
96000 53 63
96000 58 72
96300 8 26
96300 9 62
96300 9 73
96300 69 73
96600 29 63
96900 0 14
96900 5 22
96900 5 37
96900 16 45
96900 22 37
96900 22 26
96900 22 34
96900 26 37
96900 26 72
96900 34 37
96900 37 72
96900 40 84
96900 40 78
96900 60 81
96900 60 88
96900 81 88
97200 1 16
97200 7 88
97200 9 62
97200 35 79
97200 35 52
97200 35 36
97200 36 79
97200 76 88
97500 11 26
97500 35 75
97800 5 14
97800 9 62
97800 37 58
97800 44 45
98100 11 23
98100 17 18
98100 23 69
98100 35 74
98100 62 73
98400 7 76
98400 8 26
98400 15 33
98400 23 29
98400 29 53
98400 53 63
98700 17 18
99000 0 24
99000 0 14
99000 14 24
99000 14 48
99000 22 77
99000 24 48
99000 45 48
99300 11 44
99300 24 48
99600 1 40
99600 1 6
99600 6 60
99600 27 84
99600 44 65
99600 58 65
99900 7 25
99900 16 25
99900 30 66
99900 50 86
100200 0 14
100200 9 62
100200 12 32
100200 17 51
100200 21 56
100200 24 45
100200 28 62
100200 56 60
100500 7 21
100500 7 78
100500 17 68
100500 21 78
100500 29 53
100500 36 50
100800 29 53
101100 15 33
101400 14 24
101400 28 84
101400 39 51
101700 27 60
101700 29 63
102000 14 48
102000 14 24
102000 24 48
102000 53 63
102300 11 16
102300 35 51
102300 35 84
102300 40 57
102300 44 51
102300 44 45
102300 45 51
102300 53 70
102300 56 88
102300 57 88
102600 21 28
102600 29 53
102600 67 78
102900 1 7
102900 9 73
102900 9 62
102900 14 51
102900 23 29
102900 28 29
102900 29 53
102900 49 55
103200 12 44
103200 17 56
103500 14 58
103500 21 61
103800 21 76
104100 9 62
104100 11 44
104400 50 84
104700 79 86
105000 4 50
105000 4 52
105000 14 24
105000 21 69
105000 29 53
105300 2 33
105300 24 87
105300 58 62
105600 0 14
105600 53 70
105600 60 79
105900 3 18
105900 7 58
105900 15 33
106200 37 58
106200 50 86
106500 17 34
106500 28 70
106800 8 26
106800 9 62
106800 52 84
107100 12 64
107100 12 45
107100 12 58
107100 17 18
107100 18 68
107100 34 58
107100 64 77
107400 8 26
107400 44 51
107700 3 14
107700 19 24
107700 24 48
107700 53 70
108000 35 75
108000 44 51
108300 63 70
108600 8 16
108600 28 69
108900 29 53
109200 23 30
109200 29 53
109200 52 86
109200 57 60
109200 74 86
109500 15 60
109800 7 27
109800 7 57
109800 27 77
109800 27 58
109800 58 77
110100 7 12
110100 33 84
110100 72 85
110100 79 88
110400 9 73
110400 11 23
110400 17 18
110400 22 85
110700 45 65
111000 9 29
111000 14 48
111000 53 66
111300 21 84
111300 22 85
111600 5 22
111600 23 61
111900 1 76
111900 27 76
111900 35 79
111900 44 51
111900 77 82
112200 58 65
112500 3 5
112500 29 63
112800 3 14
112800 14 37
112800 16 84
112800 50 75
113100 9 63
113100 28 70
113100 28 53
113100 37 65
113100 53 70
113100 61 62
113400 42 51
113400 46 60
113400 53 70
113700 8 26
113700 23 30
113700 23 53
113700 29 53
113700 30 53
113700 39 58
114000 11 23
114000 23 69
114000 53 63
114300 14 24
114600 3 14
114600 21 84
114600 28 73
114600 29 70
114600 45 65
114900 3 37
114900 9 30
114900 32 88
115200 12 77
115200 12 84
115200 26 32
115200 77 84
115500 14 24
115500 18 47
115800 8 26
115800 29 53
115800 36 79
115800 36 55
115800 55 79
116100 7 16
116100 7 25
116100 16 25
116100 17 18
116100 30 66
116400 1 59
116400 29 53
116400 75 79
116700 4 50
116700 5 24
116700 7 57
116700 8 26
116700 9 62
116700 13 50
116700 14 90
116700 14 37
116700 32 80
116700 37 90
117000 9 62
117000 36 55
117000 36 79
117000 55 79
117300 1 16
117300 2 15
117300 31 71
117300 33 40
117600 0 14
117600 3 14
117600 8 90
117600 9 69
117600 16 84
117600 30 53
117600 65 82
117900 3 14
117900 3 44
117900 9 73
117900 9 19
117900 9 62
117900 11 44
117900 19 73
117900 29 63
117900 62 73
117900 62 66
118200 49 55
118200 49 86
118200 50 86
118200 52 55
118500 17 18
118500 21 56
118500 21 59
118500 24 48
118500 32 58
118800 21 46
118800 21 26
118800 24 48
118800 26 31
118800 49 79
118800 75 79
119100 12 58
119100 43 58
119100 44 45
119100 79 88
119400 0 24
119400 21 42
119400 22 38
119400 24 45
119400 25 28
119400 27 57
119400 67 76
119700 9 63
119700 28 70
119700 35 75
120000 15 33
120000 23 30
120000 53 63
120300 17 18
120300 29 63
120600 4 86
120600 9 73
120600 9 62
120600 24 48
120900 5 39
120900 14 58
120900 40 88
120900 49 55
121200 9 51
121200 9 39
121200 39 51
121500 1 7
121500 1 27
121500 7 27
121500 14 37
121500 29 53
121800 9 63
122100 7 84
122100 8 26
122100 21 84
122100 31 71
122400 67 84
122700 29 53
123000 22 64
123000 24 48
123000 77 82
123300 9 62
123600 22 38
123900 24 48
123900 26 31
123900 35 75
123900 37 91
124200 9 62
124200 22 85
124200 29 53
124200 29 30
124200 50 86
124500 19 86
124800 28 70
125100 24 32
125400 0 48
125400 9 73
125400 15 67
125400 52 75
125700 9 19
125700 9 62
125700 9 73
125700 19 73
125700 45 65
125700 62 73
126000 21 69
126000 24 45
126300 4 79
126300 37 58
126300 75 79
126600 15 27
126600 23 30
126600 29 71
126600 37 58
126900 17 34
127200 12 88
127200 17 18
127200 55 74
127500 7 88
127500 9 62
127500 52 75
127800 0 24
127800 0 48
127800 9 62
127800 15 67
127800 23 30
128100 14 50
128100 22 64
128100 30 66
128100 44 86
128400 2 28
128400 5 22
128400 22 85
128700 0 14
128700 41 79
128700 53 69
128700 77 82
129000 9 73
129000 45 70
129000 52 84
129000 53 70
129300 29 53
129600 9 28
129600 9 63
129900 12 59
129900 20 84
129900 37 58
129900 59 76
130200 20 31
130200 24 31
130200 24 48
130200 31 48
130200 71 83
130500 0 48
130500 8 90
130500 8 16
130500 29 53
130500 29 30
130500 62 73
130800 0 48
130800 9 69
130800 9 43
130800 9 73
130800 15 67
130800 23 69
130800 30 66
130800 44 51
130800 52 75
130800 62 73
130800 69 73
131100 2 28
131100 2 39
131100 11 34
131100 28 38
131100 61 86
131100 77 86
131400 28 69
131400 30 66
131400 52 75
131700 15 33
131700 50 86
131700 60 81
131700 76 88
132000 29 53
132000 37 58
132300 7 16
132300 9 29
132300 22 32
132300 52 55
132300 55 74
132600 5 84
132600 22 77
132600 24 48
132900 28 70
133200 0 45
133200 29 53
133200 37 58
133200 37 47
133500 37 58
133500 44 52
133800 24 48
133800 24 45
133800 29 63
133800 29 70
133800 39 45
133800 42 50
133800 42 65
133800 45 72
133800 45 48
134100 1 88
134100 5 51
134100 7 81
134100 7 88
134100 29 53
134100 39 51
134100 49 67
134100 55 86
134400 1 59
134400 6 88
134400 32 38
134700 11 24
134700 49 55
135000 9 62
135000 35 75
135300 9 23
135300 9 62
135600 2 71
135600 14 58
135600 14 39
135600 14 24
135600 37 82
135600 39 58
135600 53 70
135600 58 82
135900 5 85
135900 5 80
135900 21 84
135900 28 69
136200 11 23
136200 21 30
136200 23 69
136200 37 58
136200 74 86
136500 8 26
136500 14 44
136800 3 24
136800 15 33
136800 28 29
136800 44 51
136800 53 63
137100 0 65
137100 14 65
137100 39 45
137400 9 29
137400 29 62
137400 29 63
137400 62 73
137400 63 66
137700 7 58
137700 19 76
137700 21 69
137700 28 73
137700 59 76
138000 9 62
138000 14 24
138000 19 58
138000 21 69
138000 25 79
138000 39 51
138000 51 65
138000 58 72
138000 65 72
138000 66 70
138300 23 29
138600 29 53
138900 0 65
138900 0 14
138900 22 64
138900 24 48
138900 44 51
139200 50 74
139500 9 73
139500 35 50
139500 50 86
139500 50 84
139800 24 48
139800 46 84
139800 74 79
140100 17 18
140400 18 37
140400 53 70
140700 62 73
141000 5 74
141000 5 37
141000 9 62
141000 9 73
141000 24 48
141000 24 77
141000 24 74
141300 4 49
141300 29 53
141300 57 88
141600 36 50
141900 2 10
141900 2 40
141900 6 10
141900 21 88
141900 44 51
141900 57 88
142200 0 24
142200 19 42
142200 19 50
142200 20 35
142200 22 32
142200 55 79
142200 84 87
142500 11 38
142500 23 30
142500 29 53
142500 62 73
142500 84 88
142800 8 26
142800 50 74
143100 9 62
143100 38 58
143100 38 45
143100 45 58
143400 29 53
143400 52 86
143700 7 25
143700 35 84
143700 52 84
144000 12 16
144000 27 81
144000 39 57
144000 50 86
144300 9 73
144300 29 63
144600 3 85
144600 22 85
144900 45 83
144900 55 79
144900 58 72
144900 58 85
144900 80 85
145200 5 37
145200 24 48
145200 24 31
145200 31 48
145500 3 5
145500 29 63
145500 29 73
145500 50 88
145800 5 80
145800 5 18
145800 18 80
146100 26 32
146400 21 69
146400 58 85
146700 14 37
146700 35 87
146700 35 52
146700 44 51
147000 29 53
147000 50 74
147000 52 86
147300 21 46
147300 24 48
147300 26 31
147300 75 79
147600 21 56
147600 24 48
147900 0 14
147900 12 88
147900 31 51
147900 51 71
148200 1 2
148200 2 10
148200 5 39
148200 6 10
148200 21 56
148200 45 58
148500 53 70
148800 1 15
148800 29 63
148800 55 79
148800 56 87
148800 75 79
149100 15 33
149100 49 50
149400 52 79
149700 9 62
149700 29 53
149700 37 58
149700 50 74
149700 57 88
150000 3 68
150000 9 62
150000 28 69
150000 37 77
150000 52 75
150000 62 73
150300 14 22
150600 0 14
150600 18 45
150600 35 52
150900 22 85
150900 46 89
151200 14 44
151200 14 22
151500 22 64
151500 42 52
151800 17 18
151800 22 58
151800 22 32
151800 32 58
152100 14 47
152100 45 72
152400 27 60
152400 29 63
152400 37 58
152400 50 75
152700 2 88
152700 7 88
152700 40 88
152700 40 84
152700 84 88
153000 3 83
153000 50 74
153300 1 6
153300 1 33
153300 1 40
153300 1 10
153300 1 16
153300 2 10
153300 5 39
153300 6 40
153300 6 10
153300 10 40
153300 10 38
153300 10 16
153300 12 44
153300 12 77
153300 16 33
153300 24 48
153300 33 40
153300 38 45
153300 38 85
153300 45 85
153600 30 57
153600 51 90
153600 52 75
153600 56 59
153600 58 65
153600 59 78
153900 0 24
153900 4 84
153900 35 52
153900 55 79
154200 21 61
154200 22 64
154200 57 88
154500 25 49
154500 55 79
154800 23 49
154800 25 49
154800 28 69
154800 37 77
154800 52 75
154800 53 61
155100 19 73
155100 52 75
155400 9 62
155400 29 53
155700 28 69
155700 29 53
155700 44 51
156000 7 25
156000 22 64
156000 49 84
156000 50 84
156000 50 52
156000 52 84
156300 15 33
156300 60 81
156300 76 88
156600 14 24
156600 29 63
156600 35 75
156600 59 76
156900 50 86
156900 52 84
156900 52 75
156900 59 76
156900 75 84
157200 5 37
157200 5 18
157200 14 77
157200 18 37
157200 64 77
157500 24 48
157500 29 30
157500 30 63
157500 47 58
157800 26 32
157800 57 60
158100 14 85
158100 23 69
158100 23 31
158100 27 75
158100 31 69
158400 16 78
158400 28 73
158400 53 63
158400 70 73
158400 75 79
158700 51 54
158700 63 89
159000 4 74
159000 24 48
159000 35 75
159300 12 59
159300 50 86
159300 75 84
159600 59 76
159900 7 58
159900 24 35
159900 29 53
159900 49 52
159900 55 79
160200 67 84
160500 11 77
160500 12 27
160500 17 34
160500 22 48
160500 27 81
160500 27 48
160500 27 77
160500 48 64
160500 64 77
160800 23 29
160800 55 74
161100 9 73
161100 63 70
161400 8 26
161400 49 74
161700 0 45
161700 4 86
161700 29 91
161700 29 53
161700 53 63
162000 24 69
162000 28 69
162300 0 51
162300 17 18
162300 26 65
162300 29 53
162300 45 72
162600 22 64
162600 24 48
162600 44 51
162600 77 82
162900 11 57
162900 22 64
162900 29 30
162900 30 63
162900 47 58
162900 56 57
163200 7 16
163200 7 25
163200 16 25
163500 17 68
163500 28 45
163500 44 45
163800 1 88
163800 9 73
163800 23 30
163800 29 63
163800 37 77
163800 62 73
164100 0 24
164100 45 58
164100 50 86
164100 55 74
164400 7 58
164700 8 90
164700 8 58
164700 45 58
164700 70 73
165000 37 58
165000 44 51
165300 44 51
165300 55 79
165600 11 23
165900 24 48
165900 29 53
165900 35 75
166200 9 62
166500 8 26
166800 9 66
166800 16 59
166800 50 59
166800 59 76
167100 58 59
167100 59 76
167100 59 78
167100 60 81
167100 76 88
167400 16 84
167400 28 69
167400 32 38
167400 35 50
167400 37 82
167400 37 77
167400 45 65
167700 28 69
167700 30 53
167700 53 70
168000 9 73
168000 29 69
168000 29 53
168000 37 58
168000 50 74
168000 53 69
168300 3 58
168300 29 63
168300 37 58
168300 50 75
168600 9 62
168600 18 90
168600 23 30
168600 50 60
168600 50 57
168600 57 88
168900 7 25
168900 16 25
168900 30 66
169200 0 24
169200 5 34
169200 23 29
169200 29 30
169500 29 53
169800 14 24
169800 50 55
170100 7 27
170100 8 17
170100 8 51
170100 8 39
170100 8 14
170100 14 51
170100 14 90
170100 19 51
170100 39 51
170100 51 90
170400 7 78
170400 8 26
170400 14 24
170400 14 64
170400 17 68
170400 29 53
170700 16 46
170700 35 84
170700 44 51
170700 57 88
171000 8 26
171000 29 53
171000 50 74
171000 53 69
171300 2 39
171300 5 48
171300 12 48
171300 12 14
171300 12 20
171300 14 20
171300 14 58
171300 14 78
171300 20 58
171300 20 78
171300 24 87
171300 29 39
171300 31 58
171300 58 78
171600 1 76
171600 19 76
171600 22 64
171600 35 79
171600 77 82
171900 17 68
172200 30 53
172200 58 72
172500 15 33
172500 46 76
172500 60 81
172800 29 69
172800 66 69
173100 64 77
173400 20 35
173400 29 61
173400 39 45
173400 42 79
173400 52 84
173400 56 84
173400 84 87
173700 21 27
173700 21 59
173700 34 45
173700 54 71
174000 12 44
174000 12 58
174000 12 77
174000 24 48
174000 58 65
174300 9 28
174300 12 84
174300 55 87
174600 8 26
174600 26 80
174600 31 58
174600 39 85
174600 80 91
174900 11 24
174900 24 48
175200 24 48
175200 31 91
175200 66 69
175500 21 69
175500 21 61
175500 61 69
175800 24 48
176100 9 62
176100 29 69
176100 50 74
176100 53 69
176100 55 79
176400 22 64
176400 35 79
176400 77 82
176700 9 62
176700 29 73
176700 29 63
177000 3 72
177000 22 32
177000 52 79
177000 62 73
177000 79 86
177300 28 62
177300 28 29
177300 29 53
177600 9 62
177900 7 25
177900 9 72
177900 22 64
177900 35 52
178200 23 53
178200 28 69
178200 35 52
178200 46 50
178200 50 86
178200 53 70
178500 9 60
178500 15 33
178500 35 75
178800 28 66
179100 21 84
179100 23 29
179100 51 65
179400 19 62
179400 21 56
179400 22 64
179400 77 82
179700 21 56
179700 22 64
179700 24 48
179700 35 79
179700 77 82
180000 5 24
180000 5 65
180000 9 66
180000 9 13
180000 24 32
180000 57 60
180300 5 11
180300 18 37
180300 29 53
180600 8 26
180600 28 70
180900 29 53
180900 46 89
180900 69 70
181200 8 26
181200 9 62
181200 9 28
181200 28 73
181200 28 62
181200 50 52
181200 50 86
181500 5 11
181500 8 85
181500 9 62
181500 12 29
181500 22 51
181500 29 53
181500 38 45
181500 40 41
181500 50 75
181500 61 90
181800 9 62
181800 9 19
181800 12 58
181800 14 37
181800 19 44
181800 21 61
181800 22 64
181800 29 53
181800 44 45
181800 44 58
181800 44 60
181800 53 63
182100 24 58
182400 12 44
182400 58 65
182700 29 63
183000 5 18
183000 29 90
183000 44 51
183000 45 64
183000 81 88
183300 14 37
183300 17 68
183600 29 70
183900 22 64
183900 28 73
184200 3 14
184200 9 62
184200 9 28
184200 9 44
184200 34 44
184200 44 45
184500 29 53
184500 52 87
184800 14 24
184800 22 77
185100 9 73
185100 16 88
185100 21 69
185100 22 64
185100 53 70
185400 9 53
185400 29 53
185400 37 58
185400 50 86
185400 53 73
185700 23 29
185700 29 63
185700 31 71
185700 52 79
186000 7 78
186000 9 69
186000 9 29
186000 29 63
186300 4 79
186300 9 29
186300 27 81
186600 35 52
186900 11 24
186900 23 30
186900 50 86
186900 84 88
187200 3 45
187500 25 36
187500 53 63
187800 9 62
187800 12 16
187800 35 75
187800 57 60
187800 57 88
187800 58 90
188100 24 31
188100 31 48
188100 81 88
188400 1 76
188400 37 58
188700 29 53
188700 51 65
189000 9 66
189000 9 62
189000 9 73
189000 11 84
189000 62 73
189300 37 84
189600 0 48
189600 0 14
189600 9 62
189600 18 68
189600 28 29
189900 24 48
189900 57 76
190200 5 11
190200 5 72
190200 9 62
190500 3 11
190500 28 76
190500 57 76
190800 22 64
190800 35 52
190800 44 51
190800 46 89
191100 17 18
191100 35 75
191100 39 90
191400 5 18
191400 35 50
191400 42 50
191400 50 86
191700 7 16
191700 29 53
191700 45 58
192000 22 32
192000 53 70
192300 19 78
192300 21 63
192300 29 53
192600 56 84
192900 1 78
192900 29 70
192900 45 65
193200 29 53
193500 29 70
193500 29 69
193500 29 53
193500 53 63
193500 59 78
193500 85 91
193800 17 18
193800 29 53
193800 36 79
194100 12 43
194400 9 62
194400 9 73
194400 17 18
194400 50 74
194400 53 69
194400 55 79
194700 35 55
194700 50 74
195000 22 77
195000 22 64
195300 7 78
195300 16 25
195300 27 60
195600 0 24
195600 32 91
195600 57 60
195900 6 40
195900 12 44
195900 18 68
195900 28 30
195900 64 77
196200 15 33
196200 25 55
196200 56 60
196500 35 75
196500 35 52
196800 29 53
196800 37 58
196800 44 51
196800 67 76
197100 2 15
197100 2 33
197100 9 73
197100 9 62
197100 15 72
197100 29 63
197100 50 75
197100 58 86
197100 58 78
197100 58 59
197100 59 78
197100 72 86
197100 72 78
197100 72 75
197100 75 86
197400 28 29
197400 29 53
197400 35 52
197700 2 10
197700 6 10
197700 6 12
197700 11 58
197700 16 53
197700 16 70
197700 39 65
197700 44 51
197700 51 58
197700 51 65
197700 53 70
197700 58 65
197700 67 84
197700 79 84
197700 84 86
198000 40 88
198000 55 74
198300 16 25
198300 52 87
198600 21 69
198600 29 63
198900 5 18
198900 12 77
198900 12 64
198900 24 48
198900 64 77
199200 7 84
199200 35 86
199200 35 50
199200 37 80
199200 37 50
199200 38 86
199200 50 75
199200 50 80
199500 34 84
199500 58 72
199500 80 85
199800 28 69
199800 65 91
200100 29 53
200100 29 63
200400 53 62
200400 76 78
200700 9 62
200700 53 63
201000 44 51
201000 77 82
201300 0 14
201600 6 40
201900 29 63
201900 50 86
202200 1 33
202200 11 72
202200 14 37
202200 64 77
202500 7 58
202500 12 15
202500 15 33
202800 5 18
202800 12 77
202800 12 44
202800 12 64
202800 24 48
202800 39 65
202800 44 65
203100 6 40
203100 9 73
203100 9 61
203100 50 86
203400 4 52
203400 8 26
203400 28 29
203400 29 70
203400 37 77
203400 38 39
203700 7 84
203700 44 65
203700 58 65
204000 9 73
204000 14 24
204000 59 76
204300 11 24
204300 11 51
204300 17 68
204300 22 64
204300 27 51
204300 27 68
204600 11 44
204600 63 70
204900 8 58
204900 14 58
204900 19 27
204900 27 50
204900 27 84
204900 27 35
204900 27 52
204900 27 75
204900 35 75
204900 35 38
204900 45 58
204900 58 72
205200 28 69
205500 17 18
205500 42 43
205500 45 58
205800 3 80
206100 7 16
206100 29 53
206100 49 52
206400 11 44
206400 11 30
206400 24 48
206700 1 78
206700 7 78
206700 21 76
206700 24 48
206700 77 82
207000 24 48
207000 31 32
207300 29 53
207600 0 14
207600 7 78
207600 9 62
207600 21 84
207600 21 56
207600 29 53
207600 52 87
207900 12 56
207900 56 58
208200 42 86
208200 55 86
208500 17 68
208500 36 50
208800 30 66
208800 32 91
208800 34 72
208800 53 63
209100 26 52
209100 29 53
209400 29 63
209700 4 50
209700 15 67
209700 28 69
209700 30 66
209700 44 51
209700 52 75
209700 55 86
210000 23 30
210000 24 48
210300 19 50
210300 19 75
210300 27 60
210300 35 50
210300 35 75
210300 50 75
210600 15 33
210900 12 78
211200 3 22
211200 11 24
211200 42 79
211200 52 79
211200 55 79
211500 29 53
211500 30 62
211500 49 52
211800 12 42
212100 7 88
212400 5 22
212400 5 72
212400 5 37
212400 22 37
212400 22 72
212400 22 26
212400 26 37
212400 29 53
212400 37 72
212400 37 90
212700 11 44
213000 28 70
213000 38 39
213300 5 37
213300 5 13
213300 5 74
213300 9 62
213300 74 81
213600 0 48
213600 8 90
213600 29 53
213900 14 18
213900 25 58
213900 29 53
213900 35 75
213900 50 75
213900 53 63
213900 56 60
214200 38 58
214200 59 78
214200 76 78
214500 24 45
214500 29 53
214500 37 58
214500 44 51
214800 1 65
214800 8 39
214800 8 85
214800 9 62
214800 14 45
214800 29 63
214800 38 45
214800 41 86
214800 50 75
214800 53 70
214800 75 79
215100 12 60
215100 19 75
215100 35 75
215100 35 50
215100 50 75
215100 50 52
215100 52 75
215400 31 71
215700 58 65
215700 76 78
215700 76 81
215700 78 81
216000 2 15
216000 3 14
216000 7 50
216000 9 62
216000 9 73
216300 35 75
216300 76 84
216600 6 12
216600 6 26
216600 9 62
216600 9 26
216600 12 46
216600 14 24
216900 9 63
216900 9 73
216900 9 28
216900 9 69
216900 24 48
216900 28 70
216900 37 65
216900 53 70
216900 61 62
217200 11 48
217200 49 84
217200 50 74
217200 75 88
217200 79 88
217500 15 67
217500 30 66
217500 37 58
217500 37 77
217500 52 75
217500 62 73
217500 64 82
217500 65 82
217800 9 73
218100 11 26
218100 35 75
218400 35 52
218700 35 75
218700 50 86
219000 3 85
219000 50 86
219300 22 32
219600 24 48
219600 52 84
219600 53 63
219900 28 69
219900 46 89
220200 2 60
220200 28 53
220200 39 58
220200 58 65
220500 37 84
220500 49 86
220500 50 74
220500 58 84
220800 21 84
221100 14 58
221100 25 79
221400 14 58
221400 22 38
221700 14 37
221700 37 58
221700 44 51
222000 24 48
222000 26 71
222000 29 53
222000 35 75
222300 15 60
222300 21 60
222300 85 90
222600 8 26
222600 44 51
222900 35 75
223200 0 14
223200 16 59
223200 53 69
223500 29 53
223800 52 79
224100 3 18
224100 9 62
224100 18 65
224100 29 53
224400 17 68
224400 29 53
224400 35 49
224400 57 60
224700 3 19
224700 3 14
224700 9 14
224700 19 42
224700 29 63
225000 2 88
225000 7 58
225300 7 76
225300 12 16
225300 14 37
225300 27 81
225300 35 75
225600 17 68
225600 17 34
225600 34 68
225600 35 75
225600 36 75
225600 75 86
225900 11 23
225900 23 69
225900 45 58
226200 0 14
226200 14 37
226200 17 18
226200 28 30
226200 64 77
226500 7 58
226500 7 25
226500 21 69
226500 25 58
226500 27 76
226500 28 66
226500 75 79
226500 76 78
226800 1 33
226800 1 2
226800 1 6
226800 2 6
226800 6 84
226800 6 33
226800 10 84
226800 12 44
226800 33 44
226800 39 51
226800 51 58
226800 51 65
226800 56 84
226800 58 65
226800 67 84
227100 9 28
227100 9 63
227100 28 69
227100 37 77
227400 44 51
227400 58 65
227700 23 30
227700 45 72
227700 45 65
227700 49 74
227700 50 86
227700 52 84
227700 65 72
228000 22 38
228000 29 53
228000 29 30
228000 29 66
228000 30 53
228300 29 63
228600 6 88
228600 18 37
228600 22 85
228600 23 69
228600 28 62
228900 9 73
228900 50 86
229200 9 63
229200 9 28
229200 61 62
229500 3 72
229500 22 38
229500 22 32
229800 9 73
229800 49 73
229800 50 86
229800 57 60
230100 28 69
230100 37 82
230400 8 26
230400 21 61
230400 22 64
230700 24 48
230700 37 58
231000 7 27
231300 1 40
231300 2 12
231300 7 40
231300 12 72
231300 58 72
231600 24 48
231600 35 52
231600 39 45
231600 57 62
231900 29 53
231900 59 76
232200 13 88
232200 21 88
232200 29 53
232200 29 69
232200 45 83
232200 50 74
232200 55 79
232500 9 62
232500 9 66
232500 14 48
232500 24 32
232500 50 75
232500 59 76
232800 9 62
232800 38 58
232800 38 45
232800 59 78
232800 76 78
233100 1 78
233100 9 19
233100 19 42
233100 19 50
233100 33 88
233100 58 72
233100 62 73
233400 50 86
233700 25 87
234000 16 76
234000 32 38
234300 9 73
234600 1 16
234600 2 6
234600 2 10
234600 6 40
234600 6 27
234600 6 10
234600 10 16
234600 10 40
234600 12 77
234600 12 44
234600 16 33
234600 17 18
234600 24 48
234600 27 40
234600 27 46
234600 27 65
234600 27 57
234600 39 65
234600 46 56
234600 46 57
234900 14 72
234900 30 73
234900 30 69
234900 53 69
235200 9 63
235200 37 77
235500 17 68
235500 18 34
235500 35 75
235500 35 36
235500 36 75
235800 29 53
235800 37 58
235800 62 69
236100 29 63
236100 50 86
236400 9 66
236400 9 62
236400 30 66
236400 50 74
236400 58 72
236700 9 73
236700 29 53
236700 53 73
237000 11 24
237000 19 59
237000 19 76
237000 37 72
237000 59 76
237000 70 73
237300 1 6
237300 1 59
237300 1 88
237300 7 81
237300 29 53
237600 1 27
237600 1 7
237600 6 27
237600 6 7
237600 27 33
237600 29 63
237600 37 58
237600 44 65
237900 9 73
238200 29 53
238200 39 51
238200 53 63
238200 53 69
238200 66 69
238500 9 62
238500 9 45
238500 12 57
238500 13 50
238500 14 85
238500 14 24
238500 27 75
238500 45 61
238500 45 83
238500 50 74
238800 6 58
238800 6 7
238800 7 58
238800 8 14
238800 9 62
238800 14 37
238800 35 75
239100 22 64
239400 4 86
239400 7 12
239400 9 28
239400 9 63
239400 37 58
239400 52 87
239700 14 71
239700 44 51
239700 50 86
240000 5 34
240000 5 37
240000 7 27
240000 23 30
240000 30 34
240300 7 25
240300 7 16
240300 30 66
240300 61 69
240600 22 64
240600 24 48
240600 77 82
240900 14 58
240900 53 66
241200 9 62
241200 77 82
241500 28 69
241500 29 53
241500 37 82
241500 44 51
241800 8 26
241800 42 59
241800 53 63
242100 14 58
242100 21 61
242400 28 84
242400 39 51
242700 0 48
242700 8 90
242700 16 84
242700 29 53
243000 45 58
243000 45 72
243000 63 70
243300 9 46
243300 55 84
243600 9 73
243600 28 53
243600 50 74
243900 4 79
243900 16 84
244200 8 26
244200 26 32
244200 38 90
244200 38 85
244200 58 90
244200 58 85
244200 85 90
244500 14 58
244500 21 76
244800 9 62
244800 17 18
244800 50 86
244800 79 87
245100 29 53
245400 4 86
245400 52 86
245700 9 62
245700 9 19
245700 22 64
245700 24 48
245700 38 44
246000 24 48
246300 1 59
246300 1 88
246300 1 84
246300 11 24
246300 12 88
246300 15 88
246300 23 69
246300 24 55
246600 0 48
246600 9 62
246600 15 67
246600 16 59
246600 24 48
246600 28 30
246600 28 69
246600 44 51
246600 52 75
246600 62 73
246900 9 73
246900 9 62
246900 17 18
246900 50 74
246900 53 69
247200 9 62
247200 27 88
247200 28 69
247200 29 53
247500 44 86
247500 58 65
247800 3 51
247800 3 23
247800 23 49
247800 28 69
247800 42 51
247800 52 75
247800 80 90
248100 1 88
248100 1 59
248100 22 32
248400 32 80
248400 50 74
248700 12 78
248700 58 65
248700 84 89
249000 24 58
249000 32 80
249000 67 76
249300 4 86
249300 23 29
249300 29 53
249600 8 30
249600 8 90
249600 9 73
249600 15 67
249600 52 75
249600 53 73
249900 7 88
249900 22 64
249900 59 67
249900 61 66
250200 17 18
250200 45 65
250200 49 52
250200 52 86
250500 21 56
250500 36 50
250800 14 24
250800 21 69
250800 29 53
250800 85 91
251100 9 73
251100 29 63
251400 29 53
251400 69 70
251700 9 62
251700 15 33
251700 44 52
251700 62 73
252000 0 24
252000 5 24
252000 39 58
252000 79 88
252300 14 24
252600 1 12
252600 9 73
252600 9 62
252600 51 71
252900 7 16
252900 7 58
253200 7 58
253200 15 33
253200 44 52
253500 35 75
253500 62 73
253800 22 64
253800 40 88
253800 44 51
253800 67 78
254100 0 48
254100 4 50
254100 9 62
254100 9 73
254100 15 67
254100 52 75
254400 22 50
254700 19 62
254700 22 64
254700 77 82
255000 15 33
255300 29 53
255300 29 63
255300 45 65
255300 45 85
255300 58 65
255600 21 84
255600 30 66
255600 55 86
255900 29 63
256200 14 47
256200 32 38
256500 14 72
256500 28 53
256800 28 53
256800 44 51
257100 6 40
257100 24 45
257100 49 86
257100 57 60
257400 14 58
257400 14 37
257400 22 91
257400 23 30
257400 38 80
257400 85 91
257700 8 37
257700 37 82
257700 37 58
257700 58 82
258000 25 86
258000 29 53
258000 50 86
258300 2 15
258300 9 73
258300 17 18
258300 35 75
258600 28 70
258600 39 72
258600 72 90
258900 3 80
258900 28 53
258900 49 55
259200 49 55
259500 7 58
259500 29 53
259500 35 48
259500 55 79
259800 2 15
259800 17 18
259800 35 75
259800 79 87
260100 0 45
260100 3 5
260100 9 29
260100 9 30
260100 9 70
260100 9 28
260400 49 55
260400 50 86
260700 17 18
260700 32 38
261000 21 69
261000 29 53
261000 75 79
261300 2 15
261300 23 30
261600 1 84
261600 1 59
261600 6 84
261600 9 73
261600 20 84
261600 28 69
261600 67 84
261600 84 88
261900 3 5
261900 9 29
261900 11 48
261900 11 24
261900 24 48
261900 57 88
261900 74 86
262200 29 53
262500 0 14
262500 7 16
262500 8 90
262500 8 60
262500 9 69
262500 17 68
262500 17 18
262800 1 16
262800 35 84
262800 35 52
263100 7 76
263400 23 69
263700 9 62
263700 29 53
264000 5 72
264000 9 62
264000 49 86
264300 35 75
264300 55 86
264600 5 24
264600 7 16
264600 8 26
264600 14 90
264600 18 37
264900 11 44
265200 29 53
265200 50 86
265500 39 58
265500 79 84
265500 79 88
265800 20 35
265800 39 45
265800 42 79
266100 35 52
266100 44 77
266100 56 84
266400 9 73
266400 28 84
266400 28 76
266400 76 84
266700 0 24
266700 50 86
266700 56 84
267000 3 58
267300 29 63
267300 50 84
267300 58 65
267300 59 76
267300 76 81
267600 9 30
267600 12 76
267600 21 56
267600 22 64
267600 38 45
267600 56 76
267900 3 44
267900 5 72
267900 7 58
267900 9 23
268200 29 53
268200 35 49
268200 37 84
268200 58 84
268500 2 15
268500 2 3
268500 2 48
268500 15 48
268500 24 48
268500 24 49
268500 35 75
268500 48 49
268800 8 26
268800 9 28
268800 9 62
268800 22 64
268800 28 73
269100 22 85
269100 61 69
269400 22 64
269400 24 48
269700 3 14
269700 7 88
269700 9 63
269700 9 28
270000 8 85
270000 8 37
270000 9 62
270000 21 61
270000 59 76
270300 3 24
270300 14 45
270300 24 29
270300 24 53
270300 24 28
270300 29 53
270300 44 51
270600 22 85
270900 11 48
270900 12 49
270900 49 67
270900 58 65
270900 60 89
271200 6 40
271200 15 33
271200 38 45
271200 44 52
271500 20 40
271500 29 53
271800 7 76
271800 9 63
272100 17 18
272100 45 65
272400 9 62
272400 18 34
272400 21 66
272400 29 69
272400 45 83
272400 50 74
272400 55 79
272400 57 60
272700 7 50
273000 16 61
273000 23 53
273000 28 69
273000 30 53
273300 28 84
273600 15 33
273900 12 58
273900 58 72
273900 59 78
273900 65 72
274200 24 48
274200 46 84
274200 79 86
274500 11 44
274500 44 53
274500 53 70
274800 7 46
274800 17 34
274800 17 18
274800 17 46
274800 32 85
274800 32 38
274800 35 75
274800 64 77
275100 29 70
275100 44 72
275100 53 70
275400 28 84
275400 39 51
275700 11 23
276000 34 86
276300 0 24
276300 17 18
276300 79 87
276300 84 87
276600 37 58
276900 29 53
276900 53 70
276900 59 76
277200 29 63
277500 5 18
277800 0 45
277800 7 78
277800 7 21
277800 14 24
278100 28 53
278400 7 59
278400 8 90
278400 24 48
278400 79 86
