0 30 66
0 32 91
0 34 72
0 53 63
300 22 85
300 61 69
600 5 21
600 21 84
900 22 32
900 53 70
1200 0 48
1200 9 62
1200 15 67
1200 16 59
1200 24 48
1200 28 30
1200 28 69
1200 44 51
1200 52 75
1200 62 73
1500 9 63
1500 9 28
1800 3 53
1800 7 33
1800 11 56
1800 22 32
1800 22 45
1800 28 70
1800 44 51
1800 53 70
1800 53 61
2100 28 69
2100 29 53
2100 44 51
2400 32 38
2700 29 69
2700 66 69
3000 4 50
3000 9 62
3000 23 30
3000 30 44
3000 35 52
3000 46 49
3000 49 86
3000 53 70
3300 4 50
3300 5 24
3300 7 57
3300 8 26
3300 9 62
3300 13 50
3300 14 90
3300 14 37
3300 32 80
3300 37 90
3600 0 24
3600 9 66
3600 23 29
3900 14 24
3900 50 55
4200 5 24
4200 7 16
4200 8 26
4200 14 90
4200 18 37
4500 0 24
4500 5 24
4500 39 58
4500 79 88
4800 0 51
4800 17 18
4800 26 65
4800 29 53
4800 45 72
5100 5 11
5100 8 85
5100 9 62
5100 12 29
5100 22 51
5100 29 53
5100 38 45
5100 40 41
5100 50 75
5100 61 90
5400 34 84
5400 35 75
5400 55 74
5400 67 84
5700 14 18
5700 25 58
5700 29 53
5700 35 75
5700 50 75
5700 53 63
5700 56 60
6000 14 71
6000 44 51
6000 50 86
6300 7 25
6300 16 25
6300 30 66
6600 17 18
6600 35 75
6600 39 90
6900 5 18
6900 5 11
6900 62 73
7200 22 64
7200 45 85
7200 45 65
7200 65 85
7500 22 64
7500 35 52
7500 44 51
7500 46 89
7800 0 14
7800 41 79
7800 53 69
7800 77 82
8100 9 62
8100 29 53
8400 0 14
8400 7 16
8400 8 60
8400 8 90
8400 9 62
8400 53 66
8700 5 84
8700 22 77
8700 24 48
9000 0 24
9000 19 42
9000 19 50
9000 20 35
9000 22 32
9000 55 79
9000 84 87
9300 7 27
9300 27 60
9300 27 57
9300 28 61
9300 29 53
9300 49 74
9300 57 60
9600 2 28
9600 2 39
9600 11 34
9600 28 38
9600 61 86
9600 77 86
9900 25 36
9900 53 63
10200 14 24
10200 14 58
10200 24 58
10500 28 29
10500 49 86
10800 32 80
10800 50 74
11100 53 70
11400 7 33
11400 58 72
11400 64 77
11700 29 53
12000 24 44
12000 29 63
12300 28 70
12600 21 69
12600 29 63
12900 7 58
12900 15 33
12900 44 52
13200 21 27
13200 21 59
13200 34 45
13200 54 71
13500 14 65
13500 14 45
13500 22 64
13500 29 53
13500 39 58
13500 39 85
13500 46 89
13500 58 85
13500 58 65
13800 55 79
14100 7 25
14100 28 69
14400 20 40
14400 29 53
14700 17 68
14700 17 34
14700 34 68
14700 35 75
14700 36 75
14700 75 86
15000 24 48
15000 26 71
15000 29 53
15000 35 75
15300 9 62
15300 29 53
15600 17 68
15600 18 34
15600 35 75
15600 35 36
15600 36 75
15900 9 73
15900 50 86
16200 8 26
16200 9 62
16200 52 84
16500 5 22
16500 23 61
16800 4 36
16800 14 24
16800 27 56
16800 27 60
16800 28 53
16800 29 70
16800 29 53
16800 45 65
16800 65 72
17100 22 85
17400 14 58
17400 21 76
17700 14 58
17700 21 40
17700 47 58
18000 15 33
18300 15 67
18300 30 66
18300 37 58
18300 37 77
18300 52 75
18300 62 73
18300 64 82
18300 65 82
18600 1 78
18600 29 70
18600 45 65
18900 16 46
18900 35 84
18900 44 51
18900 57 88
19200 21 84
19200 23 29
19200 51 65
19500 5 37
19500 5 13
19500 5 74
19500 9 62
19500 74 81
19800 9 62
20100 29 53
20400 29 53
20700 3 44
20700 5 72
20700 7 58
20700 9 23
21000 5 75
21300 8 26
21600 16 78
21600 28 73
21600 53 63
21600 70 73
21600 75 79
21900 14 32
22200 12 44
22200 12 58
22200 12 77
22200 24 48
22200 58 65
22500 9 66
22500 14 24
22500 24 58
22500 28 84
22800 5 37
22800 5 18
22800 14 77
22800 18 37
22800 64 77
23100 69 70
23400 18 90
23400 23 30
23400 35 75
23400 46 84
23400 50 86
23400 50 60
23400 57 88
23400 62 73
23700 37 84
23700 49 86
23700 50 74
23700 58 84
24000 3 22
24000 11 24
24000 42 79
24000 52 79
24000 55 79
24300 5 18
24300 29 90
24300 44 51
24300 45 64
24300 81 88
24600 29 53
24600 69 70
24900 24 48
24900 26 31
25200 12 44
25200 58 65
25500 35 75
25500 45 65
25500 56 86
25500 56 84
25500 84 86
25800 11 57
25800 22 64
25800 29 30
25800 30 63
25800 47 58
25800 56 57
26100 8 26
26100 44 51
26400 2 15
26400 9 73
26400 9 30
26400 29 63
26400 61 63
26700 9 62
26700 17 68
26700 18 68
27000 29 53
27000 37 58
27000 50 86
27000 51 65
27300 9 62
27300 16 76
27300 17 68
27300 21 61
27300 24 37
27300 35 75
27300 42 75
27300 45 90
27300 55 79
27300 59 76
27600 0 14
27900 17 68
27900 29 53
27900 35 49
27900 57 60
28200 9 19
28200 9 62
28200 9 73
28200 19 73
28200 45 65
28200 62 73
28500 7 56
28500 9 62
28800 9 30
28800 12 76
28800 21 56
28800 22 64
28800 38 45
28800 56 76
29100 24 59
29100 29 53
29100 45 90
29100 53 63
29400 4 79
29400 9 29
29400 27 81
29700 11 24
29700 24 48
30000 19 73
30000 52 75
30300 7 58
30300 12 15
30300 15 33
30600 7 58
30600 7 25
30600 21 69
30600 25 58
30600 27 76
30600 28 66
30600 75 79
30600 76 78
30900 15 60
31200 42 84
31200 52 84
31200 53 63
31500 2 6
31500 5 51
31500 5 39
31500 6 10
31500 7 16
31500 9 62
31500 14 82
31800 3 5
31800 29 63
32100 58 65
32100 76 84
32400 3 5
32400 29 63
32700 12 59
32700 50 86
32700 75 84
33000 21 84
33300 14 24
33300 29 63
33300 35 75
33300 59 76
33600 0 14
33600 0 3
33600 3 14
33600 7 78
33900 11 44
33900 44 53
33900 53 70
34200 9 73
34200 35 50
34200 50 86
34200 50 84
34500 0 24
34500 50 86
34500 56 84
34800 0 14
34800 3 14
34800 8 90
34800 9 69
34800 16 84
34800 30 53
34800 65 82
35100 29 53
35100 53 70
35100 59 76
35400 24 48
35400 46 84
35400 79 86
35700 12 59
35700 20 84
35700 37 58
35700 59 76
36000 29 70
36000 44 72
36000 53 70
36300 29 70
36600 11 24
36900 8 26
36900 9 62
36900 9 28
36900 28 73
36900 28 62
36900 50 52
36900 50 86
37200 8 26
37200 22 71
37200 38 85
37200 38 90
37200 39 65
37200 58 85
37200 72 90
37500 24 48
37800 8 90
37800 8 58
37800 45 58
37800 70 73
38100 24 45
38100 25 47
38100 27 57
38100 53 70
38400 0 14
38400 18 45
38400 35 52
38700 1 7
38700 9 73
38700 9 62
38700 14 51
38700 23 29
38700 28 29
38700 29 53
38700 49 55
39000 28 53
39300 18 37
39300 29 53
39300 35 55
39300 39 72
39300 80 85
39600 8 26
39600 42 59
39600 53 63
39900 8 26
39900 23 30
39900 23 53
39900 29 53
39900 30 53
39900 39 58
40200 4 50
40200 15 67
40200 28 69
40200 30 66
40200 44 51
40200 52 75
40200 55 86
40500 9 73
40500 49 73
40500 50 86
40500 57 60
40800 9 62
40800 15 33
40800 35 75
40800 52 55
40800 60 81
41100 9 62
41100 14 24
41100 19 58
41100 21 69
41100 25 79
41100 39 51
41100 51 65
41100 58 72
41100 65 72
41100 66 70
41400 7 81
41400 14 45
41400 57 60
41700 29 53
41700 39 51
41700 53 63
41700 53 69
41700 66 69
42000 9 62
42000 22 85
42000 29 53
42000 29 30
42000 50 86
42300 14 58
42300 21 61
42600 2 28
42600 5 22
42600 22 85
42900 0 24
42900 45 58
42900 50 86
42900 55 74
43200 21 69
43200 29 53
43200 75 79
43500 9 62
43500 38 58
43500 38 45
43500 45 58
43800 29 63
44100 9 73
44100 29 53
44100 53 73
44400 22 64
44400 24 48
44700 1 7
44700 1 27
44700 7 27
44700 14 37
44700 29 53
45000 50 86
45300 26 32
45300 57 60
45600 18 37
45600 53 70
45900 7 78
45900 28 69
45900 28 66
45900 42 51
45900 46 60
46200 29 63
46200 37 77
46200 55 86
46500 9 62
46500 9 53
46500 12 58
46500 12 44
46500 12 77
46500 39 65
46500 39 58
46500 44 65
46500 53 70
46500 58 65
46800 6 88
46800 18 37
46800 22 85
46800 23 69
46800 28 62
47100 9 73
47100 29 63
47400 11 58
47400 27 64
47400 28 53
47400 53 70
47400 85 90
47700 23 30
47700 42 76
47700 49 55
48000 37 84
48300 28 29
48300 29 70
48600 11 24
48600 49 55
48900 28 69
48900 29 70
48900 44 51
49200 3 72
49200 22 32
49200 52 79
49200 62 73
49200 79 86
49500 14 48
49500 23 30
49500 24 48
49500 39 58
49500 45 58
49500 45 72
49500 58 72
49800 17 18
49800 22 32
49800 79 87
49800 84 87
50100 0 24
50100 5 34
50100 23 29
50100 29 30
50400 6 40
50400 9 73
50400 9 61
50400 50 86
50700 9 63
50700 9 73
50700 9 28
50700 9 69
50700 24 48
50700 28 70
50700 37 65
50700 53 70
50700 61 62
51000 17 18
51000 45 65
51300 7 25
51300 35 84
51300 52 84
51600 3 45
51900 7 12
51900 22 32
52200 1 40
52200 1 6
52200 6 60
52200 27 84
52200 44 65
52200 58 65
52500 7 58
52500 21 84
52500 24 45
52500 56 60
52800 35 75
52800 44 51
53100 21 59
53400 6 12
53400 6 26
53400 9 62
53400 9 26
53400 12 46
53400 14 24
53700 28 69
54000 53 69
54000 61 69
54300 11 23
54300 23 69
54300 53 63
54600 5 34
54600 29 63
54900 4 52
54900 9 73
54900 9 69
54900 9 62
54900 29 53
54900 52 55
54900 55 79
54900 67 76
55200 3 43
55200 29 53
55500 2 39
55500 5 48
55500 12 48
55500 12 14
55500 12 20
55500 14 20
55500 14 58
55500 14 78
55500 20 58
55500 20 78
55500 24 87
55500 29 39
55500 31 58
55500 58 78
55800 14 58
55800 22 38
56100 9 69
56100 9 66
56100 9 62
56100 12 57
56100 27 75
56100 50 74
56100 62 69
56100 80 85
56400 3 72
56400 22 38
56400 22 32
56700 9 63
56700 28 70
56700 28 53
56700 37 65
56700 53 70
56700 61 62
57000 49 55
57300 3 14
57300 3 44
57300 9 73
57300 9 19
57300 9 62
57300 11 44
57300 19 73
57300 29 63
57300 62 73
57300 62 66
57600 4 48
57600 8 34
57600 8 90
57600 8 58
57600 11 24
57600 27 76
57600 27 81
57600 45 58
57900 9 62
57900 77 82
58200 21 84
58200 22 85
58500 21 56
58500 22 64
58500 24 48
58500 35 79
58500 77 82
58800 14 37
58800 35 87
58800 35 52
58800 44 51
59100 53 62
59100 76 78
59400 5 37
59400 5 34
59400 7 27
59400 7 88
59400 27 88
59400 34 37
59700 0 24
59700 4 84
59700 35 52
59700 55 79
60000 1 15
60000 29 63
60000 55 79
60000 56 87
60000 75 79
60300 5 18
60300 11 24
60300 79 84
60600 9 73
60600 63 70
60900 49 55
60900 50 86
61200 22 85
61200 46 89
61500 7 88
61500 9 62
61500 52 75
61800 9 62
61800 9 45
61800 12 57
61800 13 50
61800 14 85
61800 14 24
61800 27 75
61800 45 61
61800 45 83
61800 50 74
62100 7 25
62100 16 25
62100 30 66
62100 50 86
62400 0 48
62400 8 90
62400 16 84
62400 29 53
62700 9 62
62700 16 88
62700 23 53
62700 28 73
62700 29 73
62700 35 52
62700 53 73
63000 11 44
63000 11 30
63000 24 48
63300 0 48
63300 9 69
63300 9 43
63300 9 73
63300 15 67
63300 23 69
63300 30 66
63300 44 51
63300 52 75
63300 62 73
63300 69 73
63600 9 62
63600 11 44
63900 14 24
63900 28 84
63900 39 51
64200 5 85
64200 5 72
64200 55 86
64200 72 80
64200 80 85
64500 51 54
64500 63 89
64800 37 58
65100 0 24
65100 20 84
65100 35 52
65100 35 84
65100 55 79
65100 56 87
65100 56 84
65400 11 86
65400 12 86
65400 76 78
65700 3 24
65700 14 45
65700 24 29
65700 24 53
65700 24 28
65700 29 53
65700 44 51
66000 22 64
66000 24 48
66000 44 51
66000 77 82
66300 14 72
66300 14 34
66300 14 85
66300 24 48
66300 27 75
66300 27 35
66300 35 75
66600 5 14
66900 14 44
66900 14 22
67200 30 57
67200 51 90
67200 52 75
67200 56 59
67200 58 65
67200 59 78
67500 1 7
67500 17 18
67500 55 79
67500 75 79
67800 9 46
67800 55 84
68100 17 18
68100 21 56
68100 21 59
68100 24 48
68100 32 58
68400 17 18
68700 24 48
68700 46 84
68700 74 79
69000 55 79
69300 11 48
69300 22 32
69300 58 65
69600 12 44
69900 7 50
70200 25 87
70500 44 51
70500 58 65
70800 18 37
70800 23 30
70800 38 91
71100 0 65
71100 0 14
71100 22 64
71100 24 48
71100 44 51
71400 0 14
71400 53 70
71400 60 79
71700 29 53
72000 5 18
72000 7 88
72000 16 88
72000 28 73
72000 29 53
72000 39 51
72000 49 86
72000 49 55
72000 55 86
72300 28 69
72300 30 53
72300 53 70
72600 29 53
72900 29 53
73200 0 48
73200 4 50
73200 9 62
73200 9 73
73200 15 67
73200 52 75
73500 24 28
73500 29 53
73800 45 83
73800 55 79
73800 58 72
73800 58 85
73800 80 85
74100 15 33
74100 50 86
74100 60 81
74100 76 88
74400 4 86
74400 9 73
74400 9 62
74400 24 48
74700 2 15
74700 5 11
74700 14 19
74700 17 18
74700 19 79
74700 42 79
75000 40 56
75300 28 84
75300 39 51
75600 59 76
75900 11 84
75900 12 84
75900 16 33
75900 29 53
75900 42 43
75900 49 84
75900 49 58
75900 49 64
75900 58 84
75900 64 77
75900 79 88
76200 3 85
76200 22 85
76500 5 72
76500 49 55
76500 49 86
76500 55 86
76800 29 63
77100 5 14
77100 9 62
77100 37 58
77100 44 45
77400 29 70
77400 29 69
77400 29 53
77400 53 63
77400 59 78
77400 85 91
77700 0 24
78000 23 69
78300 7 58
78300 24 35
78300 29 53
78300 49 52
78300 55 79
78600 0 24
78600 21 42
78600 22 38
78600 24 45
78600 25 28
78600 27 57
78600 67 76
78900 1 16
78900 2 15
78900 31 71
78900 33 40
79200 14 72
79200 28 53
79500 21 84
79500 24 48
79500 35 75
79500 55 79
79800 15 27
79800 23 30
79800 29 71
79800 37 58
80100 34 84
80100 35 75
80100 35 50
80100 37 84
80100 50 86
80100 75 86
80400 28 53
80400 44 51
80700 44 51
80700 57 62
81000 22 38
81300 22 64
81300 28 57
81300 37 58
81600 7 16
81600 9 29
81600 22 32
81600 52 55
81600 55 74
81900 8 58
81900 14 58
81900 19 27
81900 27 50
81900 27 84
81900 27 35
81900 27 52
81900 27 75
81900 35 75
81900 35 38
81900 45 58
81900 58 72
82200 24 48
82500 8 16
82500 28 69
82800 29 53
82800 52 86
83100 11 24
83100 11 51
83100 17 68
83100 22 64
83100 27 51
83100 27 68
83400 0 14
83400 14 37
83400 17 18
83400 37 82
83700 11 23
83700 17 18
83700 23 69
83700 35 74
83700 62 73
84000 29 53
84000 37 58
84300 29 53
84300 51 65
84600 17 18
84900 7 78
84900 8 26
84900 14 24
84900 14 64
84900 17 68
84900 29 53
85200 15 33
85200 46 76
85200 60 81
85500 14 37
85500 17 68
85800 8 26
85800 14 44
85800 52 79
86100 0 48
86100 8 90
86100 29 53
86400 12 58
86400 58 72
86400 59 78
86400 65 72
86700 29 53
87000 23 30
87000 24 48
87300 58 65
87300 76 78
87300 76 81
87300 78 81
87600 5 85
87600 5 80
87600 21 84
87600 28 69
87900 5 54
87900 7 59
87900 9 62
87900 62 69
88200 8 26
88200 50 74
88500 4 49
88500 29 53
88500 57 88
88800 0 14
89100 19 73
89100 29 63
89100 56 84
89400 5 18
89400 7 88
89400 8 26
89400 53 63
89700 7 76
89700 9 63
90000 17 80
90000 21 84
90000 24 48
90000 35 75
90000 46 84
90300 6 40
90300 9 30
90300 9 29
90300 28 29
90300 28 53
90300 29 53
90600 7 21
90600 7 78
90600 17 68
90600 21 78
90600 29 53
90600 36 50
90900 42 51
90900 46 60
90900 53 70
91200 17 68
91200 36 50
91500 1 76
91500 37 58
91800 49 74
92100 7 76
92400 29 63
92700 3 68
92700 29 63
93000 24 45
93000 55 79
93000 69 73
93300 12 43
93600 35 52
93900 19 86
94200 3 68
94200 9 62
94200 28 69
94200 37 77
94200 52 75
94200 62 73
94500 24 48
94500 42 43
94500 44 45
94500 48 49
94500 53 70
94500 79 88
94800 1 6
94800 1 59
94800 1 88
94800 7 81
94800 29 53
95100 9 73
95100 28 53
95100 50 74
95400 9 53
95400 29 53
95400 37 58
95400 50 86
95400 53 73
95700 11 48
95700 49 84
95700 50 74
95700 75 88
95700 79 88
96000 8 37
96000 37 82
96000 37 58
96000 58 82
96300 2 84
96300 3 68
96300 9 62
96300 9 30
96300 24 48
96300 52 75
96300 62 73
96600 52 79
96900 7 16
96900 29 53
96900 49 52
97200 7 78
97200 9 69
97200 9 29
97200 29 63
97500 29 53
97500 29 63
97800 6 40
97800 24 45
97800 49 86
97800 57 60
98100 28 70
98100 39 72
98100 72 90
98400 50 86
98700 29 63
98700 50 84
98700 58 65
98700 59 76
98700 76 81
99000 29 53
99000 37 58
99300 23 53
99300 28 69
99300 35 52
99300 46 50
99300 50 86
99300 53 70
99600 9 63
99600 9 28
99600 61 62
99900 36 50
100200 3 37
100200 9 30
100200 32 88
100500 1 33
100500 1 2
100500 1 6
100500 2 6
100500 6 84
100500 6 33
100500 10 84
100500 12 44
100500 33 44
100500 39 51
100500 51 58
100500 51 65
100500 56 84
100500 58 65
100500 67 84
100800 5 18
100800 12 77
100800 12 44
100800 12 64
100800 24 48
100800 39 65
100800 44 65
101100 11 69
101100 11 23
101100 23 69
101100 53 63
101400 8 85
101400 8 37
101400 9 62
101400 21 61
101400 59 76
101700 53 66
102000 14 72
102000 30 73
102000 30 69
102000 53 69
102300 11 23
102600 3 5
102600 29 73
102600 50 86
102900 29 53
102900 30 62
102900 49 52
103200 9 62
103200 18 90
103200 23 30
103200 50 60
103200 50 57
103200 57 88
103500 17 34
103500 28 70
103800 8 26
103800 29 53
103800 36 79
103800 36 55
103800 55 79
104100 21 61
104100 22 64
104100 57 88
104400 4 41
104400 27 57
104400 28 69
104700 52 79
105000 7 88
105300 7 16
105300 29 53
105300 45 58
105600 1 16
105600 8 26
105900 7 27
106200 5 72
106200 29 69
106200 29 53
106200 50 74
106200 53 69
106200 55 79
106500 11 44
106800 21 69
106800 24 45
107100 17 68
107100 22 85
107100 26 37
107100 28 70
107100 37 72
107100 55 86
107400 7 88
107400 22 64
107400 59 67
107400 61 66
107700 9 62
107700 29 53
107700 57 88
108000 11 44
108000 24 63
108000 37 82
108000 86 91
108300 28 69
108300 30 66
108300 52 75
108600 3 83
108600 50 74
108900 11 23
108900 21 30
108900 23 69
108900 37 58
108900 74 86
109200 22 64
109200 24 48
109200 77 82
109500 16 84
109500 28 73
109500 44 51
109800 35 52
110100 9 73
110100 45 70
110100 52 84
110100 53 70
110400 3 18
110400 9 62
110400 18 65
110400 29 53
110700 12 58
110700 39 58
110700 79 88
111000 11 44
111300 7 58
111600 44 86
111600 58 65
111900 14 58
111900 53 66
112200 52 79
112500 24 48
112500 37 58
112800 3 14
112800 7 88
112800 9 63
112800 9 28
113100 27 73
113100 29 53
113100 37 84
113100 49 86
113100 49 50
113400 5 11
113400 14 48
113400 28 73
113400 29 53
113400 39 51
113400 61 71
113400 70 73
113700 7 76
113700 8 26
113700 15 33
113700 23 29
113700 29 53
113700 53 63
114000 29 53
114000 35 75
114000 42 50
114300 5 18
114600 23 29
114900 34 84
114900 58 72
114900 80 85
115200 28 69
115200 46 60
115200 49 86
115200 49 55
115200 55 86
115500 26 52
115500 29 53
115800 11 48
115800 12 49
115800 49 67
115800 58 65
115800 60 89
116100 40 88
116100 55 74
116400 28 69
116400 37 82
116700 29 63
117000 5 14
117000 29 70
117000 44 51
117300 8 26
117300 9 62
117300 21 84
117600 9 62
117600 12 16
117600 35 75
117600 57 60
117600 57 88
117600 58 90
117900 17 18
117900 22 32
117900 79 87
118200 44 51
118200 77 82
118500 1 27
118500 1 7
118500 6 27
118500 6 7
118500 27 33
118500 29 63
118500 37 58
118500 44 65
118800 23 30
118800 45 72
118800 45 65
118800 49 74
118800 50 86
118800 52 84
118800 65 72
119100 7 46
119100 17 18
119100 17 68
119100 45 58
119400 28 70
119700 7 88
119700 9 62
119700 29 53
120000 53 63
120300 5 39
120300 14 58
120300 40 88
120300 49 55
120600 3 37
120600 8 26
120600 22 37
120600 23 30
120600 29 63
120600 37 90
120900 1 78
120900 9 19
120900 19 42
120900 19 50
120900 33 88
120900 58 72
120900 62 73
121200 3 80
121500 0 48
121500 9 77
121500 9 62
121500 28 73
121500 44 51
121800 0 48
121800 8 90
121800 9 80
121800 9 30
121800 15 67
121800 24 48
121800 30 53
121800 53 73
121800 53 62
122100 7 25
122100 22 64
122100 49 84
122100 50 84
122100 50 52
122100 52 84
122400 2 10
122400 6 10
122400 6 12
122400 11 58
122400 16 53
122400 16 70
122400 39 65
122400 44 51
122400 51 58
122400 51 65
122400 53 70
122400 58 65
122400 67 84
122400 79 84
122400 84 86
122700 8 26
122700 44 51
123000 29 53
123000 59 76
123300 58 59
123300 59 76
123300 59 78
123300 60 81
123300 76 88
123600 14 24
123900 22 32
124200 12 77
124200 12 84
124200 26 32
124200 77 84
124500 8 26
124500 28 70
124800 14 24
124800 18 47
125100 3 58
125400 5 47
125400 9 28
125400 9 63
125400 9 69
125400 9 73
125400 9 62
125400 24 48
125400 28 73
125700 24 48
125700 52 84
125700 53 63
126000 9 62
126000 9 19
126000 12 58
126000 14 37
126000 19 44
126000 21 61
126000 22 64
126000 29 53
126000 44 45
126000 44 58
126000 44 60
126000 53 63
126300 9 30
126300 9 28
126300 9 53
126300 17 18
126300 28 30
126300 28 73
126300 29 53
126300 44 51
126300 50 75
126600 35 75
126600 50 86
126900 9 66
126900 16 59
126900 50 59
126900 59 76
127200 29 53
127500 3 5
127500 9 62
127500 9 29
127500 11 24
127500 11 48
127500 18 37
127500 24 48
127800 4 86
127800 23 29
127800 29 53
128100 0 24
128400 3 44
128400 22 64
128400 44 51
128400 45 58
128700 3 11
128700 28 76
128700 57 76
129000 12 58
129000 43 58
129000 44 45
129000 79 88
129300 29 53
129300 37 58
129600 7 86
129900 9 73
129900 14 24
129900 59 76
130200 14 24
130200 22 77
130500 28 69
130500 65 91
130800 5 51
130800 5 35
130800 14 39
130800 17 51
130800 27 65
130800 27 72
130800 27 35
130800 27 75
130800 35 37
130800 35 45
130800 35 75
130800 45 58
130800 45 72
130800 51 68
130800 58 72
131100 27 60
131100 29 63
131100 37 58
131100 50 75
131400 5 24
131400 5 65
131400 9 66
131400 9 13
131400 24 32
131400 57 60
131700 24 45
131700 29 53
131700 44 51
132000 1 65
132000 8 39
132000 8 85
132000 9 62
132000 14 45
132000 29 63
132000 38 45
132000 41 86
132000 50 75
132000 53 70
132000 75 79
132300 9 62
132300 23 53
132300 23 73
132300 28 53
132300 28 73
132300 29 53
132300 39 51
132600 11 23
132900 25 87
133200 1 2
133200 2 10
133200 5 39
133200 6 10
133200 21 56
133200 45 58
133500 7 12
133500 38 69
133800 7 25
133800 7 16
133800 30 66
133800 61 69
134100 19 50
134100 19 75
134100 27 60
134100 35 50
134100 35 75
134100 50 75
134400 5 14
134400 6 88
134400 14 24
134400 28 30
134700 7 25
134700 19 79
134700 21 79
134700 21 61
134700 24 48
134700 24 45
134700 28 69
134700 61 66
134700 79 87
135000 17 68
135000 50 86
135300 38 58
135300 59 78
135300 76 78
135600 1 59
135600 29 53
135600 75 79
135900 7 58
135900 9 73
135900 24 35
135900 29 53
135900 35 48
135900 42 55
135900 49 52
136200 0 65
136200 14 65
136200 39 45
136500 0 14
136500 7 16
136500 8 60
136500 15 67
136800 29 53
137100 2 33
137100 24 87
137100 58 62
137400 9 63
137700 2 71
137700 14 58
137700 14 39
137700 14 24
137700 37 82
137700 39 58
137700 53 70
137700 58 82
138000 29 53
138000 57 88
138300 8 39
138300 8 85
138300 9 62
138300 38 45
138600 29 53
138600 52 87
138900 9 62
139200 5 11
139200 18 37
139200 29 53
139500 12 88
139500 22 85
139500 55 74
139800 7 76
140100 9 62
140100 24 31
140100 24 48
140100 31 48
140400 12 44
140400 17 56
140700 2 10
140700 2 6
140700 3 14
140700 6 10
140700 11 14
140700 14 34
140700 27 46
140700 44 51
141000 4 50
141000 4 52
141000 14 24
141000 21 69
141000 29 53
141300 29 63
141300 50 86
141600 1 12
141600 5 45
141600 9 73
141600 9 62
141900 22 85
141900 76 78
142200 28 30
142500 9 62
142500 50 86
142800 9 73
142800 9 62
143100 4 79
143100 37 58
143100 75 79
143400 49 55
143400 49 86
143400 50 86
143400 52 55
143700 28 69
144000 14 24
144000 21 69
144000 29 53
144000 85 91
144300 45 58
144300 45 72
144300 63 70
144600 1 12
144600 9 73
144600 9 62
144600 51 71
144900 11 44
144900 25 75
145200 22 72
145200 28 69
145500 7 84
145500 24 84
145500 27 84
145500 33 84
145500 51 58
145800 2 10
145800 2 40
145800 6 10
145800 21 88
145800 44 51
145800 57 88
146100 9 62
146100 9 66
146100 14 48
146100 24 32
146100 50 75
146100 59 76
146400 0 14
146400 12 88
146400 31 51
146400 51 71
146700 62 73
146700 71 83
147000 17 18
147300 5 22
147300 5 72
147300 5 37
147300 22 37
147300 22 72
147300 22 26
147300 26 37
147300 29 53
147300 37 72
147300 37 90
147600 9 28
147600 15 60
147600 16 76
147600 28 62
147600 35 50
147600 38 90
147600 39 65
147600 50 75
147600 85 90
147900 9 63
147900 28 70
147900 35 75
148200 50 86
148200 52 84
148200 52 75
148200 59 76
148200 75 84
148500 8 79
148500 14 24
148500 21 69
148500 29 53
148500 45 58
148800 29 53
148800 46 89
148800 69 70
149100 14 58
149100 21 61
149400 21 69
149400 21 61
149400 61 69
149700 12 78
150000 34 86
150300 6 40
150600 2 15
150600 2 33
150600 9 73
150600 9 62
150600 15 72
150600 29 63
150600 50 75
150600 58 86
150600 58 78
150600 58 59
150600 59 78
150600 72 86
150600 72 78
150600 72 75
150600 75 86
150900 7 46
150900 17 34
150900 17 18
150900 17 46
150900 32 85
150900 32 38
150900 35 75
150900 64 77
151200 11 44
151200 19 28
151200 25 86
151200 35 75
151200 35 52
151200 45 65
151200 52 75
151500 7 27
151500 8 17
151500 8 51
151500 8 39
151500 8 14
151500 14 51
151500 14 90
151500 19 51
151500 39 51
151500 51 90
151800 24 48
151800 29 53
151800 35 75
152100 29 70
152400 4 74
152400 24 48
152400 35 75
152700 1 33
152700 1 7
152700 5 72
152700 24 45
152700 37 58
152700 58 65
153000 1 40
153000 2 12
153000 7 40
153000 12 72
153000 58 72
153300 24 58
153300 32 80
153300 67 76
153600 15 33
153900 21 76
154200 64 77
154500 8 26
154500 42 43
154500 53 63
154800 25 88
154800 29 53
154800 38 51
154800 45 58
154800 51 72
155100 8 50
155100 9 62
155100 38 58
155100 38 45
155100 50 75
155400 11 77
155400 12 27
155400 17 34
155400 22 48
155400 27 81
155400 27 48
155400 27 77
155400 48 64
155400 64 77
155700 28 53
155700 44 51
156000 0 24
156000 32 91
156000 57 60
156300 23 49
156300 25 49
156300 28 69
156300 37 77
156300 52 75
156300 53 61
156600 0 24
156600 17 68
156900 7 84
156900 44 65
156900 58 65
157200 28 43
157200 39 51
157500 2 15
157500 3 14
157500 7 50
157500 9 62
157500 9 73
157800 3 19
157800 3 14
157800 9 14
157800 19 42
157800 29 63
158100 0 48
158100 8 90
158100 8 16
158100 29 53
158100 29 30
158100 62 73
158400 1 88
158400 1 59
158400 22 32
158700 14 85
158700 23 69
158700 23 31
158700 27 75
158700 31 69
159000 29 53
159000 29 63
159000 45 65
159000 45 85
159000 58 65
159300 7 16
159300 7 25
159300 16 25
159300 17 18
159300 30 66
159600 16 25
159600 52 87
159900 9 28
159900 9 63
159900 28 69
159900 37 77
160200 0 48
160200 4 86
160200 9 63
160200 21 84
160200 52 87
160500 9 73
160500 16 88
160500 21 69
160500 22 64
160500 53 70
160800 42 86
160800 55 86
161100 24 58
161400 24 48
161400 52 75
161400 69 70
161700 9 51
161700 9 39
161700 39 51
162000 9 62
162000 22 32
162000 76 78
162300 3 85
162300 50 86
162600 12 78
162600 58 65
162600 84 89
162900 9 62
162900 29 53
162900 37 58
162900 50 74
162900 57 88
163200 25 86
163200 29 53
163200 50 86
163500 2 15
163500 2 3
163500 2 48
163500 15 48
163500 24 48
163500 24 49
163500 35 75
163500 48 49
163800 9 69
163800 9 63
163800 24 48
163800 28 70
163800 53 70
163800 61 62
164100 7 78
164100 7 59
164100 20 52
164100 20 35
164100 25 35
164100 28 40
164100 28 73
164100 35 52
164100 35 84
164100 35 87
164100 40 84
164100 42 79
164100 52 84
164100 56 87
164100 56 84
164400 5 37
164400 24 48
164400 24 31
164400 31 48
164700 35 75
164700 62 73
165000 14 48
165000 14 24
165000 24 48
165000 53 63
165300 7 84
165300 16 84
165300 25 84
165300 64 77
165600 8 26
165600 22 91
165600 24 48
165600 29 91
165600 39 58
165600 42 43
165900 9 62
165900 18 34
165900 21 66
165900 29 69
165900 45 83
165900 50 74
165900 55 79
165900 57 60
166200 3 22
166200 28 66
166200 28 69
166500 7 16
166500 7 84
166500 7 25
166500 16 84
166500 16 25
166500 25 84
166500 50 84
166800 15 33
166800 25 55
166800 56 60
167100 9 73
167100 24 28
167100 29 53
167400 29 53
167400 37 58
167400 44 51
167400 67 76
167700 42 43
167700 42 72
167700 42 58
167700 58 72
168000 8 26
168000 21 61
168000 22 64
168300 8 26
168300 49 74
168600 0 14
168600 9 62
168600 12 32
168600 17 51
168600 21 56
168600 24 45
168600 28 62
168600 56 60
168900 7 12
168900 22 91
168900 24 32
168900 33 84
168900 79 88
168900 85 91
169200 24 31
169200 31 48
169200 81 88
169500 19 62
169500 22 64
169500 77 82
169800 9 73
169800 28 84
169800 28 76
169800 76 84
170100 3 5
170100 9 29
170100 11 48
170100 11 24
170100 24 48
170100 57 88
170100 74 86
170400 2 15
170400 9 73
170400 20 40
170400 40 75
170400 44 70
170700 21 76
170700 21 69
170700 22 85
171000 3 8
171000 14 85
171000 19 79
171000 24 48
171000 45 65
171300 15 33
171600 1 16
171600 2 6
171600 2 10
171600 6 40
171600 6 27
171600 6 10
171600 10 16
171600 10 40
171600 12 77
171600 12 44
171600 16 33
171600 17 18
171600 24 48
171600 27 40
171600 27 46
171600 27 65
171600 27 57
171600 39 65
171600 46 56
171600 46 57
171900 7 84
171900 35 86
171900 35 50
171900 37 80
171900 37 50
171900 38 86
171900 50 75
171900 50 80
172200 17 34
172500 29 53
172500 50 74
172500 52 86
172800 18 22
172800 22 85
172800 28 66
172800 80 85
173100 9 62
173100 16 84
173100 24 48
173400 20 31
173400 24 31
173400 24 48
173400 31 48
173400 71 83
173700 28 70
174000 44 51
174000 88 89
174300 29 63
174600 9 62
174600 9 73
174600 17 18
174600 50 74
174600 53 69
174600 55 79
174900 28 70
175200 62 73
175500 18 47
175500 18 37
175500 58 65
175800 7 58
175800 21 69
175800 36 50
176100 5 72
176100 5 37
176100 5 22
176100 18 72
176100 22 37
176100 22 72
176100 22 26
176100 26 72
176100 26 37
176100 26 71
176100 28 73
176100 37 72
176400 39 72
176700 5 80
176700 5 18
176700 18 80
177000 24 48
177000 66 69
177300 28 70
177300 38 39
177600 35 75
177600 39 58
177600 65 84
177600 79 88
177900 31 71
177900 44 51
177900 53 63
178200 1 59
178200 1 88
178200 1 84
178200 11 24
178200 12 88
178200 15 88
178200 23 69
178200 24 55
178500 0 45
178500 3 5
178500 9 29
178500 9 30
178500 9 70
178500 9 28
178800 9 62
179100 1 88
179100 9 73
179100 23 30
179100 29 63
179100 37 77
179100 62 73
179400 24 32
179700 28 84
180000 24 48
180000 57 76
180300 7 16
180300 7 58
180600 37 58
180600 44 51
180900 17 18
180900 45 65
180900 49 52
180900 52 86
181200 17 18
181200 29 53
181200 36 79
181500 7 16
181500 7 25
181500 16 25
181800 9 29
181800 11 48
181800 27 81
181800 57 88
182100 12 16
182100 27 81
182100 39 57
182100 50 86
182400 50 74
182700 22 64
182700 24 48
182700 44 51
182700 52 87
182700 77 82
183000 17 18
183000 42 43
183000 45 58
183300 25 86
183300 30 53
183300 53 77
183600 35 75
183600 35 52
183600 52 75
183900 29 53
183900 37 77
184200 17 18
184200 22 58
184200 22 32
184200 32 58
184500 35 55
184500 50 74
184800 28 84
185100 52 79
185400 27 60
185400 29 63
185700 1 16
185700 7 88
185700 9 62
185700 35 79
185700 35 52
185700 35 36
185700 36 79
185700 76 88
186000 1 78
186000 7 78
186000 21 76
186000 24 48
186000 77 82
186300 24 48
186300 26 31
186300 35 75
186300 37 91
186600 7 84
186600 8 26
186600 21 84
186600 31 71
186900 29 53
187200 79 86
187500 0 14
187500 7 78
187500 9 62
187500 21 84
187500 21 56
187500 29 53
187500 52 87
187800 49 84
188100 9 66
188100 9 62
188100 30 66
188100 50 74
188100 58 72
188400 9 62
188400 29 73
188400 29 63
188700 50 84
189000 12 56
189000 56 58
189300 17 68
189600 22 64
189600 24 48
189600 77 82
189900 5 39
189900 8 84
189900 9 31
189900 24 48
189900 29 53
189900 46 84
190200 9 28
190200 12 84
190200 55 87
190500 23 30
190500 29 53
190500 29 30
190500 35 52
190500 37 84
190500 43 45
190500 44 51
190800 9 62
190800 17 18
190800 50 86
190800 79 87
191100 9 73
191100 29 69
191100 29 53
191100 37 58
191100 50 74
191100 53 69
191400 17 84
191400 24 28
191400 29 53
191700 21 56
191700 36 50
192000 5 72
192000 5 37
192000 22 26
192000 22 37
192000 22 72
192000 26 37
192000 26 72
192000 29 53
192000 37 72
192000 53 63
192300 17 18
192300 18 68
192300 24 48
192300 32 58
192600 23 30
192600 29 53
192600 52 86
192600 57 60
192600 74 86
192900 6 58
192900 6 7
192900 7 58
192900 8 14
192900 9 62
192900 14 37
192900 35 75
193200 5 44
193200 11 44
193200 28 69
193200 29 70
193200 44 51
193500 0 48
193500 4 50
193500 9 73
193500 9 62
193500 15 67
193500 52 75
193500 53 66
193800 52 79
194100 19 59
194100 19 76
194100 21 61
194100 24 45
194100 25 47
194100 27 57
194100 28 69
194100 44 51
194100 53 66
194400 5 18
194400 35 50
194400 42 50
194400 50 86
194700 22 85
194700 29 53
194700 32 38
195000 3 14
195000 14 37
195000 16 84
195000 50 75
195300 11 84
195300 14 71
195300 37 58
195300 50 86
195600 15 33
195600 22 85
195600 28 66
195600 44 51
195600 53 63
195900 22 50
196200 22 64
196200 27 57
196200 44 51
196200 77 82
196500 52 86
196500 63 70
196800 9 60
196800 15 33
196800 35 75
197100 8 26
197100 29 53
197100 50 74
197100 53 69
197400 53 70
197700 7 76
197700 12 16
197700 14 37
197700 27 81
197700 35 75
198000 8 26
198000 53 63
198300 9 73
198600 11 16
198600 35 51
198600 35 84
198600 40 57
198600 44 51
198600 44 45
198600 45 51
198600 53 70
198600 56 88
198600 57 88
198900 25 84
198900 64 77
198900 75 79
199200 9 28
199200 9 69
199200 9 63
199200 17 68
199200 28 73
199200 28 70
199200 28 30
199200 28 69
199200 30 62
199200 35 75
199200 53 62
199200 53 70
199200 61 62
199500 9 63
199500 37 77
199800 8 82
199800 9 19
199800 9 62
199800 22 39
199800 22 64
199800 37 58
199800 38 44
200100 5 85
200100 76 78
200400 29 63
200700 12 60
200700 19 75
200700 35 75
200700 35 50
200700 50 75
200700 50 52
200700 52 75
201000 37 58
201000 50 86
201300 24 48
201600 11 44
201600 24 48
201900 17 68
201900 28 45
201900 44 45
202200 56 84
202500 2 15
202500 23 30
202800 21 46
202800 24 48
202800 26 31
202800 75 79
203100 5 14
203100 37 58
203400 4 52
203400 8 26
203400 28 29
203400 29 70
203400 37 77
203400 38 39
203700 12 44
203700 12 72
203700 12 58
203700 17 34
203700 35 50
203700 43 58
203700 44 58
203700 44 56
203700 50 75
203700 53 70
203700 56 58
203700 56 65
204000 15 33
204000 49 50
204300 26 32
204600 3 14
204600 4 86
204600 7 12
204600 9 28
204900 2 88
204900 7 88
204900 40 88
204900 40 84
204900 84 88
205200 9 62
205200 36 55
205200 36 79
205200 55 79
205500 7 58
205500 29 53
205500 35 48
205500 55 79
205800 0 14
205800 5 22
205800 5 37
205800 16 45
205800 22 37
205800 22 26
205800 22 34
205800 26 37
205800 26 72
205800 34 37
205800 37 72
205800 40 84
205800 40 78
205800 60 81
205800 60 88
205800 81 88
206100 29 53
206400 12 88
206400 17 18
206400 55 74
206700 22 80
206700 28 69
206700 53 70
207000 16 84
207000 28 69
207000 32 38
207000 35 50
207000 37 82
207000 37 77
207000 45 65
207300 3 14
207300 21 84
207300 28 73
207300 29 70
207300 45 65
207600 29 53
207900 17 68
207900 42 50
208200 3 5
208200 3 22
208200 5 18
208200 11 24
208200 18 22
208200 22 64
208200 55 79
208500 16 61
208500 23 53
208500 28 69
208500 30 53
208800 25 49
208800 55 79
209100 3 14
209100 9 62
209100 9 28
209100 9 44
209100 34 44
209100 44 45
209400 7 59
209400 8 90
209400 24 48
209400 79 86
209700 0 14
209700 7 16
209700 8 90
209700 8 60
209700 9 69
209700 17 68
209700 17 18
210000 28 66
210300 3 5
210300 29 63
210300 29 73
210300 50 88
210600 0 24
210600 0 48
210600 9 62
210600 15 67
210600 23 30
210900 7 12
210900 33 84
210900 72 85
210900 79 88
211200 21 56
211200 24 48
211500 14 24
211800 24 48
211800 24 45
211800 29 63
211800 29 70
211800 39 45
211800 42 50
211800 42 65
211800 45 72
211800 45 48
212100 1 16
212100 1 59
212100 15 16
212100 16 59
212100 49 55
212100 55 79
212400 9 62
212400 9 17
212400 24 48
212400 76 88
212700 5 11
212700 5 72
212700 9 62
213000 0 24
213000 4 86
213000 9 63
213000 9 69
213000 24 48
213000 61 62
213300 28 69
213600 14 47
213600 32 38
213900 28 69
213900 46 89
214200 2 10
214200 10 16
214200 10 33
214200 11 84
214200 12 44
214200 24 31
214200 39 51
214200 51 58
214200 58 65
214500 14 58
214500 25 79
214800 24 45
214800 29 53
214800 37 58
214800 44 51
215100 22 64
215100 35 79
215100 77 82
215400 2 88
215400 7 58
215700 22 64
216000 7 88
216000 17 51
216000 29 53
216000 29 63
216000 39 51
216300 22 64
216600 21 69
216600 21 61
216600 24 45
216600 30 66
216600 69 73
216900 0 24
216900 42 79
216900 42 44
216900 56 84
217200 8 26
217200 26 32
217200 38 90
217200 38 85
217200 58 90
217200 58 85
217200 85 90
217500 24 48
217500 31 32
217800 24 69
217800 28 69
218100 14 39
218100 14 58
218400 9 73
218400 11 23
218400 17 18
218400 22 85
218700 35 75
219000 15 33
219000 60 81
219000 76 88
219300 9 62
219300 29 53
219300 50 74
219300 58 72
219600 9 73
219600 9 62
219600 50 74
219900 9 29
219900 14 48
219900 53 66
220200 15 33
220200 25 86
220500 2 60
220500 28 53
220500 39 58
220500 58 65
220800 22 64
220800 42 52
221100 4 55
221400 0 14
221400 16 59
221400 53 69
221700 4 86
221700 7 12
221700 9 28
221700 9 63
221700 37 58
221700 52 87
222000 45 65
222300 9 23
222300 9 62
222600 2 10
222600 2 6
222600 6 10
222900 7 78
222900 16 25
222900 27 60
223200 8 30
223200 8 90
223200 9 73
223200 15 67
223200 52 75
223200 53 73
223500 14 47
223500 45 72
223800 35 52
223800 44 77
223800 56 84
224100 24 58
224100 28 84
224100 28 62
224400 7 78
224400 29 53
224700 17 68
224700 28 69
224700 29 53
224700 37 82
224700 44 51
225000 9 29
225000 29 62
225000 29 63
225000 62 73
225000 63 66
225300 35 75
225300 35 52
225600 29 53
225900 37 58
225900 53 66
225900 53 61
225900 53 70
225900 62 73
226200 28 62
226200 29 53
226200 45 85
226200 45 65
226500 1 88
226500 9 62
226500 9 69
226500 9 66
226500 27 88
226500 28 69
226500 29 30
226500 30 66
226800 13 88
226800 21 88
226800 29 53
226800 29 69
226800 45 83
226800 50 74
226800 55 79
227100 7 27
227100 27 57
227100 57 60
227400 19 62
227400 21 56
227400 22 64
227400 77 82
227700 8 83
227700 29 53
227700 44 51
228000 28 73
228000 62 73
228000 67 84
228000 67 76
228300 6 40
228300 7 16
228600 2 28
228600 5 22
228600 23 61
228900 14 58
228900 21 61
229200 7 12
229200 23 29
229500 50 74
229500 53 69
229800 0 48
229800 0 14
229800 9 62
229800 18 68
229800 28 29
230100 15 33
230400 9 63
230400 9 73
230700 8 26
230700 14 44
231000 6 40
231000 9 62
231000 35 49
231000 55 74
231300 3 51
231300 3 23
231300 23 49
231300 28 69
231300 42 51
231300 52 75
231300 80 90
231600 29 53
231900 1 76
231900 27 76
231900 35 79
231900 44 51
231900 77 82
232200 23 30
232200 49 74
232200 49 55
232200 55 74
232200 69 73
232500 9 62
232500 9 19
232500 22 64
232500 24 48
232500 38 44
232800 0 14
232800 14 37
232800 17 18
232800 28 30
232800 64 77
233100 29 53
233400 15 33
233400 22 85
233400 22 32
233400 28 66
233400 53 63
233400 58 72
233700 32 85
233700 50 86
234000 35 75
234000 55 86
234300 1 7
234300 7 40
234300 33 59
234600 4 79
234600 16 84
234900 7 58
234900 24 48
234900 29 53
234900 49 52
235200 22 77
235200 22 64
235500 7 25
235500 9 66
235500 22 64
235800 67 84
236100 28 84
236100 39 51
236400 29 53
236400 50 86
236700 9 62
237000 20 35
237000 29 61
237000 39 45
237000 42 79
237000 52 84
237000 56 84
237000 84 87
237300 58 65
237600 67 84
237900 11 44
237900 63 70
238200 9 30
238200 29 53
238200 30 62
238200 37 77
238200 49 52
238200 52 84
238500 45 65
238500 50 86
238500 55 74
238800 63 70
239100 17 18
239100 29 63
239400 22 38
239400 25 28
239400 25 53
239400 28 53
239400 53 69
239700 9 62
239700 53 63
240000 29 53
240000 35 49
240000 37 84
240000 58 84
240300 23 29
240300 55 74
240600 4 87
240600 9 62
240600 22 85
240600 29 53
240600 36 50
240600 84 89
240900 8 26
240900 9 28
240900 9 62
240900 22 64
240900 28 73
241200 9 62
241200 39 51
241500 37 58
241500 44 52
241800 17 18
241800 32 38
242100 9 28
242100 9 63
242400 9 62
242400 29 69
242400 50 74
242400 53 69
242400 55 79
242700 0 14
242700 8 54
242700 8 32
242700 8 26
242700 22 91
242700 25 39
242700 39 51
243000 24 48
243000 28 69
243300 0 24
243300 0 14
243300 14 24
243300 14 48
243300 22 77
243300 24 48
243300 45 48
243600 14 22
243600 14 39
243600 21 84
243600 30 90
243600 59 78
243900 29 63
244200 17 18
244500 7 12
244500 29 53
244800 6 40
244800 12 44
244800 18 68
244800 28 30
244800 64 77
245100 5 39
245100 35 87
245100 35 86
245100 35 52
245400 22 64
245400 28 73
245700 3 65
245700 9 73
245700 17 51
245700 51 68
246000 1 33
246000 11 72
246000 14 37
246000 64 77
246300 2 15
246300 9 73
246300 17 18
246300 35 75
246600 3 80
246600 28 53
246600 49 55
246900 1 76
246900 19 76
246900 22 64
246900 35 79
246900 77 82
247200 29 53
247200 37 58
247200 62 69
247500 9 66
247500 9 62
247500 9 73
247500 11 84
247500 62 73
247800 21 46
247800 21 26
247800 24 48
247800 26 31
247800 49 79
247800 75 79
248100 24 48
248100 31 91
248100 66 69
248400 7 25
248400 9 72
248400 22 64
248400 35 52
248700 17 18
248700 29 61
248700 44 51
249000 4 86
249000 52 86
249300 9 23
249300 9 73
249300 14 24
249600 1 84
249600 1 59
249600 6 84
249600 9 73
249600 20 84
249600 28 69
249600 67 84
249600 84 88
249900 14 24
249900 76 78
250200 15 60
250200 21 60
250200 85 90
250500 2 15
250500 17 18
250500 35 75
250500 79 87
250800 5 74
250800 5 37
250800 9 62
250800 9 73
250800 24 48
250800 24 77
250800 24 74
251100 17 68
251100 45 58
251100 63 70
251100 64 77
251400 14 22
251700 9 73
252000 28 29
252000 29 53
252000 35 52
252300 45 72
252600 9 62
252600 15 33
252600 44 52
252600 62 73
252900 15 33
253200 7 12
253200 29 53
253200 45 83
253200 50 74
253500 29 53
253800 23 69
253800 23 30
253800 29 53
253800 30 63
253800 30 53
254100 28 69
254100 29 53
254100 37 82
254100 44 51
254400 39 58
254400 79 84
254400 79 88
254700 9 73
254700 9 62
254700 17 18
254700 50 74
254700 53 69
255000 1 78
255000 3 5
255000 29 63
255300 31 71
255600 12 64
255600 12 45
255600 12 58
255600 17 18
255600 18 68
255600 34 58
255600 64 77
255900 44 51
255900 55 79
256200 1 59
256200 6 88
256200 32 38
256500 5 34
256500 5 37
256500 7 27
256500 23 30
256500 30 34
256800 3 18
256800 7 58
256800 15 33
257100 15 33
257100 23 30
257100 53 63
257400 7 58
257400 19 76
257400 21 69
257400 28 73
257400 59 76
257700 23 29
257700 29 63
257700 31 71
257700 52 79
258000 9 28
258000 9 63
258000 9 69
258000 28 69
258000 28 70
258300 39 58
258300 44 58
258300 49 58
258300 49 79
258300 49 88
258300 79 88
258300 79 84
258600 0 45
258600 4 86
258600 29 91
258600 29 53
258600 53 63
258900 9 62
259200 3 72
259200 3 83
259200 14 44
259200 44 51
259500 21 69
259500 58 85
259800 21 69
259800 29 63
260100 24 48
260100 35 52
260100 39 45
260100 57 62
260400 9 73
260400 29 63
260700 0 48
260700 9 73
260700 15 67
260700 52 75
261000 0 45
261000 29 53
261000 37 58
261000 37 47
261300 11 26
261300 35 75
261600 8 26
261600 53 63
261900 22 64
261900 40 88
261900 44 51
261900 67 78
262200 14 37
262200 37 58
262200 44 51
262500 28 84
262500 35 75
262500 39 51
262500 55 75
262800 22 38
262800 29 53
262800 29 30
262800 29 66
262800 30 53
263100 21 84
263100 30 66
263100 55 86
263400 1 6
263400 1 33
263400 1 40
263400 1 10
263400 1 16
263400 2 10
263400 5 39
263400 6 40
263400 6 10
263400 10 40
263400 10 38
263400 10 16
263400 12 44
263400 12 77
263400 16 33
263400 24 48
263400 33 40
263400 38 45
263400 38 85
263400 45 85
263700 5 37
263700 35 75
263700 35 49
263700 46 57
264000 12 42
264300 15 33
264300 23 61
264600 3 14
264600 19 24
264600 24 48
264600 53 70
264900 5 18
264900 12 77
264900 12 64
264900 24 48
264900 64 77
265200 29 63
265200 50 86
265500 3 24
265500 15 33
265500 28 29
265500 44 51
265500 53 63
265800 3 58
265800 29 63
265800 37 58
265800 50 75
266100 35 75
266100 76 84
266400 14 50
266400 22 64
266400 30 66
266400 44 86
266700 1 16
266700 35 84
266700 35 52
267000 0 48
267000 9 63
267000 32 71
267300 11 26
267300 35 75
267600 0 45
267600 7 78
267600 7 21
267600 14 24
267900 11 23
267900 23 69
267900 45 58
268200 24 48
268200 29 30
268200 30 63
268200 47 58
268500 0 24
268500 17 18
268500 79 87
268500 84 87
268800 9 62
268800 35 75
269100 35 75
269100 45 58
269400 7 78
269400 20 35
269400 29 73
269400 35 52
269400 56 87
269400 56 84
269400 63 70
269400 84 87
269700 8 26
269700 9 62
269700 9 73
269700 69 73
270000 9 62
270000 38 58
270000 38 45
270000 59 78
270000 76 78
270300 8 26
270300 26 80
270300 31 58
270300 39 85
270300 80 91
270600 19 78
270600 21 63
270600 29 53
270900 21 56
270900 24 48
271200 14 58
271200 14 37
271200 22 91
271200 23 30
271200 38 80
271200 85 91
271500 29 53
271800 16 76
271800 32 38
272100 9 73
272100 9 19
272100 33 88
272100 50 75
272400 20 35
272400 39 45
272400 42 79
272700 1 84
272700 5 18
272700 6 84
272700 7 84
272700 20 84
272700 28 30
272700 29 53
272700 32 38
272700 33 84
272700 67 84
272700 81 84
272700 84 88
273000 1 88
273000 5 51
273000 7 81
273000 7 88
273000 29 53
273000 39 51
273000 49 67
273000 55 86
273300 5 72
273300 9 62
273300 49 86
273600 9 73
273900 29 53
274200 28 62
274200 28 29
274200 29 53
274500 9 62
274500 27 88
274500 28 69
274500 29 53
274800 11 24
274800 23 30
274800 50 86
274800 84 88
275100 2 15
275100 7 16
275100 7 12
275100 12 16
275400 7 27
275400 7 57
275400 27 77
275400 27 58
275400 58 77
275700 0 14
275700 9 62
275700 29 53
275700 37 58
276000 30 53
276000 58 72
276300 1 84
276300 5 18
276300 15 88
276300 15 40
276300 15 84
276300 18 32
276300 22 32
276300 23 69
276300 28 30
276300 29 53
276300 59 88
276300 59 84
276300 62 75
276300 81 84
276300 84 88
276600 55 79
276600 75 79
276900 6 40
276900 15 33
276900 38 45
276900 44 52
277200 21 28
277200 29 53
277200 67 78
277500 11 24
277500 19 59
277500 19 76
277500 37 72
277500 59 76
277500 70 73
277800 24 28
277800 29 53
277800 55 74
277800 76 81
278100 11 38
278100 23 30
278100 29 53
278100 62 73
278100 84 88
278400 22 64
278400 35 79
278400 77 82
0 28 69
0 30 53
0 53 70
300 8 26
300 9 28
300 9 62
300 22 64
300 28 73
600 9 63
600 9 28
900 2 6
900 5 51
900 5 39
900 6 10
900 7 16
900 9 62
900 14 82
1200 8 26
1200 42 43
1200 53 63
1500 11 69
1500 11 23
1500 23 69
1500 53 63
1800 0 14
1800 7 16
1800 8 60
1800 15 67
2100 1 2
2100 2 10
2100 5 39
2100 6 10
2100 21 56
2100 45 58
2400 23 30
2400 29 53
2400 29 30
2400 35 52
2400 37 84
2400 43 45
2400 44 51
2700 7 58
3000 79 86
3300 3 37
3300 8 26
3300 22 37
3300 23 30
3300 29 63
3300 37 90
3600 22 38
3600 25 28
3600 25 53
3600 28 53
3600 53 69
3900 7 16
3900 9 29
3900 22 32
3900 52 55
3900 55 74
4200 29 63
4500 14 24
4800 4 87
4800 9 62
4800 22 85
4800 29 53
4800 36 50
4800 84 89
5100 1 59
5100 1 88
5100 1 84
5100 11 24
5100 12 88
5100 15 88
5100 23 69
5100 24 55
5400 0 51
5400 17 18
5400 26 65
5400 29 53
5400 45 72
5700 3 14
5700 19 24
5700 24 48
5700 53 70
6000 17 68
6000 45 58
6000 63 70
6000 64 77
6300 9 63
6300 9 73
6600 11 38
6600 23 30
6600 29 53
6600 62 73
6600 84 88
6900 12 58
6900 39 58
6900 79 88
7200 0 24
7200 32 91
7200 57 60
7500 53 70
7800 9 73
7800 9 62
8100 23 53
8100 28 69
8100 35 52
8100 46 50
8100 50 86
8100 53 70
8400 29 53
8700 8 26
8700 49 74
9000 9 63
9000 9 73
9000 9 28
9000 9 69
9000 24 48
9000 28 70
9000 37 65
9000 53 70
9000 61 62
9300 3 14
9300 14 37
9300 16 84
9300 50 75
9600 8 26
9600 22 71
9600 38 85
9600 38 90
9600 39 65
9600 58 85
9600 72 90
9900 1 78
9900 9 19
9900 19 42
9900 19 50
9900 33 88
9900 58 72
9900 62 73
10200 55 79
10500 8 37
10500 37 82
10500 37 58
10500 58 82
10800 28 69
10800 29 70
10800 44 51
11100 6 40
11100 9 30
11100 9 29
11100 28 29
11100 28 53
11100 29 53
11400 9 62
11400 29 69
11400 50 74
11400 53 69
11400 55 79
11700 4 79
11700 9 29
11700 27 81
12000 9 62
12000 22 85
12000 29 53
12000 29 30
12000 50 86
12300 11 44
12300 24 63
12300 37 82
12300 86 91
12600 9 66
12600 9 62
12600 30 66
12600 50 74
12600 58 72
12900 5 14
12900 6 88
12900 14 24
12900 28 30
13200 14 18
13200 25 58
13200 29 53
13200 35 75
13200 50 75
13200 53 63
13200 56 60
13500 9 62
13500 53 63
13800 9 28
13800 12 84
13800 55 87
14100 12 88
14100 17 18
14100 55 74
14400 5 85
14400 76 78
14700 0 45
14700 7 78
14700 7 21
14700 14 24
15000 24 48
15000 29 30
15000 30 63
15000 47 58
15300 11 23
15300 21 30
15300 23 69
15300 37 58
15300 74 86
15600 8 26
15600 22 91
15600 24 48
15600 29 91
15600 39 58
15600 42 43
15900 55 79
15900 75 79
16200 7 27
16200 27 57
16200 57 60
16500 9 62
16500 16 84
16500 24 48
16800 21 84
16800 24 48
16800 35 75
16800 55 79
17100 29 53
17100 37 58
17100 50 86
17100 51 65
17400 9 66
17400 9 62
17400 9 73
17400 11 84
17400 62 73
17700 5 18
18000 12 44
18300 56 84
18600 14 44
18600 14 22
18900 4 50
18900 5 24
18900 7 57
18900 8 26
18900 9 62
18900 13 50
18900 14 90
18900 14 37
18900 32 80
18900 37 90
19200 12 44
19200 12 72
19200 12 58
19200 17 34
19200 35 50
19200 43 58
19200 44 58
19200 44 56
19200 50 75
19200 53 70
19200 56 58
19200 56 65
19500 5 39
19500 14 58
19500 40 88
19500 49 55
19800 8 58
19800 14 58
19800 19 27
19800 27 50
19800 27 84
19800 27 35
19800 27 52
19800 27 75
19800 35 75
19800 35 38
19800 45 58
19800 58 72
20100 1 59
20100 29 53
20100 75 79
20400 53 69
20400 61 69
20700 36 50
21000 7 58
21000 29 53
21000 35 48
21000 55 79
21300 24 48
21300 52 75
21300 69 70
21600 29 63
21900 9 29
21900 11 48
21900 27 81
21900 57 88
22200 29 53
22500 7 78
22500 29 53
22800 1 16
22800 8 26
23100 0 24
23100 21 42
23100 22 38
23100 24 45
23100 25 28
23100 27 57
23100 67 76
23400 9 62
23400 16 76
23400 17 68
23400 21 61
23400 24 37
23400 35 75
23400 42 75
23400 45 90
23400 55 79
23400 59 76
23700 62 73
23700 71 83
24000 52 79
24300 37 58
24300 44 52
24600 8 39
24600 8 85
24600 9 62
24600 38 45
24900 16 76
24900 32 38
25200 50 86
25500 17 18
25500 35 75
25500 39 90
25800 0 48
25800 4 50
25800 9 73
25800 9 62
25800 15 67
25800 52 75
25800 53 66
26100 2 15
26100 9 73
26100 9 30
26100 29 63
26100 61 63
26400 35 75
26400 62 73
26700 19 62
26700 21 56
26700 22 64
26700 77 82
27000 12 88
27000 22 85
27000 55 74
27300 7 84
27300 8 26
27300 21 84
27300 31 71
27600 9 63
27900 39 72
28200 22 64
28200 28 57
28200 37 58
28500 6 40
28500 7 16
28800 0 48
28800 0 14
28800 9 62
28800 18 68
28800 28 29
29100 9 29
29100 29 62
29100 29 63
29100 62 73
29100 63 66
29400 2 28
29400 5 22
29400 22 85
29700 1 16
29700 1 59
29700 15 16
29700 16 59
29700 49 55
29700 55 79
30000 29 53
30000 37 77
30300 9 30
30300 29 53
30300 30 62
30300 37 77
30300 49 52
30300 52 84
30600 24 48
30600 31 32
30900 5 75
31200 18 22
31200 22 85
31200 28 66
31200 80 85
31500 39 58
31500 79 84
31500 79 88
31800 7 58
31800 19 76
31800 21 69
31800 28 73
31800 59 76
32100 5 80
32100 5 18
32100 18 80
32400 28 69
32400 37 82
32700 0 14
32700 14 37
32700 17 18
32700 28 30
32700 64 77
33000 5 14
33000 9 62
33000 37 58
33000 44 45
33300 17 18
33300 21 56
33300 21 59
33300 24 48
33300 32 58
33600 8 16
33600 28 69
33900 22 64
33900 35 52
33900 44 51
33900 46 89
34200 9 62
34200 9 45
34200 12 57
34200 13 50
34200 14 85
34200 14 24
34200 27 75
34200 45 61
34200 45 83
34200 50 74
34500 29 53
34500 37 58
34800 9 73
35100 29 53
35100 53 70
35100 59 76
35400 14 24
35400 14 58
35400 24 58
35700 21 27
35700 21 59
35700 34 45
35700 54 71
36000 14 72
36000 30 73
36000 30 69
36000 53 69
36300 21 69
36300 29 53
36300 75 79
36600 8 26
36600 9 62
36600 9 73
36600 69 73
36900 11 84
36900 14 71
36900 37 58
36900 50 86
37200 9 28
37200 9 63
37200 9 69
37200 28 69
37200 28 70
37500 18 90
37500 23 30
37500 35 75
37500 46 84
37500 50 86
37500 50 60
37500 57 88
37500 62 73
37800 29 53
38100 6 58
38100 6 7
38100 7 58
38100 8 14
38100 9 62
38100 14 37
38100 35 75
38400 24 31
38400 31 48
38400 81 88
38700 0 48
38700 9 77
38700 9 62
38700 28 73
38700 44 51
39000 53 70
39300 2 33
39300 24 87
39300 58 62
39600 7 58
39600 15 33
39600 44 52
39900 2 10
39900 6 10
39900 6 12
39900 11 58
39900 16 53
39900 16 70
39900 39 65
39900 44 51
39900 51 58
39900 51 65
39900 53 70
39900 58 65
39900 67 84
39900 79 84
39900 84 86
40200 5 18
40200 11 24
40200 79 84
40500 29 53
40800 9 73
40800 29 63
41100 9 73
41400 22 64
41700 4 36
41700 14 24
41700 27 56
41700 27 60
41700 28 53
41700 29 70
41700 29 53
41700 45 65
41700 65 72
42000 22 72
42000 28 69
42300 5 51
42300 5 35
42300 14 39
42300 17 51
42300 27 65
42300 27 72
42300 27 35
42300 27 75
42300 35 37
42300 35 45
42300 35 75
42300 45 58
42300 45 72
42300 51 68
42300 58 72
42600 0 24
42600 17 18
42600 79 87
42600 84 87
42900 49 74
43200 14 32
43500 4 74
43500 24 48
43500 35 75
43800 25 84
43800 64 77
43800 75 79
44100 2 10
44100 2 40
44100 6 10
44100 21 88
44100 44 51
44100 57 88
44400 2 15
44400 9 73
44400 20 40
44400 40 75
44400 44 70
44700 7 25
44700 28 69
45000 64 77
45300 23 49
45300 25 49
45300 28 69
45300 37 77
45300 52 75
45300 53 61
45600 14 24
45600 18 47
45900 28 29
45900 29 53
45900 35 52
46200 7 25
46200 22 64
46200 49 84
46200 50 84
46200 50 52
46200 52 84
46500 11 48
46500 12 49
46500 49 67
46500 58 65
46500 60 89
46800 12 43
47100 0 14
47100 14 37
47100 17 18
47100 37 82
47400 35 55
47400 50 74
47700 5 37
47700 5 18
47700 14 77
47700 18 37
47700 64 77
48000 29 53
48000 30 62
48000 49 52
48300 0 45
48300 29 53
48300 37 58
48300 37 47
48600 2 10
48600 2 6
48600 3 14
48600 6 10
48600 11 14
48600 14 34
48600 27 46
48600 44 51
48900 29 53
49200 25 49
49200 55 79
49500 23 69
49500 23 30
49500 29 53
49500 30 63
49500 30 53
49800 16 61
49800 23 53
49800 28 69
49800 30 53
50100 52 79
50400 29 53
50700 17 18
50700 42 43
50700 45 58
51000 29 70
51000 44 72
51000 53 70
51300 3 37
51300 9 30
51300 32 88
51600 9 73
51600 14 24
51600 59 76
51900 7 27
51900 8 17
51900 8 51
51900 8 39
51900 8 14
51900 14 51
51900 14 90
51900 19 51
51900 39 51
51900 51 90
52200 11 44
52200 63 70
52500 2 60
52500 28 53
52500 39 58
52500 58 65
52800 1 33
52800 1 2
52800 1 6
52800 2 6
52800 6 84
52800 6 33
52800 10 84
52800 12 44
52800 33 44
52800 39 51
52800 51 58
52800 51 65
52800 56 84
52800 58 65
52800 67 84
53100 9 62
53100 29 53
53100 50 74
53100 58 72
53400 20 35
53400 29 61
53400 39 45
53400 42 79
53400 52 84
53400 56 84
53400 84 87
53700 29 63
53700 50 86
54000 17 84
54000 24 28
54000 29 53
54300 7 78
54300 7 59
54300 20 52
54300 20 35
54300 25 35
54300 28 40
54300 28 73
54300 35 52
54300 35 84
54300 35 87
54300 40 84
54300 42 79
54300 52 84
54300 56 87
54300 56 84
54600 5 18
54600 7 88
54600 16 88
54600 28 73
54600 29 53
54600 39 51
54600 49 86
54600 49 55
54600 55 86
54900 17 18
55200 23 30
55200 29 53
55200 52 86
55200 57 60
55200 74 86
55500 1 16
55500 35 84
55500 35 52
55800 24 32
56100 3 22
56100 28 66
56100 28 69
56400 0 24
56700 0 48
56700 4 86
56700 9 63
56700 21 84
56700 52 87
57000 19 86
57300 32 38
57600 7 88
57900 28 69
58200 11 44
58200 24 48
58500 6 40
58800 28 69
59100 28 53
59100 44 51
59400 1 33
59400 11 72
59400 14 37
59400 64 77
59700 8 30
59700 8 90
59700 9 73
59700 15 67
59700 52 75
59700 53 73
60000 11 44
60000 19 28
60000 25 86
60000 35 75
60000 35 52
60000 45 65
60000 52 75
60300 23 69
60600 24 48
60600 26 31
60600 35 75
60600 37 91
60900 7 12
60900 22 32
61200 21 76
61500 15 33
61500 25 55
61500 56 60
61800 1 16
61800 7 88
61800 9 62
61800 35 79
61800 35 52
61800 35 36
61800 36 79
61800 76 88
62100 22 64
62100 35 79
62100 77 82
62400 5 85
62400 5 80
62400 21 84
62400 28 69
62700 5 18
62700 7 88
62700 8 26
62700 53 63
63000 42 43
63000 42 72
63000 42 58
63000 58 72
63300 14 24
63300 29 63
63300 35 75
63300 59 76
63600 9 28
63600 9 63
63900 28 62
63900 28 29
63900 29 53
64200 28 43
64200 39 51
64500 51 54
64500 63 89
64800 28 29
64800 29 70
65100 5 11
65100 5 72
65100 9 62
65400 15 33
65400 50 86
65400 60 81
65400 76 88
65700 14 24
65700 76 78
66000 8 26
66000 44 51
66300 30 53
66300 58 72
66600 37 58
66600 50 86
66900 9 62
66900 23 53
66900 23 73
66900 28 53
66900 28 73
66900 29 53
66900 39 51
67200 37 58
67500 2 15
67500 2 3
67500 2 48
67500 15 48
67500 24 48
67500 24 49
67500 35 75
67500 48 49
67800 7 46
67800 17 34
67800 17 18
67800 17 46
67800 32 85
67800 32 38
67800 35 75
67800 64 77
68100 28 84
68400 9 73
68400 16 88
68400 21 69
68400 22 64
68400 53 70
68700 11 44
69000 24 48
69300 0 24
69300 17 68
69600 8 26
69600 26 80
69600 31 58
69600 39 85
69600 80 91
69900 14 58
69900 14 37
69900 22 91
69900 23 30
69900 38 80
69900 85 91
70200 9 62
70200 18 34
70200 21 66
70200 29 69
70200 45 83
70200 50 74
70200 55 79
70200 57 60
70500 9 62
70500 50 86
70800 21 69
70800 24 45
71100 11 86
71100 12 86
71100 76 78
71400 9 62
71700 52 86
71700 63 70
72000 7 25
72000 19 79
72000 21 79
72000 21 61
72000 24 48
72000 24 45
72000 28 69
72000 61 66
72000 79 87
72300 7 27
72300 27 60
72300 27 57
72300 28 61
72300 29 53
72300 49 74
72300 57 60
72600 3 5
72600 9 62
72600 9 29
72600 11 24
72600 11 48
72600 18 37
72600 24 48
72900 9 62
72900 29 53
73200 1 27
73200 1 7
73200 6 27
73200 6 7
73200 27 33
73200 29 63
73200 37 58
73200 44 65
73500 21 84
73500 30 66
73500 55 86
73800 4 86
73800 7 12
73800 9 28
73800 9 63
73800 37 58
73800 52 87
74100 37 84
74100 49 86
74100 50 74
74100 58 84
74400 19 73
74400 29 63
74400 56 84
74700 1 59
74700 6 88
74700 32 38
75000 7 86
75300 29 53
75600 14 58
75600 21 61
75900 24 48
75900 52 84
75900 53 63
76200 0 24
76200 4 84
76200 35 52
76200 55 79
76500 1 78
76500 29 70
76500 45 65
76800 5 18
76800 35 50
76800 42 50
76800 50 86
77100 11 48
77100 49 84
77100 50 74
77100 75 88
77100 79 88
77400 15 33
77400 23 61
77700 2 15
77700 3 14
77700 7 50
77700 9 62
77700 9 73
78000 22 64
78000 27 57
78000 44 51
78000 77 82
78300 16 25
78300 52 87
78600 24 58
78600 28 84
78600 28 62
78900 0 24
78900 5 34
78900 23 29
78900 29 30
79200 9 63
79200 28 70
79200 35 75
79500 24 48
79500 26 71
79500 29 53
79500 35 75
79800 5 14
79800 29 70
79800 44 51
80100 7 58
80100 7 25
80100 21 69
80100 25 58
80100 27 76
80100 28 66
80100 75 79
80100 76 78
80400 7 58
80400 9 73
80400 24 35
80400 29 53
80400 35 48
80400 42 55
80400 49 52
80700 44 51
80700 55 79
81000 11 24
81000 49 55
81300 19 62
81300 22 64
81300 77 82
81600 11 23
81600 23 69
81600 53 63
81900 14 72
81900 14 34
81900 14 85
81900 24 48
81900 27 75
81900 27 35
81900 35 75
82200 15 33
82200 22 85
82200 22 32
82200 28 66
82200 53 63
82200 58 72
82500 0 24
82500 50 86
82500 56 84
82800 9 62
82800 15 33
82800 44 52
82800 62 73
83100 7 25
83100 16 25
83100 30 66
83100 50 86
83400 4 52
83400 8 26
83400 28 29
83400 29 70
83400 37 77
83400 38 39
83700 28 84
83700 39 51
84000 44 51
84000 57 62
84300 8 82
84300 9 19
84300 9 62
84300 22 39
84300 22 64
84300 37 58
84300 38 44
84600 42 51
84600 46 60
84600 53 70
84900 1 76
84900 19 76
84900 22 64
84900 35 79
84900 77 82
85200 0 48
85200 8 90
85200 8 16
85200 29 53
85200 29 30
85200 62 73
85500 3 24
85500 14 45
85500 24 29
85500 24 53
85500 24 28
85500 29 53
85500 44 51
85800 7 88
85800 22 64
85800 59 67
85800 61 66
86100 1 7
86100 7 40
86100 33 59
86400 17 68
86400 28 69
86400 29 53
86400 37 82
86400 44 51
86700 3 14
86700 7 88
86700 9 63
86700 9 28
87000 4 41
87000 27 57
87000 28 69
87300 24 48
87600 12 44
87600 12 58
87600 12 77
87600 24 48
87600 58 65
87900 24 48
87900 28 69
88200 9 62
88200 77 82
88500 11 44
88500 44 53
88500 53 70
88800 11 24
89100 29 53
89100 50 74
89100 52 86
89400 22 38
89700 5 54
89700 7 59
89700 9 62
89700 62 69
90000 21 76
90000 21 69
90000 22 85
90300 9 62
90300 38 58
90300 38 45
90300 59 78
90300 76 78
90600 24 48
90900 8 90
90900 8 58
90900 45 58
90900 70 73
91200 16 84
91200 28 73
91200 44 51
91500 22 85
91500 76 78
91800 21 46
91800 21 26
91800 24 48
91800 26 31
91800 49 79
91800 75 79
92100 9 73
92100 29 63
92400 9 73
92700 35 52
93000 2 15
93000 2 33
93000 9 73
93000 9 62
93000 15 72
93000 29 63
93000 50 75
93000 58 86
93000 58 78
93000 58 59
93000 59 78
93000 72 86
93000 72 78
93000 72 75
93000 75 86
93300 14 47
93300 45 72
93600 17 68
93900 14 39
93900 14 58
94200 12 56
94200 56 58
94500 9 73
94500 28 53
94500 50 74
94800 7 78
94800 8 26
94800 14 24
94800 14 64
94800 17 68
94800 29 53
95100 5 18
95100 29 90
95100 44 51
95100 45 64
95100 81 88
95400 0 24
95400 0 14
95400 14 24
95400 14 48
95400 22 77
95400 24 48
95400 45 48
95700 17 18
96000 13 88
96000 21 88
96000 29 53
96000 29 69
96000 45 83
96000 50 74
96000 55 79
96300 1 88
96300 1 59
96300 22 32
96600 9 62
96900 11 84
96900 12 84
96900 16 33
96900 29 53
96900 42 43
96900 49 84
96900 49 58
96900 49 64
96900 58 84
96900 64 77
96900 79 88
97200 24 48
97200 29 53
97200 35 75
97500 45 58
97500 45 72
97500 63 70
97800 9 62
97800 35 75
98100 21 28
98100 29 53
98100 67 78
98400 21 59
98700 4 79
98700 37 58
98700 75 79
99000 11 24
99000 11 51
99000 17 68
99000 22 64
99000 27 51
99000 27 68
99300 23 30
99300 24 48
99600 29 63
99900 9 62
99900 9 53
99900 12 58
99900 12 44
99900 12 77
99900 39 65
99900 39 58
99900 44 65
99900 53 70
99900 58 65
100200 29 63
100200 37 77
100200 55 86
100500 20 31
100500 24 31
100500 24 48
100500 31 48
100500 71 83
100800 15 33
101100 59 76
101400 21 69
101400 58 85
101700 35 75
101700 76 84
102000 22 32
102300 24 28
102300 29 53
102300 55 74
102300 76 81
102600 5 74
102600 5 37
102600 9 62
102600 9 73
102600 24 48
102600 24 77
102600 24 74
102900 21 84
103200 9 19
103200 9 62
103200 9 73
103200 19 73
103200 45 65
103200 62 73
103500 50 74
103500 53 69
103800 21 69
103800 29 63
104100 7 25
104100 7 16
104100 30 66
104100 61 69
104400 1 12
104400 5 45
104400 9 73
104400 9 62
104700 3 72
104700 22 38
104700 22 32
105000 2 15
105000 5 11
105000 14 19
105000 17 18
105000 19 79
105000 42 79
105300 15 60
105300 21 60
105300 85 90
105600 9 73
105600 28 84
105600 28 76
105600 76 84
105900 7 12
105900 29 53
105900 45 83
105900 50 74
106200 14 72
106200 28 53
106500 44 86
106500 58 65
106800 7 78
106800 28 69
106800 28 66
106800 42 51
106800 46 60
107100 9 62
107100 29 53
107400 21 84
107400 23 29
107400 51 65
107700 6 40
107700 9 73
107700 9 61
107700 50 86
108000 14 24
108000 22 77
108300 28 69
108300 29 53
108300 44 51
108600 37 58
108600 44 51
108900 29 70
109200 9 23
109200 9 73
109200 14 24
109500 29 53
109800 28 69
109800 46 89
110100 53 63
110400 1 7
110400 1 27
110400 7 27
110400 14 37
110400 29 53
110700 9 29
110700 14 48
110700 53 66
111000 9 62
111000 11 44
111300 7 16
111300 7 58
111600 28 29
111600 49 86
111900 6 40
111900 24 45
111900 49 86
111900 57 60
112200 9 73
112200 49 73
112200 50 86
112200 57 60
112500 26 32
112500 57 60
112800 8 26
112800 29 53
112800 50 74
112800 53 69
113100 28 70
113400 12 58
113400 58 72
113400 59 78
113400 65 72
113700 6 12
113700 6 26
113700 9 62
113700 9 26
113700 12 46
113700 14 24
114000 45 83
114000 55 79
114000 58 72
114000 58 85
114000 80 85
114300 29 53
114600 44 51
114600 88 89
114900 0 65
114900 14 65
114900 39 45
115200 5 47
115200 9 28
115200 9 63
115200 9 69
115200 9 73
115200 9 62
115200 24 48
115200 28 73
115500 34 84
115500 58 72
115500 80 85
115800 8 79
115800 14 24
115800 21 69
115800 29 53
115800 45 58
116100 7 58
116100 24 35
116100 29 53
116100 49 52
116100 55 79
116400 24 48
116400 37 58
116700 7 16
116700 7 84
116700 7 25
116700 16 84
116700 16 25
116700 25 84
116700 50 84
117000 0 24
117300 44 51
117300 58 65
117600 3 85
117600 22 85
117900 0 24
117900 45 58
117900 50 86
117900 55 74
118200 9 62
118200 22 32
118200 76 78
118500 9 62
118500 17 18
118500 50 86
118500 79 87
118800 7 84
118800 16 84
118800 25 84
118800 64 77
119100 7 58
119100 21 69
119100 36 50
119400 0 24
119400 19 42
119400 19 50
119400 20 35
119400 22 32
119400 55 79
119400 84 87
119700 35 75
120000 40 56
120300 15 33
120300 22 85
120300 28 66
120300 44 51
120300 53 63
120600 17 68
120600 29 53
120600 35 49
120600 57 60
120900 7 88
120900 9 62
120900 29 53
121200 9 73
121200 24 28
121200 29 53
121500 0 14
121800 20 35
121800 39 45
121800 42 79
122100 8 26
122100 29 53
122100 36 79
122100 36 55
122100 55 79
122400 15 33
122400 23 30
122400 53 63
122700 9 62
122700 9 19
122700 12 58
122700 14 37
122700 19 44
122700 21 61
122700 22 64
122700 29 53
122700 44 45
122700 44 58
122700 44 60
122700 53 63
123000 9 66
123000 16 59
123000 50 59
123000 59 76
123300 3 68
123300 9 62
123300 28 69
123300 37 77
123300 52 75
123300 62 73
123600 29 53
123600 35 75
123600 42 50
123900 7 76
123900 12 16
123900 14 37
123900 27 81
123900 35 75
124200 9 73
124200 9 62
124200 50 74
124500 8 26
124500 53 63
124800 22 64
124800 24 48
124800 77 82
125100 4 49
125100 29 53
125100 57 88
125400 7 16
125400 7 25
125400 16 25
125400 17 18
125400 30 66
125700 12 16
125700 27 81
125700 39 57
125700 50 86
126000 24 45
126000 29 53
126000 37 58
126000 44 51
126300 5 11
126300 18 37
126300 29 53
126600 9 62
126600 36 55
126600 36 79
126600 55 79
126900 0 45
126900 3 5
126900 9 29
126900 9 30
126900 9 70
126900 9 28
127200 5 37
127200 5 13
127200 5 74
127200 9 62
127200 74 81
127500 55 79
127800 28 69
127800 29 53
127800 37 82
127800 44 51
128100 29 63
128400 34 86
128700 3 43
128700 29 53
129000 9 28
129000 9 69
129000 9 63
129000 17 68
129000 28 73
129000 28 70
129000 28 30
129000 28 69
129000 30 62
129000 35 75
129000 53 62
129000 53 70
129000 61 62
129300 14 24
129300 21 69
129300 29 53
129300 85 91
129600 7 21
129600 7 78
129600 17 68
129600 21 78
129600 29 53
129600 36 50
129900 58 59
129900 59 76
129900 59 78
129900 60 81
129900 76 88
130200 21 84
130200 22 85
130500 5 11
130500 8 85
130500 9 62
130500 12 29
130500 22 51
130500 29 53
130500 38 45
130500 40 41
130500 50 75
130500 61 90
130800 7 27
131100 3 51
131100 3 23
131100 23 49
131100 28 69
131100 42 51
131100 52 75
131100 80 90
131400 14 22
131400 14 39
131400 21 84
131400 30 90
131400 59 78
131700 17 68
131700 42 50
132000 11 23
132300 31 71
132300 44 51
132300 53 63
132600 14 58
132600 53 66
132900 17 18
133200 28 53
133500 7 76
133800 24 58
134100 21 56
134100 22 64
134100 24 48
134100 35 79
134100 77 82
134400 29 53
134400 59 76
134700 1 88
134700 5 51
134700 7 81
134700 7 88
134700 29 53
134700 39 51
134700 49 67
134700 55 86
135000 27 60
135000 29 63
135000 37 58
135000 50 75
135300 5 39
135300 35 87
135300 35 86
135300 35 52
135600 5 39
135600 8 84
135600 9 31
135600 24 48
135600 29 53
135600 46 84
135900 24 48
135900 57 76
136200 14 47
136200 32 38
136500 8 26
136500 23 30
136500 23 53
136500 29 53
136500 30 53
136500 39 58
136800 4 86
136800 9 73
136800 9 62
136800 24 48
137100 7 84
137100 35 86
137100 35 50
137100 37 80
137100 37 50
137100 38 86
137100 50 75
137100 50 80
137400 0 48
137400 8 90
137400 16 84
137400 29 53
137700 17 68
137700 36 50
138000 28 69
138300 17 18
138300 29 53
138300 36 79
138600 25 88
138600 29 53
138600 38 51
138600 45 58
138600 51 72
138900 22 77
138900 22 64
139200 0 45
139200 4 86
139200 29 91
139200 29 53
139200 53 63
139500 2 88
139500 7 88
139500 40 88
139500 40 84
139500 84 88
139800 49 55
140100 49 55
140100 49 86
140100 50 86
140100 52 55
140400 0 14
140400 7 78
140400 9 62
140400 21 84
140400 21 56
140400 29 53
140400 52 87
140700 0 65
140700 0 14
140700 22 64
140700 24 48
140700 44 51
141000 49 84
141300 5 22
141300 23 61
141600 0 48
141600 9 63
141600 32 71
141900 9 73
141900 9 62
141900 17 18
141900 50 74
141900 53 69
142200 19 73
142200 52 75
142500 22 64
142500 24 48
142800 23 30
142800 42 76
142800 49 55
143100 35 75
143100 50 86
143400 14 50
143400 22 64
143400 30 66
143400 44 86
143700 5 18
143700 12 77
143700 12 44
143700 12 64
143700 24 48
143700 39 65
143700 44 65
144000 5 44
144000 11 44
144000 28 69
144000 29 70
144000 44 51
144300 28 84
144300 35 75
144300 39 51
144300 55 75
144600 5 72
144600 5 37
144600 22 26
144600 22 37
144600 22 72
144600 26 37
144600 26 72
144600 29 53
144600 37 72
144600 53 63
144900 9 62
144900 29 73
144900 29 63
145200 28 70
145500 5 72
145500 9 62
145500 49 86
145800 7 78
145800 20 35
145800 29 73
145800 35 52
145800 56 87
145800 56 84
145800 63 70
145800 84 87
146100 9 73
146100 29 69
146100 29 53
146100 37 58
146100 50 74
146100 53 69
146400 0 14
146400 12 88
146400 31 51
146400 51 71
146700 3 44
146700 22 64
146700 44 51
146700 45 58
147000 29 63
147300 11 77
147300 12 27
147300 17 34
147300 22 48
147300 27 81
147300 27 48
147300 27 77
147300 48 64
147300 64 77
147600 21 69
147600 29 63
147900 15 60
148200 1 15
148200 29 63
148200 55 79
148200 56 87
148200 75 79
148500 67 84
148800 20 40
148800 29 53
149100 5 24
149100 7 16
149100 8 26
149100 14 90
149100 18 37
149400 5 24
149400 5 65
149400 9 66
149400 9 13
149400 24 32
149400 57 60
149700 28 66
150000 24 48
150000 46 84
150000 74 79
150300 14 24
150600 0 14
150900 15 33
151200 7 27
151200 7 57
151200 27 77
151200 27 58
151200 58 77
151500 17 18
151500 29 63
151800 29 53
152100 9 51
152100 9 39
152100 39 51
152400 11 44
152400 25 75
152700 0 48
152700 9 62
152700 15 67
152700 16 59
152700 24 48
152700 28 30
152700 28 69
152700 44 51
152700 52 75
152700 62 73
153000 28 84
153000 39 51
153300 8 26
153300 50 74
153600 29 53
153600 46 89
153600 69 70
153900 4 50
153900 15 67
153900 28 69
153900 30 66
153900 44 51
153900 52 75
153900 55 86
154200 9 23
154200 9 62
154500 8 83
154500 29 53
154500 44 51
154800 17 18
154800 22 58
154800 22 32
154800 32 58
155100 0 14
155100 0 3
155100 3 14
155100 7 78
155400 0 14
155400 3 14
155400 8 90
155400 9 69
155400 16 84
155400 30 53
155400 65 82
155700 23 30
155700 45 72
155700 45 65
155700 49 74
155700 50 86
155700 52 84
155700 65 72
156000 35 75
156000 35 52
156300 9 66
156300 14 24
156300 24 58
156300 28 84
156600 8 26
156600 44 51
156900 9 62
156900 39 51
157200 25 87
157500 9 69
157500 9 66
157500 9 62
157500 12 57
157500 27 75
157500 50 74
157500 62 69
157500 80 85
157800 17 34
158100 28 70
158100 39 72
158100 72 90
158400 29 53
158400 37 58
158700 29 53
158700 35 49
158700 37 84
158700 58 84
159000 28 70
159300 42 84
159300 52 84
159300 53 63
159600 9 30
159600 9 28
159600 9 53
159600 17 18
159600 28 30
159600 28 73
159600 29 53
159600 44 51
159600 50 75
159900 29 53
160200 52 79
160500 22 64
160500 45 85
160500 45 65
160500 65 85
160800 3 11
160800 28 76
160800 57 76
161100 7 12
161100 33 84
161100 72 85
161100 79 88
161400 15 33
161400 60 81
161400 76 88
161700 11 23
162000 22 64
162000 24 48
162000 44 51
162000 77 82
162300 28 69
162300 65 91
162600 24 48
162600 35 52
162600 39 45
162600 57 62
162900 22 64
162900 40 88
162900 44 51
162900 67 78
163200 0 14
163200 9 62
163200 29 53
163200 37 58
163500 3 58
163800 21 46
163800 24 48
163800 26 31
163800 75 79
164100 17 18
164100 45 65
164400 58 65
164400 76 78
164400 76 81
164400 78 81
164700 29 53
164700 50 86
165000 11 24
165000 24 48
165300 8 26
165300 21 61
165300 22 64
165600 29 53
165600 29 63
165900 17 18
165900 32 38
166200 2 39
166200 5 48
166200 12 48
166200 12 14
166200 12 20
166200 14 20
166200 14 58
166200 14 78
166200 20 58
166200 20 78
166200 24 87
166200 29 39
166200 31 58
166200 58 78
166500 23 29
166800 12 59
166800 20 84
166800 37 58
166800 59 76
167100 9 62
167100 29 53
167100 57 88
167400 0 14
167400 9 62
167400 12 32
167400 17 51
167400 21 56
167400 24 45
167400 28 62
167400 56 60
167700 9 28
167700 9 63
167700 28 69
167700 37 77
168000 5 72
168000 29 69
168000 29 53
168000 50 74
168000 53 69
168000 55 79
168300 24 45
168300 25 47
168300 27 57
168300 53 70
168600 29 53
168900 1 88
168900 9 73
168900 23 30
168900 29 63
168900 37 77
168900 62 73
169200 9 28
169200 15 60
169200 16 76
169200 28 62
169200 35 50
169200 38 90
169200 39 65
169200 50 75
169200 85 90
169500 29 53
169500 69 70
169800 35 75
169800 45 65
169800 56 86
169800 56 84
169800 84 86
170100 58 65
170100 76 84
170400 4 48
170400 8 34
170400 8 90
170400 8 58
170400 11 24
170400 27 76
170400 27 81
170400 45 58
170700 5 84
170700 22 77
170700 24 48
171000 0 24
171000 9 66
171000 23 29
171300 29 53
171300 37 58
171300 62 69
171600 0 14
171600 16 59
171600 53 69
171900 2 15
171900 9 73
171900 17 18
171900 35 75
172200 35 52
172500 24 45
172500 29 53
172500 44 51
172800 7 76
172800 8 26
172800 15 33
172800 23 29
172800 29 53
172800 53 63
173100 9 53
173100 29 53
173100 37 58
173100 50 86
173100 53 73
173400 11 26
173400 35 75
173700 9 73
173700 29 53
173700 53 73
174000 9 63
174000 28 70
174000 28 53
174000 37 65
174000 53 70
174000 61 62
174300 29 53
174600 15 33
174600 46 76
174600 60 81
174900 3 5
174900 29 63
175200 52 79
175500 45 65
175500 50 86
175500 55 74
175800 1 40
175800 2 12
175800 7 40
175800 12 72
175800 58 72
176100 22 80
176100 28 69
176100 53 70
176400 17 68
176400 28 45
176400 44 45
176700 53 66
177000 3 72
177000 22 32
177000 52 79
177000 62 73
177000 79 86
177300 7 88
177300 17 51
177300 29 53
177300 29 63
177300 39 51
177600 3 5
177600 29 63
177900 31 71
178200 29 63
178200 50 84
178200 58 65
178200 59 76
178200 76 81
178500 3 24
178500 15 33
178500 28 29
178500 44 51
178500 53 63
178800 9 73
178800 50 86
179100 9 62
179100 9 73
179100 17 18
179100 50 74
179100 53 69
179100 55 79
179400 7 88
179400 9 62
179400 52 75
179700 3 5
179700 29 63
179700 29 73
179700 50 88
180000 2 15
180000 7 16
180000 7 12
180000 12 16
180300 24 45
180300 55 79
180300 69 73
180600 5 18
180600 12 77
180600 12 64
180600 24 48
180600 64 77
180900 11 24
180900 23 30
180900 50 86
180900 84 88
181200 3 68
181200 29 63
181500 8 26
181500 28 70
181800 11 23
181800 23 69
181800 45 58
182100 12 44
182100 17 56
182400 4 50
182400 4 52
182400 14 24
182400 21 69
182400 29 53
182700 17 18
182700 29 61
182700 44 51
183000 26 32
183300 14 58
183300 21 76
183600 14 48
183600 23 30
183600 24 48
183600 39 58
183600 45 58
183600 45 72
183600 58 72
183900 12 77
183900 12 84
183900 26 32
183900 77 84
184200 24 28
184200 29 53
184500 7 12
184500 29 53
184800 22 64
184800 28 73
185100 50 74
185400 3 14
185400 4 86
185400 7 12
185400 9 28
185700 14 37
185700 37 58
185700 44 51
186000 12 64
186000 12 45
186000 12 58
186000 17 18
186000 18 68
186000 34 58
186000 64 77
186300 19 59
186300 19 76
186300 21 61
186300 24 45
186300 25 47
186300 27 57
186300 28 69
186300 44 51
186300 53 66
186600 7 58
186600 12 15
186600 15 33
186900 11 26
186900 35 75
187200 53 62
187200 76 78
187500 29 53
187500 29 63
187500 45 65
187500 45 85
187500 58 65
187800 7 16
187800 7 25
187800 16 25
188100 7 84
188100 24 84
188100 27 84
188100 33 84
188100 51 58
188400 45 72
188700 14 65
188700 14 45
188700 22 64
188700 29 53
188700 39 58
188700 39 85
188700 46 89
188700 58 85
188700 58 65
189000 3 18
189000 7 58
189000 15 33
189300 15 67
189300 30 66
189300 37 58
189300 37 77
189300 52 75
189300 62 73
189300 64 82
189300 65 82
189600 5 72
189600 5 37
189600 5 22
189600 18 72
189600 22 37
189600 22 72
189600 22 26
189600 26 72
189600 26 37
189600 26 71
189600 28 73
189600 37 72
189900 22 85
190200 3 22
190200 11 24
190200 42 79
190200 52 79
190200 55 79
190500 67 84
190800 3 58
190800 29 63
190800 37 58
190800 50 75
191100 22 38
191100 29 53
191100 29 30
191100 29 66
191100 30 53
191400 3 44
191400 5 72
191400 7 58
191400 9 23
191700 27 73
191700 29 53
191700 37 84
191700 49 86
191700 49 50
192000 7 12
192000 23 29
192300 11 48
192300 22 32
192300 58 65
192600 37 58
192600 53 66
192600 53 61
192600 53 70
192600 62 73
192900 1 12
192900 9 73
192900 9 62
192900 51 71
193200 0 14
193200 18 45
193200 35 52
193500 0 14
193500 41 79
193500 53 69
193500 77 82
193800 12 44
193800 58 65
194100 17 18
194100 22 32
194100 79 87
194400 28 84
194700 8 85
194700 8 37
194700 9 62
194700 21 61
194700 59 76
195000 0 48
195000 9 69
195000 9 43
195000 9 73
195000 15 67
195000 23 69
195000 30 66
195000 44 51
195000 52 75
195000 62 73
195000 69 73
195300 19 50
195300 19 75
195300 27 60
195300 35 50
195300 35 75
195300 50 75
195600 0 14
195600 7 16
195600 8 90
195600 8 60
195600 9 69
195600 17 68
195600 17 18
195900 9 62
195900 15 33
195900 35 75
195900 52 55
195900 60 81
196200 24 48
196200 46 84
196200 79 86
196500 1 76
196500 37 58
196800 9 62
196800 14 24
196800 19 58
196800 21 69
196800 25 79
196800 39 51
196800 51 65
196800 58 72
196800 65 72
196800 66 70
197100 14 58
197100 21 40
197100 47 58
197400 3 80
197400 28 53
197400 49 55
197700 22 85
197700 29 53
197700 32 38
198000 14 24
198000 50 55
198300 21 69
198300 21 61
198300 24 45
198300 30 66
198300 69 73
198600 29 53
198600 52 86
198900 3 5
198900 9 29
198900 11 48
198900 11 24
198900 24 48
198900 57 88
198900 74 86
199200 2 10
199200 2 6
199200 6 10
199500 5 18
199500 5 11
199500 62 73
199800 1 84
199800 5 18
199800 15 88
199800 15 40
199800 15 84
199800 18 32
199800 22 32
199800 23 69
199800 28 30
199800 29 53
199800 59 88
199800 59 84
199800 62 75
199800 81 84
199800 84 88
200100 14 48
200100 14 24
200100 24 48
200100 53 63
200400 3 8
200400 14 85
200400 19 79
200400 24 48
200400 45 65
200700 7 12
200700 22 91
200700 24 32
200700 33 84
200700 79 88
200700 85 91
201000 15 27
201000 23 30
201000 29 71
201000 37 58
201300 7 46
201300 17 18
201300 17 68
201300 45 58
201600 11 58
201600 27 64
201600 28 53
201600 53 70
201600 85 90
201900 45 65
202200 69 70
202500 15 33
202800 5 14
203100 2 28
203100 5 22
203100 23 61
203400 7 25
203400 16 25
203400 30 66
203700 50 86
204000 21 56
204000 24 48
204300 32 85
204300 50 86
204600 11 16
204600 35 51
204600 35 84
204600 40 57
204600 44 51
204600 44 45
204600 45 51
204600 53 70
204600 56 88
204600 57 88
204900 6 88
204900 18 37
204900 22 85
204900 23 69
204900 28 62
205200 9 30
205200 12 76
205200 21 56
205200 22 64
205200 38 45
205200 56 76
205500 28 69
205500 46 60
205500 49 86
205500 49 55
205500 55 86
205800 7 84
205800 44 65
205800 58 65
206100 3 14
206100 3 44
206100 9 73
206100 9 19
206100 9 62
206100 11 44
206100 19 73
206100 29 63
206100 62 73
206100 62 66
206400 0 48
206400 8 90
206400 9 80
206400 9 30
206400 15 67
206400 24 48
206400 30 53
206400 53 73
206400 53 62
206700 1 84
206700 1 59
206700 6 84
206700 9 73
206700 20 84
206700 28 69
206700 67 84
206700 84 88
207000 29 70
207300 9 62
207600 0 24
207600 42 79
207600 42 44
207600 56 84
207900 5 34
207900 29 63
208200 7 25
208200 9 66
208200 22 64
208500 7 33
208500 58 72
208500 64 77
208800 12 78
208800 58 65
208800 84 89
209100 9 73
209100 45 70
209100 52 84
209100 53 70
209400 37 84
209700 15 33
210000 24 48
210000 42 43
210000 44 45
210000 48 49
210000 53 70
210000 79 88
210300 5 85
210300 5 72
210300 55 86
210300 72 80
210300 80 85
210600 17 68
210600 22 85
210600 26 37
210600 28 70
210600 37 72
210600 55 86
210900 23 29
210900 29 63
210900 31 71
210900 52 79
211200 1 76
211200 27 76
211200 35 79
211200 44 51
211200 77 82
211500 7 78
211500 16 25
211500 27 60
211800 24 48
211800 66 69
212100 38 58
212100 59 78
212100 76 78
212400 40 88
212400 55 74
212700 14 58
212700 22 38
213000 19 78
213000 21 63
213000 29 53
213300 22 85
213300 46 89
213600 4 86
213600 23 29
213600 29 53
213900 25 86
213900 29 53
213900 50 86
214200 63 70
214500 6 40
214500 9 62
214500 35 49
214500 55 74
214800 50 84
215100 17 34
215100 28 70
215400 29 53
215700 7 12
215700 38 69
216000 29 53
216300 1 6
216300 1 33
216300 1 40
216300 1 10
216300 1 16
216300 2 10
216300 5 39
216300 6 40
216300 6 10
216300 10 40
216300 10 38
216300 10 16
216300 12 44
216300 12 77
216300 16 33
216300 24 48
216300 33 40
216300 38 45
216300 38 85
216300 45 85
216600 3 19
216600 3 14
216600 9 14
216600 19 42
216600 29 63
216900 30 57
216900 51 90
216900 52 75
216900 56 59
216900 58 65
216900 59 78
217200 29 63
217200 50 86
217500 12 59
217500 50 86
217500 75 84
217800 8 26
218100 9 46
218100 55 84
218400 9 62
218400 18 90
218400 23 30
218400 50 60
218400 50 57
218400 57 88
218700 18 37
218700 23 30
218700 38 91
219000 9 73
219000 9 19
219000 33 88
219000 50 75
219300 23 30
219300 49 74
219300 49 55
219300 55 74
219300 69 73
219600 12 42
219900 15 33
219900 49 50
220200 3 5
220200 3 22
220200 5 18
220200 11 24
220200 18 22
220200 22 64
220200 55 79
220500 21 56
220500 24 48
220800 14 58
220800 25 79
221100 2 71
221100 14 58
221100 14 39
221100 14 24
221100 37 82
221100 39 58
221100 53 70
221100 58 82
221400 3 83
221400 50 74
221700 25 36
221700 53 63
222000 22 64
222300 12 58
222300 43 58
222300 44 45
222300 79 88
222600 18 37
222600 53 70
222900 22 85
222900 61 69
223200 17 18
223500 22 50
223800 0 24
223800 20 84
223800 35 52
223800 35 84
223800 55 79
223800 56 87
223800 56 84
224100 1 84
224100 5 18
224100 6 84
224100 7 84
224100 20 84
224100 28 30
224100 29 53
224100 32 38
224100 33 84
224100 67 84
224100 81 84
224100 84 88
224400 17 68
224400 18 34
224400 35 75
224400 35 36
224400 36 75
224700 0 14
224700 7 16
224700 8 60
224700 8 90
224700 9 62
224700 53 66
225000 29 53
225000 52 87
225300 12 60
225300 19 75
225300 35 75
225300 35 50
225300 50 75
225300 50 52
225300 52 75
225600 0 48
225600 8 90
225600 29 53
225900 9 63
225900 9 28
225900 61 62
226200 9 73
226200 35 50
226200 50 86
226200 50 84
226500 28 53
226500 44 51
226800 17 80
226800 21 84
226800 24 48
226800 35 75
226800 46 84
227100 22 64
227100 42 52
227400 50 86
227400 52 84
227400 52 75
227400 59 76
227400 75 84
227700 3 14
227700 21 84
227700 28 73
227700 29 70
227700 45 65
228000 29 53
228300 8 50
228300 9 62
228300 38 58
228300 38 45
228300 50 75
228600 62 73
228900 16 46
228900 35 84
228900 44 51
228900 57 88
229200 5 11
229200 14 48
229200 28 73
229200 29 53
229200 39 51
229200 61 71
229200 70 73
229500 2 84
229500 3 68
229500 9 62
229500 9 30
229500 24 48
229500 52 75
229500 62 73
229800 16 78
229800 28 73
229800 53 63
229800 70 73
229800 75 79
230100 22 64
230100 24 48
230100 44 51
230100 52 87
230100 77 82
230400 7 58
230400 24 48
230400 29 53
230400 49 52
230700 24 48
230700 31 91
230700 66 69
231000 3 18
231000 9 62
231000 18 65
231000 29 53
231300 8 26
231300 53 63
231600 24 48
231600 24 45
231600 29 63
231600 29 70
231600 39 45
231600 42 50
231600 42 65
231600 45 72
231600 45 48
231900 5 37
231900 24 48
231900 24 31
231900 31 48
232200 0 24
232200 4 86
232200 9 63
232200 9 69
232200 24 48
232200 61 62
232500 9 73
232500 11 23
232500 17 18
232500 22 85
232800 52 79
233100 0 48
233100 4 50
233100 9 62
233100 9 73
233100 15 67
233100 52 75
233400 25 87
233700 29 53
233700 57 88
234000 28 30
234300 18 47
234300 18 37
234300 58 65
234600 7 81
234600 14 45
234600 57 60
234900 14 37
234900 35 87
234900 35 52
234900 44 51
235200 7 16
235200 29 53
235200 49 52
235500 14 22
235800 8 26
235800 9 62
235800 21 84
236100 4 52
236100 9 73
236100 9 69
236100 9 62
236100 29 53
236100 52 55
236100 55 79
236100 67 76
236400 2 15
236400 23 30
236700 1 40
236700 1 6
236700 6 60
236700 27 84
236700 44 65
236700 58 65
237000 34 84
237000 35 75
237000 55 74
237000 67 84
237300 23 29
237300 55 74
237600 7 25
237600 9 72
237600 22 64
237600 35 52
237900 8 26
237900 9 62
237900 9 28
237900 28 73
237900 28 62
237900 50 52
237900 50 86
238200 24 44
238200 29 63
238500 28 70
238500 38 39
238800 9 60
238800 15 33
238800 35 75
239100 11 24
239100 19 59
239100 19 76
239100 37 72
239100 59 76
239100 70 73
239400 24 59
239400 29 53
239400 45 90
239400 53 63
239700 1 33
239700 1 7
239700 5 72
239700 24 45
239700 37 58
239700 58 65
240000 8 26
240000 42 59
240000 53 63
240300 35 75
240300 35 52
240300 52 75
240600 29 53
240600 37 58
240900 28 73
240900 62 73
240900 67 84
240900 67 76
241200 44 51
241200 77 82
241500 28 62
241500 29 53
241500 45 85
241500 45 65
241800 1 7
241800 9 73
241800 9 62
241800 14 51
241800 23 29
241800 28 29
241800 29 53
241800 49 55
242100 35 75
242100 45 58
242400 9 62
242400 38 58
242400 38 45
242400 45 58
242700 17 18
242700 22 32
242700 79 87
242700 84 87
243000 29 53
243000 51 65
243300 9 62
243600 17 68
243600 50 86
243900 29 53
243900 37 58
243900 44 51
243900 67 76
244200 1 78
244200 3 5
244200 29 63
244500 0 14
244500 8 54
244500 8 32
244500 8 26
244500 22 91
244500 25 39
244500 39 51
244800 22 32
244800 53 70
245100 1 7
245100 17 18
245100 55 79
245100 75 79
245400 9 62
245400 17 68
245400 18 68
245700 14 24
245700 28 84
245700 39 51
246000 21 61
246000 22 64
246000 57 88
246300 15 33
246600 4 79
246600 16 84
246900 42 86
246900 55 86
247200 11 44
247500 8 26
247500 14 44
247800 21 56
247800 36 50
248100 39 58
248100 44 58
248100 49 58
248100 49 79
248100 49 88
248100 79 88
248100 79 84
248400 34 84
248400 35 75
248400 35 50
248400 37 84
248400 50 86
248400 75 86
248700 8 26
248700 9 62
248700 52 84
249000 0 48
249000 9 73
249000 15 67
249000 52 75
249300 9 62
249300 12 16
249300 35 75
249300 57 60
249300 57 88
249300 58 90
249600 3 5
249600 29 73
249600 50 86
249900 7 50
250200 8 26
250200 26 32
250200 38 90
250200 38 85
250200 58 90
250200 58 85
250200 85 90
250500 6 40
250500 12 44
250500 18 68
250500 28 30
250500 64 77
250800 14 71
250800 44 51
250800 50 86
251100 9 69
251100 9 63
251100 24 48
251100 28 70
251100 53 70
251100 61 62
251400 7 56
251400 9 62
251700 3 14
251700 9 62
251700 9 28
251700 9 44
251700 34 44
251700 44 45
252000 26 52
252000 29 53
252300 16 84
252300 28 69
252300 32 38
252300 35 50
252300 37 82
252300 37 77
252300 45 65
252600 29 53
252600 39 51
252600 53 63
252600 53 69
252600 66 69
252900 1 16
252900 2 6
252900 2 10
252900 6 40
252900 6 27
252900 6 10
252900 10 16
252900 10 40
252900 12 77
252900 12 44
252900 16 33
252900 17 18
252900 24 48
252900 27 40
252900 27 46
252900 27 65
252900 27 57
252900 39 65
252900 46 56
252900 46 57
253200 0 14
253200 5 22
253200 5 37
253200 16 45
253200 22 37
253200 22 26
253200 22 34
253200 26 37
253200 26 72
253200 34 37
253200 37 72
253200 40 84
253200 40 78
253200 60 81
253200 60 88
253200 81 88
253500 2 88
253500 7 58
253800 4 50
253800 9 62
253800 23 30
253800 30 44
253800 35 52
253800 46 49
253800 49 86
253800 53 70
254100 35 52
254100 44 77
254100 56 84
254400 24 48
254400 26 31
254700 18 37
254700 29 53
254700 35 55
254700 39 72
254700 80 85
255000 3 72
255000 3 83
255000 14 44
255000 44 51
255300 5 21
255300 21 84
255600 15 33
255600 25 86
255900 3 45
256200 29 53
256500 5 14
256500 37 58
256800 7 78
256800 9 69
256800 9 29
256800 29 63
257100 4 86
257100 52 86
257400 22 64
257400 24 48
257400 77 82
257700 7 25
257700 35 84
257700 52 84
258000 3 65
258000 9 73
258000 17 51
258000 51 68
258300 29 69
258300 66 69
258600 9 62
258600 9 66
258600 14 48
258600 24 32
258600 50 75
258600 59 76
258900 32 80
258900 50 74
259200 5 22
259200 5 72
259200 5 37
259200 22 37
259200 22 72
259200 22 26
259200 26 37
259200 29 53
259200 37 72
259200 37 90
259500 9 63
259500 37 77
259800 21 69
259800 21 61
259800 61 69
260100 5 72
260100 49 55
260100 49 86
260100 55 86
260400 49 55
260400 50 86
260700 24 69
260700 28 69
261000 1 16
261000 2 15
261000 31 71
261000 33 40
261300 0 14
261300 53 70
261300 60 79
261600 7 76
261900 1 88
261900 9 62
261900 9 69
261900 9 66
261900 27 88
261900 28 69
261900 29 30
261900 30 66
262200 5 37
262200 5 34
262200 7 27
262200 7 88
262200 27 88
262200 34 37
262500 4 55
262800 3 53
262800 7 33
262800 11 56
262800 22 32
262800 22 45
262800 28 70
262800 44 51
262800 53 70
262800 53 61
263100 1 6
263100 1 59
263100 1 88
263100 7 81
263100 29 53
263400 2 28
263400 2 39
263400 11 34
263400 28 38
263400 61 86
263400 77 86
263700 7 59
263700 8 90
263700 24 48
263700 79 86
264000 0 24
264000 0 48
264000 9 62
264000 15 67
264000 23 30
264300 29 70
264300 29 69
264300 29 53
264300 53 63
264300 59 78
264300 85 91
264600 14 37
264600 17 68
264900 11 44
264900 11 30
264900 24 48
265200 6 40
265200 15 33
265200 38 45
265200 44 52
265500 17 18
265500 45 65
265500 49 52
265500 52 86
265800 28 70
266100 29 53
266400 35 75
266400 44 51
266700 9 62
266700 9 17
266700 24 48
266700 76 88
267000 14 58
267000 21 61
267300 2 15
267300 17 18
267300 35 75
267300 79 87
267600 35 75
267600 39 58
267600 65 84
267600 79 88
267900 11 23
267900 17 18
267900 23 69
267900 35 74
267900 62 73
268200 24 58
268200 32 80
268200 67 76
268500 1 65
268500 8 39
268500 8 85
268500 9 62
268500 14 45
268500 29 63
268500 38 45
268500 41 86
268500 50 75
268500 53 70
268500 75 79
268800 58 65
269100 3 85
269100 50 86
269400 8 26
269400 14 44
269400 52 79
269700 9 62
269700 9 19
269700 22 64
269700 24 48
269700 38 44
270000 29 63
270300 5 34
270300 5 37
270300 7 27
270300 23 30
270300 30 34
270600 9 62
270600 24 31
270600 24 48
270600 31 48
270900 9 62
270900 29 53
270900 37 58
270900 50 74
270900 57 88
271200 9 62
271500 14 85
271500 23 69
271500 23 31
271500 27 75
271500 31 69
271800 27 60
271800 29 63
272100 22 64
272100 35 79
272100 77 82
272400 28 69
272400 30 66
272400 52 75
272700 5 37
272700 35 75
272700 35 49
272700 46 57
273000 1 78
273000 7 78
273000 21 76
273000 24 48
273000 77 82
273300 7 76
273300 9 63
273600 3 80
273900 7 58
273900 21 84
273900 24 45
273900 56 60
274200 14 58
274200 21 61
274500 12 78
274800 7 16
274800 29 53
274800 45 58
275100 29 63
275400 35 75
275400 55 86
275700 9 62
275700 16 88
275700 23 53
275700 28 73
275700 29 73
275700 35 52
275700 53 73
276000 9 73
276000 63 70
276300 17 18
276300 18 68
276300 24 48
276300 32 58
276600 2 10
276600 10 16
276600 10 33
276600 11 84
276600 12 44
276600 24 31
276600 39 51
276600 51 58
276600 58 65
276900 17 68
276900 17 34
276900 34 68
276900 35 75
276900 36 75
276900 75 86
277200 9 62
277200 27 88
277200 28 69
277200 29 53
277500 11 57
277500 22 64
277500 29 30
277500 30 63
277500 47 58
277500 56 57
277800 0 24
277800 5 24
277800 39 58
277800 79 88
278100 30 66
278100 32 91
278100 34 72
278100 53 63
278400 25 86
278400 30 53
278400 53 77
